   2.7053610  -1.8110986   4.5164595
   2.7053557  -1.9367665   4.6421222
   2.7053551  -1.9806895   4.6860446
   2.7053577  -1.9001092   4.6054669
   2.7053593  -1.7962211   4.5015804
   2.7053586  -1.7482320   4.4535906
   2.7053591  -1.7559682   4.4613273
   2.7053570  -1.8305129   4.5358699
   2.7053546  -1.8974023   4.6027569
   2.7053565  -1.8698695   4.5752260
   2.7053578  -1.7998769   4.5052347
   2.7053580  -1.7499734   4.4553314
   2.7053580  -1.7483182   4.4536762
   2.7053567  -1.7846385   4.4899953
   2.7053561  -1.8106703   4.5160264
   2.7053564  -1.8053136   4.5106700
   2.7053551  -1.7690812   4.4744364
   2.7053614  -1.7099449   4.4153063
   2.7053566  -1.7656611   4.4710176
   2.7053563  -1.8132501   4.5186064
   2.7053585  -1.8133795   4.5187380
   2.7053582  -1.8229672   4.5283254
   2.7053572  -1.8373810   4.5427381
   2.7053578  -1.8215750   4.5269328
   2.7053595  -1.8093350   4.5146945
   2.7053574  -1.8522418   4.5575992
   2.7053568  -1.8987547   4.6041116
   2.7053556  -1.9172598   4.6226154
   2.7053558  -1.8732042   4.5785600
   2.7053581  -1.8044879   4.5098459
   2.7053560  -1.8023431   4.5076990
   2.7053551  -1.7989936   4.5043486
   2.7053593  -1.7750248   4.4803841
   2.7053550  -1.8351697   4.5405247
   2.7053552  -1.8614646   4.5668198
   2.7053578  -1.8335050   4.5388628
   2.7053571  -1.8405752   4.5459323
   2.7053547  -1.8542506   4.5596053
   2.7053575  -1.8103899   4.5157474
   2.7053567  -1.7706489   4.4760056
   2.7053596  -1.7464965   4.4518561
   2.7053569  -1.7991311   4.5044880
   2.7053551  -1.8484914   4.5538464
   2.7053562  -1.8237408   4.5290970
   2.7053587  -1.7626479   4.4680066
   2.7053572  -1.7554048   4.4607620
   2.7053568  -1.7704540   4.4758108
   2.7053578  -1.7866867   4.4920445
   2.7053551  -1.8208823   4.5262375
   2.7053549  -1.8016598   4.5070148
   2.7053577  -1.7302701   4.4356278
   2.7053584  -1.7105466   4.4159050
   2.7053567  -1.7634849   4.4688416
   2.7053575  -1.8175021   4.5228596
   2.7053556  -1.8632716   4.5686272
   2.7053557  -1.8441843   4.5495401
   2.7053588  -1.7701643   4.4755231
   2.7053590  -1.7527126   4.4580716
   2.7053548  -1.8061010   4.5114558
   2.7053550  -1.7945699   4.4999249
   2.7053608  -1.7484438   4.4538046
   2.7053556  -1.8251572   4.5305128
   2.7053538  -1.8823947   4.5877485
   2.7053589  -1.8463325   4.5516914
   2.7053572  -1.8468780   4.5522352
   2.7053564  -1.8504780   4.5558344
   2.7053569  -1.8238654   4.5292223
   2.7053575  -1.8051241   4.5104816
   2.7053580  -1.8284656   4.5338236
   2.7053565  -1.8980228   4.6033792
   2.7053561  -1.9561519   4.6615081
   2.7053543  -1.9928847   4.6982391
   2.7053541  -1.9451838   4.6505379
   2.7053600  -1.8092580   4.5146180
   2.7053566  -1.7586892   4.4640458
   2.7053573  -1.7287747   4.4341320
   2.7053566  -1.7025590   4.4079157
   2.7053552  -1.6682196   4.3735748
   2.7053586  -1.6148678   4.3202264
   2.7053562  -1.6362940   4.3416501
   2.7053556  -1.6719287   4.3772843
   2.7053575  -1.6922238   4.3975813
   2.7053579  -1.7585692   4.4639271
   2.7053553  -1.8477393   4.5530946
   2.7053580  -1.8837346   4.5890927
   2.7053566  -1.9155827   4.6209393
   2.7053569  -1.9100651   4.6154220
   2.7053581  -1.8650859   4.5704440
   2.7053578  -1.8255621   4.5309199
   2.7053596  -1.8135470   4.5189066
   2.7053565  -1.8739714   4.5793279
   2.7053540  -1.8994180   4.6047720
   2.7053574  -1.8050155   4.5103729
   2.7053620  -1.7230575   4.4284195
   2.7053573  -1.7844604   4.4898177
   2.7053564  -1.8707514   4.5761079
   2.7053548  -1.9015684   4.6069232
   2.7053589  -1.8460040   4.5513629
   2.7053576  -1.8316265   4.5369842
   2.7053553  -1.8457118   4.5510671
   2.7053551  -1.8068551   4.5122102
   2.7053598  -1.7608645   4.4662243
   2.7053580  -1.8296301   4.5349881
   2.7053552  -1.9676759   4.6730311
   2.7053557  -2.0410213   4.7463770
   2.7053590  -2.0302718   4.7356309
   2.7053578  -2.0311109   4.7364687
   2.7053589  -2.0234492   4.7288080
   2.7053582  -2.0099832   4.7153414
   2.7053571  -1.9721066   4.6774637
   2.7053580  -1.8871980   4.5925560
   2.7053605  -1.8070040   4.5123646
   2.7053565  -1.8004334   4.5057899
   2.7053572  -1.7761053   4.4814625
   2.7053580  -1.7268634   4.4322213
   2.7053606  -1.7001803   4.4055410
   2.7053557  -1.7631438   4.4684994
   2.7053558  -1.7763817   4.4817374
   2.7053581  -1.7270363   4.4323944
   2.7053594  -1.7070102   4.4123696
   2.7053581  -1.7488899   4.4542480
   2.7053576  -1.8163187   4.5216763
   2.7053567  -1.8624471   4.5678038
   2.7053575  -1.8580513   4.5634087
   2.7053579  -1.8174822   4.5228401
   2.7053581  -1.7691285   4.4744866
   2.7053601  -1.7500215   4.4553817
   2.7053569  -1.8051893   4.5105462
   2.7053547  -1.8352592   4.5406139
   2.7053571  -1.7696206   4.4749777
   2.7053585  -1.7040115   4.4093700
   2.7053572  -1.7133804   4.4187376
   2.7053563  -1.7480731   4.4534294
   2.7053570  -1.7754694   4.4808264
   2.7053580  -1.8178536   4.5232116
   2.7053565  -1.8956026   4.6009591
   2.7053557  -1.9558094   4.6611651
   2.7053555  -1.9533238   4.6586793
   2.7053562  -1.8860780   4.5914342
   2.7053596  -1.8028327   4.5081923
   2.7053581  -1.8094142   4.5147722
   2.7053569  -1.8829389   4.5882958
   2.7053569  -1.9469213   4.6522783
   2.7053576  -1.9669801   4.6723377
   2.7053576  -1.9485596   4.6539172
   2.7053575  -1.8960705   4.6014280
   2.7053607  -1.8265259   4.5318866
   2.7053585  -1.8438501   4.5492086
   2.7053571  -1.9018191   4.6071762
   2.7053576  -1.9137481   4.6191057
   2.7053577  -1.8841311   4.5894888
   2.7053584  -1.8252338   4.5305922
   2.7053605  -1.7832412   4.4886018
   2.7053584  -1.8306602   4.5360186
   2.7053570  -1.8902596   4.5956167
   2.7053599  -1.8926992   4.5980591
   2.7053585  -1.9253522   4.6307107
   2.7053555  -1.9572257   4.6625812
   2.7053583  -1.9258995   4.6312578
   2.7053563  -1.8996582   4.6050146
   2.7053564  -1.8589345   4.5642909
   2.7053566  -1.8066274   4.5119840
   2.7053583  -1.7698316   4.4751899
   2.7053569  -1.7921100   4.4974669
   2.7053559  -1.8235338   4.5288896
   2.7053578  -1.8160807   4.5214385
   2.7053578  -1.8304717   4.5358295
   2.7053551  -1.8549921   4.5603471
   2.7053567  -1.8272222   4.5325789
   2.7053571  -1.7916045   4.4969616
   2.7053584  -1.7664411   4.4717996
   2.7053568  -1.7850684   4.4904253
   2.7053583  -1.8243368   4.5296951
   2.7053547  -1.8866957   4.5920504
   2.7053569  -1.8756514   4.5810083
   2.7053576  -1.8337986   4.5391562
   2.7053567  -1.7842722   4.4896289
   2.7053605  -1.7277150   4.4330755
   2.7053584  -1.7689832   4.4743415
   2.7053553  -1.8417983   4.5471537
   2.7053574  -1.8474046   4.5527620
   2.7053574  -1.8371022   4.5424596
   2.7053574  -1.8273305   4.5326879
   2.7053572  -1.8086256   4.5139828
   2.7053575  -1.7678275   4.4731850
   2.7053591  -1.7166369   4.4219960
   2.7053580  -1.7066132   4.4119712
   2.7053570  -1.7145911   4.4199481
   2.7053557  -1.6955842   4.4009399
   2.7053594  -1.6485938   4.3539532
   2.7053587  -1.6747133   4.3800720
   2.7053559  -1.7556321   4.4609880
   2.7053556  -1.7936240   4.4989796
   2.7053575  -1.7705420   4.4758994
   2.7053569  -1.7623601   4.4677169
   2.7053576  -1.7774362   4.4827938
   2.7053553  -1.8105150   4.5158703
   2.7053596  -1.8264124   4.5317719
   2.7053554  -1.9028154   4.6081707
   2.7053548  -1.9387280   4.6440828
   2.7053580  -1.8769705   4.5823285
   2.7053592  -1.8234157   4.5287749
   2.7053565  -1.8195863   4.5249428
   2.7053560  -1.7818294   4.4871854
   2.7053585  -1.7013560   4.4067145
   2.7053590  -1.6592027   4.3645617
   2.7053572  -1.6860795   4.3914366
   2.7053554  -1.7076410   4.4129964
   2.7053578  -1.6781850   4.3835428
   2.7053578  -1.6727235   4.3780813
   2.7053586  -1.7043013   4.4096598
   2.7053573  -1.7807884   4.4861458
   2.7053560  -1.8363233   4.5416792
   2.7053585  -1.8395540   4.5449126
   2.7053559  -1.8493157   4.5546716
   2.7053545  -1.7877184   4.4930729
   2.7053589  -1.6299394   4.3352983
   2.7053609  -1.5463868   4.2517477
   2.7053577  -1.6107575   4.3161152
   2.7053573  -1.7325638   4.4379210
   2.7053559  -1.8624322   4.5677881
   2.7053517  -1.9199007   4.6252525
   2.7053573  -1.7883074   4.4936647
   2.7053603  -1.6638572   4.3692176
   2.7053567  -1.7056931   4.4110498
   2.7053532  -1.7612597   4.4666130
   2.7053602  -1.7317053   4.4370655
   2.7053574  -1.8050314   4.5103888
   2.7053536  -1.8997336   4.6050872
   2.7053550  -1.8582204   4.5635755
   2.7053586  -1.7278409   4.4331995
   2.7053623  -1.6825696   4.3879319
   2.7053542  -1.8043387   4.5096929
   2.7053557  -1.8629779   4.5683336
   2.7053570  -1.8488724   4.5542294
   2.7053550  -1.8088663   4.5142214
   2.7053571  -1.7246133   4.4299704
   2.7053591  -1.6752586   4.3806177
   2.7053578  -1.7234292   4.4287870
   2.7053566  -1.8151652   4.5205218
   2.7053572  -1.8956456   4.6010028
   2.7053567  -1.9507831   4.6561398
   2.7053571  -1.9630967   4.6684538
   2.7053568  -1.9332716   4.6386284
   2.7053585  -1.8809179   4.5862763
   2.7053572  -1.8497591   4.5551162
   2.7053584  -1.8280865   4.5334450
   2.7053582  -1.8504622   4.5558204
   2.7053569  -1.9007558   4.6061127
   2.7053577  -1.9399338   4.6452915
   2.7053570  -1.9584610   4.6638180
   2.7053556  -1.9330031   4.6383587
   2.7053573  -1.8188701   4.5242275
   2.7053629  -1.7248124   4.4301752
   2.7053569  -1.8036039   4.5089608
   2.7053558  -1.8980508   4.6034066
   2.7053553  -1.9123367   4.6176921
   2.7053586  -1.8342708   4.5396294
   2.7053603  -1.7808363   4.4861966
   2.7053588  -1.8159765   4.5213353
   2.7053572  -1.8878252   4.5931823
   2.7053579  -1.9341108   4.6394688
   2.7053554  -1.9632746   4.6686301
   2.7053584  -1.9306234   4.6359818
   2.7053576  -1.8996942   4.6050518
   2.7053563  -1.8462916   4.5516480
   2.7053595  -1.7590101   4.4643697
   2.7053581  -1.7293119   4.4346700
   2.7053594  -1.7598773   4.4652367
   2.7053546  -1.8366532   4.5420078
   2.7053544  -1.8181711   4.5235255
   2.7053593  -1.7143231   4.4196824
   2.7053571  -1.6766535   4.3820105
   2.7053559  -1.6647910   4.3701469
   2.7053574  -1.6298287   4.3351860
   2.7053605  -1.6279733   4.3333338
   2.7053569  -1.7487766   4.4541335
   2.7053545  -1.8683908   4.5737452
   2.7053580  -1.8894474   4.5948054
   2.7053566  -1.9042827   4.6096393
   2.7053552  -1.8905310   4.5958862
   2.7053578  -1.8270632   4.5324210
   2.7053592  -1.7957611   4.5011202
   2.7053537  -1.8285905   4.5339442
   2.7053570  -1.7932412   4.4985982
   2.7053610  -1.7812826   4.4866436
   2.7053541  -1.8969156   4.6022697
   2.7053552  -1.9390804   4.6444355
   2.7053571  -1.9053115   4.6106686
   2.7053560  -1.8582859   4.5636419
   2.7053581  -1.7792062   4.4845643
   2.7053613  -1.7527786   4.4581399
   2.7053577  -1.8645724   4.5699301
   2.7053514  -1.9748860   4.6802375
   2.7053570  -1.8819004   4.5872574
   2.7053595  -1.7581293   4.4634888
   2.7053585  -1.7494860   4.4548445
   2.7053555  -1.7819005   4.4872560
   2.7053579  -1.7614818   4.4668397
   2.7053600  -1.7566073   4.4619672
   2.7053564  -1.8274782   4.5328346
   2.7053566  -1.8721669   4.5775235
   2.7053588  -1.8661103   4.5714691
   2.7053575  -1.8631984   4.5685560
   2.7053564  -1.8320537   4.5374101
   2.7053598  -1.7656972   4.4710571
   2.7053585  -1.7628653   4.4682238
   2.7053588  -1.8062935   4.5116524
   2.7053548  -1.8738949   4.5792497
   2.7053543  -1.8501402   4.5554946
   2.7053574  -1.7309164   4.4362738
   2.7053594  -1.6349691   4.3403285
   2.7053574  -1.6422776   4.3476350
   2.7053583  -1.7179394   4.4232977
   2.7053546  -1.8430479   4.5484026
   2.7053541  -1.8867784   4.5921325
   2.7053608  -1.8466621   4.5520230
   2.7053559  -1.9111098   4.6164657
   2.7053531  -1.9502628   4.6556159
   2.7053578  -1.8657094   4.5710672
   2.7053596  -1.8057455   4.5111051
   2.7053590  -1.8582545   4.5636135
   2.7053561  -1.9866913   4.6920474
   2.7053544  -2.0712770   4.7766314
   2.7053566  -2.0188836   4.7242402
   2.7053593  -1.8968616   4.6022210
   2.7053608  -1.8179745   4.5233353
   2.7053582  -1.8485346   4.5538928
   2.7053544  -1.8994642   4.6048186
   2.7053585  -1.8489638   4.5543223
   2.7053601  -1.8268860   4.5322461
   2.7053559  -1.8996225   4.6049785
   2.7053548  -1.9360767   4.6414316
   2.7053585  -1.8965567   4.6019152
   2.7053590  -1.8986621   4.6040211
   2.7053566  -1.9449891   4.6503457
   2.7053570  -1.9635750   4.6689320
   2.7053573  -1.9425368   4.6478941
   2.7053577  -1.8790805   4.5844382
   2.7053590  -1.8004872   4.5058462
   2.7053580  -1.7577320   4.4630900
   2.7053580  -1.7227962   4.4281541
   2.7053588  -1.7005402   4.4058990
   2.7053576  -1.7272469   4.4326045
   2.7053564  -1.7744193   4.4797757
   2.7053575  -1.8041117   4.5094692
   2.7053582  -1.8297969   4.5351551
   2.7053561  -1.8593487   4.5647048
   2.7053567  -1.8329891   4.5383458
   2.7053588  -1.7761639   4.4815227
   2.7053560  -1.7432634   4.4486195
   2.7053598  -1.7011360   4.4064958
   2.7053575  -1.7436703   4.4490278
   2.7053552  -1.8094522   4.5148074
   2.7053560  -1.8060303   4.5113863
   2.7053580  -1.7509265   4.4562845
   2.7053598  -1.7350090   4.4403687
   2.7053568  -1.7936140   4.4989708
   2.7053574  -1.8383277   4.5436851
   2.7053556  -1.8499431   4.5552986
   2.7053583  -1.7971640   4.5025223
   2.7053577  -1.7644747   4.4698325
   2.7053566  -1.7451678   4.4505245
   2.7053574  -1.7063690   4.4117264
   2.7053580  -1.6767360   4.3820939
   2.7053578  -1.6727282   4.3780860
   2.7053589  -1.7016481   4.4070069
   2.7053566  -1.7825422   4.4878988
   2.7053558  -1.8420989   4.5474548
   2.7053560  -1.8404162   4.5457722
   2.7053573  -1.7954222   4.5007794
   2.7053584  -1.7841532   4.4895116
   2.7053566  -1.8424394   4.5477961
   2.7053567  -1.8975501   4.6029068
   2.7053573  -1.9393113   4.6446686
   2.7053566  -1.9742867   4.6796433
   2.7053576  -1.9875645   4.6929221
   2.7053552  -1.9873641   4.6927193
   2.7053560  -1.9088479   4.6142039
   2.7053592  -1.7889506   4.4943097
   2.7053578  -1.7253419   4.4306997
   2.7053585  -1.7183854   4.4237439
   2.7053562  -1.7648698   4.4702260
   2.7053572  -1.8021083   4.5074656
   2.7053552  -1.8291755   4.5345307
   2.7053587  -1.8093536   4.5147122
   2.7053576  -1.8252610   4.5306186
   2.7053564  -1.8662327   4.5715890
   2.7053543  -1.8728628   4.5782171
   2.7053573  -1.7910508   4.4964081
   2.7053609  -1.7249738   4.4303347
   2.7053552  -1.7772364   4.4825916
   2.7053554  -1.7995563   4.5049117
   2.7053583  -1.7785355   4.4838938
   2.7053571  -1.8149192   4.5202763
   2.7053589  -1.8912496   4.5966085
   2.7053557  -2.0016854   4.7070410
   2.7053550  -2.0348212   4.7401762
   2.7053576  -1.9591313   4.6644890
   2.7053584  -1.8545935   4.5599519
