    0.004671    0.000000
    0.009342    0.000000
    0.014013    0.000000
    0.018684    0.000000
    0.023355    0.000000
    0.028026    0.000000
    0.032697    0.000000
    0.037368    0.000000
    0.042039    0.000000
    0.046710    0.000000
    0.051381    0.000000
    0.056052    0.000000
    0.060723    0.000000
    0.065394    0.000000
    0.070065    0.000000
    0.074736    0.000000
    0.079407    0.000000
    0.084078    0.000000
    0.088749    0.000000
    0.093420    0.000000
    0.098091    0.000000
    0.102762    0.000000
    0.107433    0.000000
    0.112104    0.000000
    0.116775    0.000000
    0.121446    0.000000
    0.126117    0.000000
    0.130788    0.000000
    0.135459    0.000000
    0.140130    0.000000
    0.144801    0.000000
    0.149472    0.000000
    0.154143    0.000000
    0.158814    0.000000
    0.163485    0.000000
    0.168156    0.000000
    0.172827    0.000000
    0.177498    0.000000
    0.182169    0.000000
    0.186840    0.000000
    0.191511    0.000000
    0.196182    0.000000
    0.200853    0.000000
    0.205524    0.000000
    0.210195    0.000000
    0.214866    0.000000
    0.219537    0.000000
    0.224208    0.000000
    0.228879    0.000000
    0.233550    0.000000
    0.238221    0.000000
    0.242892    0.000000
    0.247563    0.000000
    0.252234    0.000000
    0.256905    0.000000
    0.261576    0.000000
    0.266247    0.000000
    0.270918    0.000000
    0.275589    0.000000
    0.280260    0.000000
    0.284931    0.000000
    0.289602    0.000000
    0.294273    0.000000
    0.298944    0.000000
    0.303615    0.000000
    0.308286    0.000000
    0.312957    0.000000
    0.317628    0.000000
    0.322299    0.000000
    0.326970    0.000000
    0.331641    0.000000
    0.336312    0.000000
    0.340983    0.000000
    0.345654    0.000000
    0.350325    0.000000
    0.354996    0.000000
    0.359667    0.000000
    0.364338    0.000000
    0.369009    0.000000
    0.373680    0.000000
    0.378351    0.000000
    0.383022    0.000000
    0.387693    0.000000
    0.392364    0.000000
    0.397035    0.000000
    0.401706    0.000000
    0.406377    0.000000
    0.411048    0.000000
    0.415719    0.000000
    0.420390    0.000000
    0.425061    0.000000
    0.429732    0.000000
    0.434403    0.000000
    0.439074    0.000000
    0.443745    0.000000
    0.448416    0.000000
    0.453087    0.000000
    0.457758    0.000000
    0.462429    0.000000
    0.467100    0.000000
    0.471771    0.000000
    0.476442    0.000000
    0.481113    0.000000
    0.485784    0.000000
    0.490455    0.000000
    0.495126    0.000000
    0.499797    0.000000
    0.504468    0.000000
    0.509139    0.000000
    0.513810    0.000000
    0.518481    0.000000
    0.523152    0.000000
    0.527823    0.000000
    0.532494    0.000000
    0.537165    0.000000
    0.541836    0.000000
    0.546507    0.000000
    0.551178    0.000000
    0.555849    0.000000
    0.560520    0.000000
    0.565191    0.000000
    0.569862    0.000000
    0.574533    0.000000
    0.579204    0.000000
    0.583875    0.000000
    0.588546    0.000000
    0.593217    0.000000
    0.597888    0.000000
    0.602559    0.000000
    0.607230    0.000000
    0.611901    0.000000
    0.616572    0.000000
    0.621243    0.000000
    0.625914    0.000000
    0.630585    0.000000
    0.635256    0.000000
    0.639927    0.000000
    0.644598    0.000000
    0.649269    0.000000
    0.653940    0.000000
    0.658611    0.000000
    0.663282    0.000000
    0.667953    0.000000
    0.672624    0.000000
    0.677295    0.000000
    0.681966    0.000000
    0.686637    0.000000
    0.691308    0.000000
    0.695979    0.000000
    0.700650    0.000000
    0.705321    0.000000
    0.709992    0.000000
    0.714663    0.000000
    0.719334    0.000000
    0.724005    0.000000
    0.728676    0.000000
    0.733347    0.000000
    0.738018    0.000000
    0.742689    0.000000
    0.747360    0.000000
    0.752031    0.000000
    0.756702    0.000000
    0.761373    0.000000
    0.766044    0.000000
    0.770715    0.000000
    0.775386    0.000000
    0.780057    0.000000
    0.784728    0.000000
    0.789399    0.000000
    0.794070    0.000000
    0.798741    0.000057
    0.803412    0.000038
    0.808083    0.000085
    0.812754    0.000159
    0.817425    0.000291
    0.822096    0.000700
    0.826767    0.001187
    0.831438    0.002860
    0.836109    0.004291
    0.840780    0.007351
    0.845451    0.015013
    0.850122    0.024492
    0.854793    0.038587
    0.859464    0.060064
    0.864135    0.086489
    0.868806    0.122608
    0.873477    0.170271
    0.878148    0.221934
    0.882819    0.285709
    0.887490    0.365618
    0.892161    0.466719
    0.896832    0.570178
    0.901503    0.683434
    0.906174    0.804459
    0.910845    0.935607
    0.915516    1.069775
    0.920187    1.217517
    0.924858    1.355554
    0.929529    1.503431
    0.934200    1.626745
    0.938871    1.763973
    0.943542    1.890394
    0.948213    1.987150
    0.952884    2.123626
    0.957555    2.231613
    0.962226    2.332281
    0.966897    2.399988
    0.971568    2.474072
    0.976239    2.534228
    0.980910    2.590355
    0.985581    2.631094
    0.990252    2.643847
    0.994923    2.673424
    0.999594    2.672731
    1.004265    2.671414
    1.008936    2.677740
    1.013607    2.683813
    1.018278    2.676745
    1.022949    2.649169
    1.027620    2.599186
    1.032291    2.580878
    1.036962    2.532629
    1.041633    2.478501
    1.046304    2.446770
    1.050975    2.401994
    1.055646    2.361952
    1.060317    2.334569
    1.064988    2.273317
    1.069659    2.223419
    1.074330    2.182059
    1.079001    2.119939
    1.083672    2.065219
    1.088343    2.023048
    1.093014    1.979646
    1.097685    1.924630
    1.102356    1.889041
    1.107027    1.838605
    1.111698    1.794930
    1.116369    1.745931
    1.121040    1.711828
    1.125711    1.656282
    1.130382    1.618361
    1.135053    1.598498
    1.139724    1.545107
    1.144395    1.506669
    1.149066    1.456315
    1.153737    1.418258
    1.158408    1.382298
    1.163079    1.348143
    1.167750    1.318559
    1.172421    1.276497
    1.177092    1.252655
    1.181763    1.231119
    1.186434    1.204211
    1.191105    1.173451
    1.195776    1.160102
    1.200447    1.142260
    1.205118    1.105742
    1.209789    1.078701
    1.214460    1.055280
    1.219131    1.026540
    1.223802    1.000767
    1.228473    0.977032
    1.233144    0.962300
    1.237815    0.944745
    1.242486    0.928695
    1.247157    0.913609
    1.251828    0.889388
    1.256499    0.877353
    1.261170    0.858710
    1.265841    0.846394
    1.270512    0.833079
    1.275183    0.814711
    1.279854    0.797867
    1.284525    0.797299
    1.289196    0.789524
    1.293867    0.779302
    1.298538    0.763356
    1.303209    0.751051
    1.307880    0.741163
    1.312551    0.724602
    1.317222    0.715279
    1.321893    0.707030
    1.326564    0.706093
    1.331235    0.694982
    1.335906    0.690832
    1.340577    0.685005
    1.345248    0.675349
    1.349919    0.666730
    1.354590    0.662494
    1.359261    0.663307
    1.363932    0.655855
    1.368603    0.658654
    1.373274    0.651100
    1.377945    0.644799
    1.382616    0.643364
    1.387287    0.627450
    1.391958    0.628090
    1.396629    0.626616
    1.401300    0.626703
    1.405971    0.623916
    1.410642    0.618280
    1.415313    0.620417
    1.419984    0.613951
    1.424655    0.608017
    1.429326    0.606093
    1.433997    0.612631
    1.438668    0.612034
    1.443339    0.611908
    1.448010    0.609039
    1.452681    0.613054
    1.457352    0.610005
    1.462023    0.611447
    1.466694    0.611659
    1.471365    0.610428
    1.476036    0.614293
    1.480707    0.615282
    1.485378    0.619726
    1.490049    0.623373
    1.494720    0.626253
    1.499391    0.628837
    1.504062    0.635003
    1.508733    0.639079
    1.513404    0.644814
    1.518075    0.645794
    1.522746    0.647934
    1.527417    0.654580
    1.532088    0.658988
    1.536759    0.664505
    1.541430    0.670848
    1.546101    0.674304
    1.550772    0.682428
    1.555443    0.690345
    1.560114    0.697199
    1.564785    0.704248
    1.569456    0.710169
    1.574127    0.718336
    1.578798    0.720250
    1.583469    0.728065
    1.588140    0.733988
    1.592811    0.742441
    1.597482    0.753604
    1.602153    0.760081
    1.606824    0.773622
    1.611495    0.784907
    1.616166    0.786681
    1.620837    0.791329
    1.625508    0.793062
    1.630179    0.804146
    1.634850    0.810191
    1.639521    0.819838
    1.644192    0.829158
    1.648863    0.843557
    1.653534    0.849291
    1.658205    0.858745
    1.662876    0.867486
    1.667547    0.874571
    1.672218    0.892527
    1.676889    0.908200
    1.681560    0.910966
    1.686231    0.918089
    1.690902    0.931465
    1.695573    0.941661
    1.700244    0.944522
    1.704915    0.952009
    1.709586    0.961518
    1.714257    0.975317
    1.718928    0.987796
    1.723599    0.998579
    1.728270    1.006955
    1.732941    1.015831
    1.737612    1.024471
    1.742283    1.034300
    1.746954    1.044941
    1.751625    1.053502
    1.756296    1.069071
    1.760967    1.077744
    1.765638    1.092572
    1.770309    1.100542
    1.774980    1.103889
    1.779651    1.113961
    1.784322    1.121355
    1.788993    1.125119
    1.793664    1.135004
    1.798335    1.141287
    1.803006    1.143302
    1.807677    1.152164
    1.812348    1.160645
    1.817019    1.165678
    1.821690    1.174812
    1.826361    1.175993
    1.831032    1.183508
    1.835703    1.189544
    1.840374    1.195445
    1.845045    1.205088
    1.849716    1.209632
    1.854387    1.213809
    1.859058    1.216328
    1.863729    1.225789
    1.868400    1.225265
    1.873071    1.235336
    1.877742    1.234931
    1.882413    1.238353
    1.887084    1.237119
    1.891755    1.240335
    1.896426    1.244439
    1.901097    1.249254
    1.905768    1.248420
    1.910439    1.252755
    1.915110    1.254227
    1.919781    1.257240
    1.924452    1.258733
    1.929123    1.263440
    1.933794    1.258477
    1.938465    1.251682
    1.943136    1.246510
    1.947807    1.253969
    1.952478    1.244890
    1.957149    1.248557
    1.961820    1.246466
    1.966491    1.239173
    1.971162    1.234653
    1.975833    1.234964
    1.980504    1.230633
    1.985175    1.226046
    1.989846    1.219465
    1.994517    1.226819
    1.999188    1.215964
    2.003859    1.209323
    2.008530    1.198966
    2.013201    1.191689
    2.017872    1.190719
    2.022543    1.181980
    2.027214    1.174602
    2.031885    1.171356
    2.036556    1.170648
    2.041227    1.155456
    2.045898    1.144596
    2.050569    1.138393
    2.055240    1.135313
    2.059911    1.128766
    2.064582    1.122287
    2.069253    1.107796
    2.073924    1.097290
    2.078595    1.098843
    2.083266    1.093550
    2.087937    1.086157
    2.092608    1.076380
    2.097279    1.069536
    2.101950    1.064701
    2.106621    1.058118
    2.111292    1.048130
    2.115963    1.043256
    2.120634    1.033019
    2.125305    1.026832
    2.129976    1.016061
    2.134647    1.015299
    2.139318    1.009868
    2.143989    1.000230
    2.148660    0.991178
    2.153331    0.984030
    2.158002    0.979845
    2.162673    0.972450
    2.167344    0.968657
    2.172015    0.964090
    2.176686    0.952273
    2.181357    0.949054
    2.186028    0.946103
    2.190699    0.936146
    2.195370    0.933077
    2.200041    0.929199
    2.204712    0.921253
    2.209383    0.925045
    2.214054    0.918986
    2.218725    0.910186
    2.223396    0.904755
    2.228067    0.902628
    2.232738    0.897210
    2.237409    0.894811
    2.242080    0.889941
    2.246751    0.887718
    2.251422    0.884324
    2.256093    0.878677
    2.260764    0.872288
    2.265435    0.874773
    2.270106    0.875751
    2.274777    0.872422
    2.279448    0.867161
    2.284119    0.863831
    2.288790    0.866268
    2.293461    0.863710
    2.298132    0.863441
    2.302803    0.861648
    2.307474    0.864137
    2.312145    0.864326
    2.316816    0.860104
    2.321487    0.859407
    2.326158    0.857793
    2.330829    0.856305
    2.335500    0.850019
    2.340171    0.850263
    2.344842    0.847270
    2.349513    0.851050
    2.354184    0.855243
    2.358855    0.854875
    2.363526    0.856385
    2.368197    0.856263
    2.372868    0.860221
    2.377539    0.863152
    2.382210    0.860665
    2.386881    0.864446
    2.391552    0.865022
    2.396223    0.868058
    2.400894    0.868112
    2.405565    0.866690
    2.410236    0.868281
    2.414907    0.875141
    2.419578    0.878214
    2.424249    0.876326
    2.428920    0.881618
    2.433591    0.884973
    2.438262    0.890541
    2.442933    0.893168
    2.447604    0.894060
    2.452275    0.900564
    2.456946    0.901700
    2.461617    0.901198
    2.466288    0.906276
    2.470959    0.911025
    2.475630    0.913716
    2.480301    0.915542
    2.484972    0.915827
    2.489643    0.916255
    2.494314    0.918735
    2.498985    0.924087
    2.503656    0.928352
    2.508327    0.933181
    2.512998    0.934847
    2.517669    0.942571
    2.522340    0.945734
    2.527011    0.948730
    2.531682    0.952045
    2.536353    0.954669
    2.541024    0.959398
    2.545695    0.963394
    2.550366    0.966058
    2.555037    0.969606
    2.559708    0.974758
    2.564379    0.977489
    2.569050    0.975329
    2.573721    0.981648
    2.578392    0.986826
    2.583063    0.990503
    2.587734    0.996219
    2.592405    0.993381
    2.597076    0.997630
    2.601747    1.005870
    2.606418    1.009422
    2.611089    1.011516
    2.615760    1.019261
    2.620431    1.024863
    2.625102    1.028433
    2.629773    1.030845
    2.634444    1.033358
    2.639115    1.039089
    2.643786    1.037412
    2.648457    1.041857
    2.653128    1.045625
    2.657799    1.043933
    2.662470    1.047613
    2.667141    1.051015
    2.671812    1.050051
    2.676483    1.056065
    2.681154    1.059712
    2.685825    1.062124
    2.690496    1.062850
    2.695167    1.062653
    2.699838    1.065296
    2.704509    1.068402
    2.709180    1.071121
    2.713851    1.071697
    2.718522    1.073803
    2.723193    1.073211
    2.727864    1.074886
    2.732535    1.079573
    2.737206    1.079240
    2.741877    1.081186
    2.746548    1.080791
    2.751219    1.081131
    2.755890    1.084800
    2.760561    1.084429
    2.765232    1.083221
    2.769903    1.082843
    2.774574    1.080462
    2.779245    1.079214
    2.783916    1.081669
    2.788587    1.081897
    2.793258    1.082934
    2.797929    1.082781
    2.802600    1.081365
    2.807271    1.079690
    2.811942    1.081235
    2.816613    1.082850
    2.821284    1.081859
    2.825955    1.077210
    2.830626    1.080144
    2.835297    1.076138
    2.839968    1.077005
    2.844639    1.075667
    2.849310    1.077481
    2.853981    1.074149
    2.858652    1.075407
    2.863323    1.074243
    2.867994    1.071278
    2.872665    1.067864
    2.877336    1.068053
    2.882007    1.069082
    2.886678    1.064380
    2.891349    1.066125
    2.896020    1.063497
    2.900691    1.059658
    2.905362    1.058110
    2.910033    1.057354
    2.914704    1.054142
    2.919375    1.050298
    2.924046    1.049018
    2.928717    1.047084
    2.933388    1.044245
    2.938059    1.040874
    2.942730    1.040639
    2.947401    1.038604
    2.952072    1.040718
    2.956743    1.036236
    2.961414    1.033358
    2.966085    1.031112
    2.970756    1.028204
    2.975427    1.027174
    2.980098    1.022160
    2.984769    1.019143
    2.989440    1.015584
    2.994111    1.015172
    2.998782    1.013888
    3.003453    1.010704
    3.008124    1.010115
    3.012795    1.007267
    3.017466    1.003509
    3.022137    0.998061
    3.026808    1.000627
    3.031479    1.000040
    3.036150    0.996707
    3.040821    0.994198
    3.045492    0.994279
    3.050163    0.989785
    3.054834    0.988960
    3.059505    0.984599
    3.064176    0.982278
    3.068847    0.981723
    3.073518    0.977832
    3.078189    0.975673
    3.082860    0.976733
    3.087531    0.972779
    3.092202    0.971484
    3.096873    0.970825
    3.101544    0.968995
    3.106215    0.966248
    3.110886    0.963686
    3.115557    0.961655
    3.120228    0.961832
    3.124899    0.960873
    3.129570    0.958517
    3.134241    0.954326
    3.138912    0.954044
    3.143583    0.952079
    3.148254    0.952069
    3.152925    0.951945
    3.157596    0.953176
    3.162267    0.951903
    3.166938    0.947817
    3.171609    0.950815
    3.176280    0.948925
    3.180951    0.948643
    3.185622    0.949200
    3.190293    0.948011
    3.194964    0.949358
    3.199635    0.945520
    3.204306    0.946238
    3.208977    0.946093
    3.213648    0.946844
    3.218319    0.946778
    3.222990    0.946551
    3.227661    0.945004
    3.232332    0.943886
    3.237003    0.945618
    3.241674    0.945918
    3.246345    0.947311
    3.251016    0.947271
    3.255687    0.948156
    3.260358    0.947952
    3.265029    0.949727
    3.269700    0.948475
    3.274371    0.950965
    3.279042    0.949743
    3.283713    0.949916
    3.288384    0.947549
    3.293055    0.949235
    3.297726    0.949570
    3.302397    0.949366
    3.307068    0.951334
    3.311739    0.953522
    3.316410    0.957732
    3.321081    0.956508
    3.325752    0.957523
    3.330423    0.959556
    3.335094    0.962381
    3.339765    0.964335
    3.344436    0.964743
    3.349107    0.966289
    3.353778    0.966682
    3.358449    0.968912
    3.363120    0.970004
    3.367791    0.972714
    3.372462    0.973318
    3.377133    0.972167
    3.381804    0.972030
    3.386475    0.971809
    3.391146    0.973473
    3.395817    0.975487
    3.400488    0.974528
    3.405159    0.976534
    3.409830    0.981026
    3.414501    0.982772
    3.419172    0.982735
    3.423843    0.984991
    3.428514    0.988290
    3.433185    0.987952
    3.437856    0.988876
    3.442527    0.987140
    3.447198    0.988320
    3.451869    0.990075
    3.456540    0.994565
    3.461211    0.996715
    3.465882    0.997029
    3.470553    0.999115
    3.475224    0.999208
    3.479895    0.998948
    3.484566    1.001121
    3.489237    1.004852
    3.493908    1.004189
    3.498579    1.006299
    3.503250    1.007968
    3.507921    1.009296
    3.512592    1.006012
    3.517263    1.007992
    3.521934    1.010381
    3.526605    1.014326
    3.531276    1.015122
    3.535947    1.014974
    3.540618    1.015376
    3.545289    1.018198
    3.549960    1.020106
    3.554631    1.019482
    3.559302    1.020129
    3.563973    1.024271
    3.568644    1.023523
    3.573315    1.023907
    3.577986    1.024296
    3.582657    1.024284
    3.587328    1.026569
    3.591999    1.025742
    3.596670    1.025904
    3.601341    1.025470
    3.606012    1.028876
    3.610683    1.029041
    3.615354    1.028966
    3.620025    1.029026
    3.624696    1.029398
    3.629367    1.033252
    3.634038    1.032916
    3.638709    1.030568
    3.643380    1.031873
    3.648051    1.032274
    3.652722    1.032358
    3.657393    1.031123
    3.662064    1.032253
    3.666735    1.032536
    3.671406    1.031070
    3.676077    1.032075
    3.680748    1.032235
    3.685419    1.031941
    3.690090    1.032475
    3.694761    1.033021
    3.699432    1.030956
    3.704103    1.028917
    3.708774    1.031504
    3.713445    1.030210
    3.718116    1.030676
    3.722787    1.031291
    3.727458    1.030158
    3.732129    1.029871
    3.736800    1.028711
    3.741471    1.025925
    3.746142    1.027340
    3.750813    1.027796
    3.755484    1.027067
    3.760155    1.026238
    3.764826    1.026692
    3.769497    1.024712
    3.774168    1.023982
    3.778839    1.022147
    3.783510    1.021917
    3.788181    1.020550
    3.792852    1.020073
    3.797523    1.019202
    3.802194    1.018336
    3.806865    1.017740
    3.811536    1.015591
    3.816207    1.016004
    3.820878    1.015264
    3.825549    1.014811
    3.830220    1.012541
    3.834891    1.012586
    3.839562    1.012060
    3.844233    1.010201
    3.848904    1.008479
    3.853575    1.007176
    3.858246    1.008272
    3.862917    1.006147
    3.867588    1.003635
    3.872259    1.003131
    3.876930    1.004290
    3.881601    1.004166
    3.886272    1.006160
    3.890943    1.003529
    3.895614    0.999548
    3.900285    1.000588
    3.904956    0.999908
    3.909627    0.997262
    3.914298    0.994116
    3.918969    0.993860
    3.923640    0.993887
    3.928311    0.992414
    3.932982    0.991559
    3.937653    0.990442
    3.942324    0.990061
    3.946995    0.991125
    3.951666    0.991975
    3.956337    0.992019
    3.961008    0.991529
    3.965679    0.994078
    3.970350    0.992913
    3.975021    0.991033
    3.979692    0.989625
    3.984363    0.988593
    3.989034    0.988568
    3.993705    0.988235
    3.998376    0.989505
    4.003047    0.986553
    4.007718    0.985050
    4.012389    0.986734
    4.017060    0.984446
    4.021731    0.985794
    4.026402    0.984060
    4.031073    0.984607
    4.035744    0.983796
    4.040415    0.983025
    4.045086    0.980452
    4.049757    0.981300
    4.054428    0.983329
    4.059099    0.983507
    4.063770    0.980940
    4.068441    0.979910
    4.073112    0.978008
    4.077783    0.979031
    4.082454    0.979698
    4.087125    0.980311
    4.091796    0.979623
    4.096467    0.979349
    4.101138    0.976927
    4.105809    0.976788
    4.110480    0.977460
    4.115151    0.976853
    4.119822    0.978839
    4.124493    0.981002
    4.129164    0.977551
    4.133835    0.977844
    4.138506    0.977286
    4.143177    0.976479
    4.147848    0.980545
    4.152519    0.979924
    4.157190    0.975797
    4.161861    0.976143
    4.166532    0.976146
    4.171203    0.976047
    4.175874    0.977484
    4.180545    0.976222
    4.185216    0.977470
    4.189887    0.976020
    4.194558    0.976987
    4.199229    0.975760
    4.203900    0.976308
    4.208571    0.978600
    4.213242    0.980971
    4.217913    0.982049
    4.222584    0.982512
    4.227255    0.983247
    4.231926    0.983847
    4.236597    0.984574
    4.241268    0.988356
    4.245939    0.987821
    4.250610    0.985851
    4.255281    0.988178
    4.259952    0.988871
    4.264623    0.990060
    4.269294    0.988712
    4.273965    0.988401
    4.278636    0.990739
    4.283307    0.993061
    4.287978    0.993114
    4.292649    0.992678
    4.297320    0.993523
    4.301991    0.992595
    4.306662    0.992854
    4.311333    0.994215
    4.316004    0.994361
    4.320675    0.999343
    4.325346    0.998535
    4.330017    0.998825
    4.334688    0.996449
    4.339359    0.998265
    4.344030    0.997045
    4.348701    0.997634
    4.353372    0.998286
    4.358043    1.000235
    4.362714    0.999138
    4.367385    1.000710
    4.372056    1.002305
    4.376727    1.002730
    4.381398    1.004194
    4.386069    1.005904
    4.390740    1.005508
    4.395411    1.006363
    4.400082    1.005597
    4.404753    1.007331
    4.409424    1.009362
    4.414095    1.008075
    4.418766    1.009134
    4.423437    1.007999
    4.428108    1.010092
    4.432779    1.010094
    4.437450    1.006920
    4.442121    1.004876
    4.446792    1.007199
    4.451463    1.009566
    4.456134    1.009166
    4.460805    1.009562
    4.465476    1.010497
    4.470147    1.007051
    4.474818    1.007822
    4.479489    1.010522
    4.484160    1.012243
    4.488831    1.011816
    4.493502    1.009144
    4.498173    1.011828
    4.502844    1.010998
    4.507515    1.012909
    4.512186    1.013309
    4.516857    1.015042
    4.521528    1.014275
    4.526199    1.016226
    4.530870    1.013937
    4.535541    1.012488
    4.540212    1.013699
    4.544883    1.013318
    4.549554    1.014341
    4.554225    1.013281
    4.558896    1.012769
    4.563567    1.008784
    4.568238    1.011164
    4.572909    1.010277
    4.577580    1.007439
    4.582251    1.010811
    4.586922    1.009022
    4.591593    1.008821
    4.596264    1.009916
    4.600935    1.010111
    4.605606    1.010156
    4.610277    1.007857
    4.614948    1.009882
    4.619619    1.009636
    4.624290    1.009342
    4.628961    1.010507
    4.633632    1.006877
    4.638303    1.004588
    4.642974    1.006587
    4.647645    1.008105
    4.652316    1.007859
    4.656987    1.007172
    4.661658    1.003473
    4.666329    1.006152
    4.671000    1.005612
