   4.0000000000000001E-003   1.4578215699872075E-004
   8.0000000000000002E-003   5.7888198421465395E-004
   1.2000000000000000E-002   1.2893705696980697E-003
   1.6000000000000000E-002   2.2631885610200960E-003
   2.0000000000000000E-002   3.4828164100091882E-003
   2.4000000000000000E-002   4.9280304713566923E-003
   2.8000000000000001E-002   6.5770635128697469E-003
   3.2000000000000001E-002   8.4078926207194794E-003
   3.6000000000000004E-002   1.0398895005832595E-002
   4.0000000000000001E-002   1.2528773032242112E-002
   4.4000000000000004E-002   1.4776628092674972E-002
   4.8000000000000001E-002   1.7122393804504338E-002
   5.2000000000000005E-002   1.9546938219378560E-002
   5.6000000000000001E-002   2.2031942572852858E-002
   6.0000000000000005E-002   2.4560197196351483E-002
   6.4000000000000001E-002   2.7116092018229579E-002
   6.8000000000000005E-002   2.9685502920721831E-002
   7.2000000000000008E-002   3.2254970855368832E-002
   7.5999999999999998E-002   3.4811116362223442E-002
   8.0000000000000002E-002   3.7341827007382263E-002
   8.4000000000000005E-002   3.9839566980079288E-002
   8.8000000000000009E-002   4.2303429744614929E-002
   9.1999999999999998E-002   4.4737119717288588E-002
   9.6000000000000002E-002   4.7145859847189962E-002
  0.10000000000000001        4.9534543348416435E-002
  0.10400000000000001        5.1906729056122515E-002
  0.10800000000000000        5.4264422409826631E-002
  0.11200000000000000        5.6608679575852708E-002
  0.11600000000000001        5.8940447778164533E-002
  0.12000000000000001        6.1260902546092760E-002
  0.12400000000000000        6.3571069903324368E-002
  0.12800000000000000        6.5871334845863189E-002
  0.13200000000000001        6.8161409201320286E-002
  0.13600000000000001        7.0440438627158666E-002
  0.14000000000000001        7.2706877252676438E-002
  0.14400000000000002        7.4958575597878052E-002
  0.14800000000000002        7.7193547315668118E-002
  0.15200000000000000        7.9410931567354251E-002
  0.15600000000000000        8.1611305543189766E-002
  0.16000000000000000        8.3796240922336077E-002
  0.16400000000000001        8.5967752369016256E-002
  0.16800000000000001        8.8128230990094078E-002
  0.17200000000000001        9.0280817416188361E-002
  0.17600000000000002        9.2429590069397785E-002
  0.18000000000000002        9.4578791189884270E-002
  0.18400000000000000        9.6731176032074040E-002
  0.18800000000000000        9.8886473559296126E-002
  0.19200000000000000       0.10104064024769233     
  0.19600000000000001       0.10318622926464772     
  0.20000000000000001       0.10531401813979782     
  0.20400000000000001       0.10741547389488887     
  0.20800000000000002       0.10948514341319769     
  0.21200000000000002       0.11152189419809556     
  0.21600000000000000       0.11352790876212557     
  0.22000000000000000       0.11550555653591020     
  0.22400000000000000       0.11745454554996769     
  0.22800000000000001       0.11937177101822324     
  0.23200000000000001       0.12125374240278758     
  0.23600000000000002       0.12309971229329715     
  0.24000000000000002       0.12491346970574399     
  0.24400000000000002       0.12670241817429606     
  0.24800000000000000       0.12847475955377816     
  0.25200000000000000       0.13023736469382999     
  0.25600000000000001       0.13199542307429085     
  0.26000000000000001       0.13375307949051993     
  0.26400000000000001       0.13551432899879789     
  0.26800000000000002       0.13728395660824980     
  0.27200000000000002       0.13906806252553175     
  0.27600000000000002       0.14087333460967152     
  0.28000000000000003       0.14270512512037292     
  0.28400000000000003       0.14456548581496853     
  0.28800000000000003       0.14645259964184187     
  0.29200000000000004       0.14836228054711975     
  0.29600000000000004       0.15028998862054196     
  0.29999999999999999       0.15223145410408637     
  0.30399999999999999       0.15418243881075017     
  0.30800000000000000       0.15613915475344389     
  0.31200000000000000       0.15809996854950792     
  0.31600000000000000       0.16006712585024069     
  0.32000000000000001       0.16204644291095785     
  0.32400000000000001       0.16404500437000979     
  0.32800000000000001       0.16606841256775665     
  0.33200000000000002       0.16811865542458643     
  0.33600000000000002       0.17019321963464992     
  0.34000000000000002       0.17228559936917273     
  0.34400000000000003       0.17438660421331192     
  0.34800000000000003       0.17648581663605528     
  0.35200000000000004       0.17857330460173607     
  0.35600000000000004       0.18064190287339088     
  0.36000000000000004       0.18268910221788179     
  0.36399999999999999       0.18471629762622446     
  0.36799999999999999       0.18672529731638890     
  0.37200000000000000       0.18871555085243560     
  0.37600000000000000       0.19068425164430300     
  0.38000000000000000       0.19262816453204593     
  0.38400000000000001       0.19454500677318018     
  0.38800000000000001       0.19643359016906600     
  0.39200000000000002       0.19829332122007101     
  0.39600000000000002       0.20012343975964123     
  0.40000000000000002       0.20192234953922164     
  0.40400000000000003       0.20368762206767391     
  0.40800000000000003       0.20541652189042348     
  0.41200000000000003       0.20710651419057460     
  0.41600000000000004       0.20875573385181997     
  0.42000000000000004       0.21036376071001262     
  0.42400000000000004       0.21193262254329456     
  0.42800000000000005       0.21346742931038562     
  0.43200000000000000       0.21497601305659655     
  0.43600000000000000       0.21646764727426185     
  0.44000000000000000       0.21795192224063584     
  0.44400000000000001       0.21943837840123931     
  0.44800000000000001       0.22093609155856608     
  0.45200000000000001       0.22245232632453055     
  0.45600000000000002       0.22399076275174490     
  0.46000000000000002       0.22555112456575765     
  0.46400000000000002       0.22713142918514642     
  0.46800000000000003       0.22873086388574204     
  0.47200000000000003       0.23035035369527268     
  0.47600000000000003       0.23199187633430310     
  0.48000000000000004       0.23365849714983306     
  0.48400000000000004       0.23535429618362258     
  0.48800000000000004       0.23708300445848451     
  0.49200000000000005       0.23884586592727039     
  0.49600000000000000       0.24063997261983908     
  0.50000000000000000       0.24245778006950644     
  0.50400000000000000       0.24428814753864941     
  0.50800000000000001       0.24611935621137668     
  0.51200000000000001       0.24794380589849521     
  0.51600000000000001       0.24976164133743878     
  0.52000000000000002       0.25157999422328997     
  0.52400000000000002       0.25340821831447091     
  0.52800000000000002       0.25525230740519861     
  0.53200000000000003       0.25711108564708535     
  0.53600000000000003       0.25897553819476443     
  0.54000000000000004       0.26083185149530214     
  0.54400000000000004       0.26266682852201712     
  0.54800000000000004       0.26447228162356756     
  0.55200000000000005       0.26624591117380320     
  0.55600000000000005       0.26798915733975009     
  0.56000000000000005       0.26970418140631663     
  0.56400000000000006       0.27139171998705947     
  0.56800000000000006       0.27305026966132950     
  0.57200000000000006       0.27467617746731821     
  0.57600000000000007       0.27626413079375750     
  0.58000000000000007       0.27780819592991962     
  0.58400000000000007       0.27930394646084261     
  0.58800000000000008       0.28075115117594840     
  0.59200000000000008       0.28215525156286247     
  0.59599999999999997       0.28352657996281250     
  0.59999999999999998       0.28487799879339942     
  0.60399999999999998       0.28622236661468931     
  0.60799999999999998       0.28757075492653633     
  0.61199999999999999       0.28893171996977407     
  0.61599999999999999       0.29031177999347446     
  0.62000000000000000       0.29171681510305247     
  0.62400000000000000       0.29315240546189270     
  0.62800000000000000       0.29462171530767634     
  0.63200000000000001       0.29612380088335227     
  0.63600000000000001       0.29765492646341785     
  0.64000000000000001       0.29921231665656700     
  0.64400000000000002       0.30079787203237279     
  0.64800000000000002       0.30241909342121420     
  0.65200000000000002       0.30408628497508694     
  0.65600000000000003       0.30580789673884179     
  0.66000000000000003       0.30758725344785315     
  0.66400000000000003       0.30942194748102464     
  0.66800000000000004       0.31130453299583710     
  0.67200000000000004       0.31322293839072229     
  0.67600000000000005       0.31516048930950324     
  0.68000000000000005       0.31709651247061194     
  0.68400000000000005       0.31900850122304797     
  0.68800000000000006       0.32087605465412888     
  0.69200000000000006       0.32268553648258130     
  0.69600000000000006       0.32443322524625084     
  0.70000000000000007       0.32612504713110674     
  0.70400000000000007       0.32777301691685395     
  0.70800000000000007       0.32939027943407395     
  0.71200000000000008       0.33098709625912298     
  0.71600000000000008       0.33256925720217340     
  0.72000000000000008       0.33413904733643268     
  0.72400000000000009       0.33569810210854373     
  0.72799999999999998       0.33725063092796548     
  0.73199999999999998       0.33880501882767600     
  0.73599999999999999       0.34037281669295716     
  0.73999999999999999       0.34196583113645829     
  0.74399999999999999       0.34359346220671572     
  0.74800000000000000       0.34526213106946180     
  0.75200000000000000       0.34697638519746643     
  0.75600000000000001       0.34873969211569206     
  0.76000000000000001       0.35055376109966235     
  0.76400000000000001       0.35241705181165173     
  0.76800000000000002       0.35432380105587730     
  0.77200000000000002       0.35626437231032881     
  0.77600000000000002       0.35822704931999461     
  0.78000000000000003       0.36020062750117077     
  0.78400000000000003       0.36217648122605273     
  0.78800000000000003       0.36414918142097247     
  0.79200000000000004       0.36611586548537917     
  0.79600000000000004       0.36807533902465289     
  0.80000000000000004       0.37002802637081872     
  0.80400000000000005       0.37197692754074879     
  0.80800000000000005       0.37392808329875460     
  0.81200000000000006       0.37588905827596975     
  0.81600000000000006       0.37786587580443326     
  0.82000000000000006       0.37986010438403262     
  0.82400000000000007       0.38186751365654842     
  0.82800000000000007       0.38387831031506159     
  0.83200000000000007       0.38587815480840038     
  0.83600000000000008       0.38785017682135037     
  0.84000000000000008       0.38977859387828911     
  0.84400000000000008       0.39165275123929510     
  0.84800000000000009       0.39346923362016595     
  0.85200000000000009       0.39523143652845438     
  0.85600000000000009       0.39694795127417720     
  0.85999999999999999       0.39863101450405941     
  0.86399999999999999       0.40029533168065329     
  0.86799999999999999       0.40195651188046000     
  0.87200000000000000       0.40362879219357911     
  0.87600000000000000       0.40532316021773601     
  0.88000000000000000       0.40704668621930895     
  0.88400000000000001       0.40880311108858580     
  0.88800000000000001       0.41059414185046106     
  0.89200000000000002       0.41241964059526048     
  0.89600000000000002       0.41427565094244057     
  0.90000000000000002       0.41615218850690072     
  0.90400000000000003       0.41803336233975535     
  0.90800000000000003       0.41989989995772503     
  0.91200000000000003       0.42173206244798989     
  0.91600000000000004       0.42351195053492718     
  0.92000000000000004       0.42522633045427510     
  0.92400000000000004       0.42687013868281687     
  0.92800000000000005       0.42844825208538312     
  0.93200000000000005       0.42997387639503520     
  0.93600000000000005       0.43146528375602639     
  0.94000000000000006       0.43294280076261454     
  0.94400000000000006       0.43442549022431959     
  0.94800000000000006       0.43592784240821086     
  0.95200000000000007       0.43745849385854613     
  0.95600000000000007       0.43902171505122767     
  0.96000000000000008       0.44062040474250425     
  0.96400000000000008       0.44225846488186704     
  0.96800000000000008       0.44394120909297113     
  0.97200000000000009       0.44567401105570381     
  0.97600000000000009       0.44746084376435735     
  0.98000000000000009       0.44930437276236757     
  0.98400000000000010       0.45120749002227584     
  0.98800000000000010       0.45317481617439553     
  0.99199999999999999       0.45521291647901801     
  0.99600000000000000       0.45732897647649046     
   1.0000000000000000       0.45952866563667194     
   1.0040000000000000       0.46181409574013965     
   1.0080000000000000       0.46418220438536001     
   1.0120000000000000       0.46662375382369942     
   1.0160000000000000       0.46912378829733126     
   1.0200000000000000       0.47166488997157668     
   1.0240000000000000       0.47423289423866277     
   1.0280000000000000       0.47682043701656668     
   1.0320000000000000       0.47942423867482870     
   1.0360000000000000       0.48203993795602540     
   1.0400000000000000       0.48466011580573282     
   1.0440000000000000       0.48727530804049868     
   1.0480000000000000       0.48987494938726706     
   1.0520000000000000       0.49244773161023936     
   1.0560000000000000       0.49498348535105419     
   1.0600000000000001       0.49747713119045961     
   1.0640000000000001       0.49993194608535196     
   1.0680000000000001       0.50235897217722214     
   1.0720000000000001       0.50477252609212875     
   1.0760000000000001       0.50718496024836968     
   1.0800000000000001       0.50960377836341963     
   1.0840000000000001       0.51203152240028627     
   1.0880000000000001       0.51446686928362118     
   1.0920000000000001       0.51690550265941071     
   1.0960000000000001       0.51934022031966132     
   1.1000000000000001       0.52176058684988769     
   1.1040000000000001       0.52415307919960774     
   1.1080000000000001       0.52650230210108495     
   1.1120000000000001       0.52879270824481805     
   1.1160000000000001       0.53100992455690177     
   1.1200000000000001       0.53314174107371126     
   1.1240000000000001       0.53517948364972745     
   1.1280000000000001       0.53711988348669315     
   1.1320000000000001       0.53896642024807140     
   1.1360000000000001       0.54072903733069777     
   1.1400000000000001       0.54242254007304036     
   1.1440000000000001       0.54406461312174281     
   1.1480000000000001       0.54567371093683592     
   1.1520000000000001       0.54726687606621605     
   1.1560000000000001       0.54885766724925988     
   1.1600000000000001       0.55045437160062827     
   1.1640000000000001       0.55205929836374334     
   1.1680000000000001       0.55367025517793200     
   1.1720000000000002       0.55528384428900690     
   1.1760000000000002       0.55689856369724899     
   1.1800000000000002       0.55851613492203889     
   1.1840000000000002       0.56014136181268281     
   1.1880000000000002       0.56178151588722980     
   1.1919999999999999       0.56344529829500933     
   1.1960000000000000       0.56514092961238094     
   1.2000000000000000       0.56687393366900385     
   1.2040000000000000       0.56864619696046304     
   1.2080000000000000       0.57045638310212421     
   1.2120000000000000       0.57230019142503896     
   1.2160000000000000       0.57417057768726110     
   1.2200000000000000       0.57605876378922438     
   1.2240000000000000       0.57795566980308644     
   1.2280000000000000       0.57985329609539638     
   1.2320000000000000       0.58174598733427496     
   1.2360000000000000       0.58363127805812443     
   1.2400000000000000       0.58550975721389042     
   1.2440000000000000       0.58738388952798914     
   1.2480000000000000       0.58925674240233672     
   1.2520000000000000       0.59113175526416939     
   1.2560000000000000       0.59301335763635921     
   1.2600000000000000       0.59490725645440135     
   1.2640000000000000       0.59681987835792838     
   1.2680000000000000       0.59875743960841821     
   1.2720000000000000       0.60072520862885304     
   1.2760000000000000       0.60272706525768860     
   1.2800000000000000       0.60476509312166138     
   1.2840000000000000       0.60683891156240810     
   1.2880000000000000       0.60894495782185065     
   1.2920000000000000       0.61107662760939252     
   1.2960000000000000       0.61322617803526946     
   1.3000000000000000       0.61538831955062523     
   1.3040000000000000       0.61756385638562838     
   1.3080000000000001       0.61976058010354873     
   1.3120000000000001       0.62199016250410211     
   1.3160000000000001       0.62426377765029473     
   1.3200000000000001       0.62658976916724973     
   1.3240000000000001       0.62897281769181579     
   1.3280000000000001       0.63141332843407749     
   1.3320000000000001       0.63390772081716218     
   1.3360000000000001       0.63644947263787099     
   1.3400000000000001       0.63903003954960369     
   1.3440000000000001       0.64163976615888219     
   1.3480000000000001       0.64426904857770328     
   1.3520000000000001       0.64690936163038970     
   1.3560000000000001       0.64955382867661482     
   1.3600000000000001       0.65219716139709139     
   1.3640000000000001       0.65483450012496192     
   1.3680000000000001       0.65745958470184285     
   1.3720000000000001       0.66006444603196723     
   1.3760000000000001       0.66264170429917058     
   1.3800000000000001       0.66518671152938347     
   1.3840000000000001       0.66769677032283803     
   1.3880000000000001       0.67016940556841620     
   1.3920000000000001       0.67260239449192838     
   1.3960000000000001       0.67499533157706038     
   1.4000000000000001       0.67735129222022350     
   1.4040000000000001       0.67967724441956867     
   1.4080000000000001       0.68198277879653146     
   1.4120000000000001       0.68427811354339285     
   1.4160000000000001       0.68657242092523629     
   1.4200000000000002       0.68887246383917067     
   1.4240000000000002       0.69118156982011358     
   1.4280000000000002       0.69349994061972731     
   1.4320000000000002       0.69582684246857240     
   1.4360000000000002       0.69816377761545656     
   1.4400000000000002       0.70051672296756096     
   1.4440000000000002       0.70289532675728872     
   1.4480000000000002       0.70530885146607214     
   1.4520000000000002       0.70776139504894553     
   1.4560000000000000       0.71024915731956073     
   1.4600000000000000       0.71276053613320134     
   1.4640000000000000       0.71527832075031128     
   1.4680000000000000       0.71778290367167108     
   1.4720000000000000       0.72025544913406281     
   1.4760000000000000       0.72268002262271169     
   1.4800000000000000       0.72504415717542536     
   1.4840000000000000       0.72733858925344119     
   1.4880000000000000       0.72955777803530097     
   1.4920000000000000       0.73170166190441976     
   1.4960000000000000       0.73377672524113879     
   1.5000000000000000       0.73579397881763509     
   1.5040000000000000       0.73776454463229180     
   1.5080000000000000       0.73969653938769664     
   1.5120000000000000       0.74159525444327834     
   1.5160000000000000       0.74346500265754056     
   1.5200000000000000       0.74531035817749280     
   1.5240000000000000       0.74713632307452527     
   1.5280000000000000       0.74894841227405085     
   1.5320000000000000       0.75075332200856004     
   1.5360000000000000       0.75255942921832786     
   1.5400000000000000       0.75437619863200256     
   1.5440000000000000       0.75621259588062684     
   1.5480000000000000       0.75807534279483502     
   1.5520000000000000       0.75996805131215461     
   1.5560000000000000       0.76189170429357089     
   1.5600000000000001       0.76384600163939165     
   1.5640000000000001       0.76583069116034808     
   1.5680000000000001       0.76784623394281348     
   1.5720000000000001       0.76989361094725151     
   1.5760000000000001       0.77197326609400885     
   1.5800000000000001       0.77408329686962585     
   1.5840000000000001       0.77621798568573741     
   1.5880000000000001       0.77836844329550059     
   1.5920000000000001       0.78052506911787356     
   1.5960000000000001       0.78267922238125176     
   1.6000000000000001       0.78482331867374944     
   1.6040000000000001       0.78695078502483340     
   1.6080000000000001       0.78905640169186164     
   1.6120000000000001       0.79113674509075482     
   1.6160000000000001       0.79319035493931433     
   1.6200000000000001       0.79521693984732877     
   1.6240000000000001       0.79721638085096613     
   1.6280000000000001       0.79918969844926502     
   1.6320000000000001       0.80114187103236256     
   1.6360000000000001       0.80308352924712090     
   1.6400000000000001       0.80502980838505267     
   1.6440000000000001       0.80699778344113959     
   1.6480000000000001       0.80900414617659278     
   1.6520000000000001       0.81106324376327599     
   1.6560000000000001       0.81318574898852303     
   1.6600000000000001       0.81537848012437242     
   1.6640000000000001       0.81764443848135304     
   1.6680000000000001       0.81998184800339757     
   1.6720000000000002       0.82238316769073927     
   1.6760000000000002       0.82483623404292683     
   1.6800000000000002       0.82732775460113772     
   1.6840000000000002       0.82984690274716499     
   1.6880000000000002       0.83238701342765231     
   1.6920000000000002       0.83494543401482602     
   1.6960000000000002       0.83752225900955235     
   1.7000000000000002       0.84011801984949774     
   1.7040000000000002       0.84273040838802027     
   1.7080000000000002       0.84535125353491580     
   1.7120000000000002       0.84796575135761498     
   1.7160000000000002       0.85055502223683721     
   1.7200000000000000       0.85310081739222432     
   1.7240000000000000       0.85558960021758435     
   1.7280000000000000       0.85801409638020631     
   1.7320000000000000       0.86037239279114963     
   1.7360000000000000       0.86266577803745570     
   1.7400000000000000       0.86489670645961969     
   1.7440000000000000       0.86706756631932480     
   1.7480000000000000       0.86918009075104108     
   1.7520000000000000       0.87123514656541745     
   1.7560000000000000       0.87323282613482867     
   1.7600000000000000       0.87517289848595381     
   1.7640000000000000       0.87705582122228298     
   1.7680000000000000       0.87888428394598106     
   1.7720000000000000       0.88066444916516884     
   1.7760000000000000       0.88240572986333088     
   1.7800000000000000       0.88411883205972630     
   1.7840000000000000       0.88581274798805554     
   1.7880000000000000       0.88749175281829429     
   1.7920000000000000       0.88915353302314060     
   1.7960000000000000       0.89078913878904065     
   1.8000000000000000       0.89238473289841891     
   1.8040000000000000       0.89392485016878132     
   1.8080000000000001       0.89539685531353030     
   1.8120000000000001       0.89679527340964693     
   1.8160000000000001       0.89812356655839864     
   1.8200000000000001       0.89939240777585983     
   1.8240000000000001       0.90061620189186464     
   1.8280000000000001       0.90181003719451835     
   1.8320000000000001       0.90298807464617470     
   1.8360000000000001       0.90416350778444154     
   1.8400000000000001       0.90534923547193025     
   1.8440000000000001       0.90655786263202442     
   1.8480000000000001       0.90780053411374118     
   1.8520000000000001       0.90908511253650359     
   1.8560000000000001       0.91041459276896985     
   1.8600000000000001       0.91178705597663257     
   1.8640000000000001       0.91319765027172384     
   1.8680000000000001       0.91464179040976468     
   1.8720000000000001       0.91611703917099707     
   1.8760000000000001       0.91762153190840634     
   1.8800000000000001       0.91915165814847410     
   1.8840000000000001       0.92070304898351274     
   1.8880000000000001       0.92227513665074590     
   1.8920000000000001       0.92387536710771756     
   1.8960000000000001       0.92551806026741579     
   1.9000000000000001       0.92721846333130509     
   1.9040000000000001       0.92898687669643099     
   1.9080000000000001       0.93082582325239105     
   1.9120000000000001       0.93273044433469299     
   1.9160000000000001       0.93469105483344839     
   1.9200000000000002       0.93669651785467001     
   1.9240000000000002       0.93873687043041676     
   1.9280000000000002       0.94080388231656809     
   1.9320000000000002       0.94288960831614632     
   1.9360000000000002       0.94498415168317618     
   1.9400000000000002       0.94707366671226667     
   1.9440000000000002       0.94913978658470810     
   1.9480000000000002       0.95116245853821657     
   1.9520000000000002       0.95312583229558356     
   1.9560000000000002       0.95502173387343126     
   1.9600000000000002       0.95684670468719191     
   1.9640000000000002       0.95859721052154256     
   1.9680000000000002       0.96026912838526501     
   1.9720000000000002       0.96186084838938257     
   1.9760000000000002       0.96337510281838590     
   1.9800000000000002       0.96481680220628829     
   1.9840000000000000       0.96618917433722373     
   1.9880000000000000       0.96749292323402158     
   1.9920000000000000       0.96873102222332819     
   1.9960000000000000       0.96991536911571363     
   2.0000000000000000       0.97106741786860218     
   2.0040000000000000       0.97221260710836033     
   2.0080000000000000       0.97337484137088293     
   2.0120000000000000       0.97457359331122984     
   2.0160000000000000       0.97582283207207021     
   2.0200000000000000       0.97713062392912065     
   2.0240000000000000       0.97849931870647944     
   2.0280000000000000       0.97992719961770958     
   2.0320000000000000       0.98141132925099217     
   2.0360000000000000       0.98294974401872870     
   2.0400000000000000       0.98454137803793085     
   2.0440000000000000       0.98618392169411184     
   2.0480000000000000       0.98787149521740758     
   2.0520000000000000       0.98959370576293271     
   2.0560000000000000       0.99133620199572392     
   2.0600000000000001       0.99308219877718651     
   2.0640000000000001       0.99481416806294376     
   2.0680000000000001       0.99651463325815948     
   2.0720000000000001       0.99816628436715016     
   2.0760000000000001       0.99975287265399349     
   2.0800000000000001        1.0012614587458055     
   2.0840000000000001        1.0026845367722301     
   2.0880000000000001        1.0040195893389761     
   2.0920000000000001        1.0052664122446633     
   2.0960000000000001        1.0064251506730750     
   2.1000000000000001        1.0074969707169146     
   2.1040000000000001        1.0084871330663263     
   2.1080000000000001        1.0094077975161815     
   2.1120000000000001        1.0102777587141405     
   2.1160000000000001        1.0111190988809784     
   2.1200000000000001        1.0119522916704038     
   2.1240000000000001        1.0127915049462897     
   2.1280000000000001        1.0136415359067401     
   2.1320000000000001        1.0144968886697419     
   2.1360000000000001        1.0153440864087380     
   2.1400000000000001        1.0161696074768105     
   2.1440000000000001        1.0169697051387023     
   2.1480000000000001        1.0177524933671602     
   2.1520000000000001        1.0185319486082691     
   2.1560000000000001        1.0193200748375906     
   2.1600000000000001        1.0201210485806602     
   2.1640000000000001        1.0209289754753972     
   2.1680000000000001        1.0217299019728032     
   2.1720000000000002        1.0225074369443892     
   2.1760000000000002        1.0232495468270508     
   2.1800000000000002        1.0239531375761615     
   2.1840000000000002        1.0246242213944750     
   2.1880000000000002        1.0252740946203576     
   2.1920000000000002        1.0259141404959351     
   2.1960000000000002        1.0265519439216053     
   2.2000000000000002        1.0271897653215729     
   2.2040000000000002        1.0278252257589051     
   2.2080000000000002        1.0284533607968367     
   2.2120000000000002        1.0290686923743433     
   2.2160000000000002        1.0296674705985822     
   2.2200000000000002        1.0302525028733369     
   2.2240000000000002        1.0308394187825611     
   2.2280000000000002        1.0314568056621400     
   2.2320000000000002        1.0321385662575868     
   2.2360000000000002        1.0329155338072131     
   2.2400000000000002        1.0338106105704019     
   2.2440000000000002        1.0348372745772632     
   2.2480000000000002        1.0360010927839487     
   2.2520000000000002        1.0373036151905646     
   2.2560000000000002        1.0387457584591533     
   2.2600000000000002        1.0403282946418566     
   2.2640000000000002        1.0420506826510989     
   2.2680000000000002        1.0439101602694292     
   2.2720000000000002        1.0459017706496627     
   2.2760000000000002        1.0480196050193986     
   2.2800000000000002        1.0502584249709928     
   2.2840000000000003        1.0526137702843010     
   2.2880000000000003        1.0550800551870783     
   2.2920000000000003        1.0576481417528434     
   2.2960000000000003        1.0603035995658230     
   2.3000000000000003        1.0630261229106617     
   2.3040000000000003        1.0657908154193523     
   2.3080000000000003        1.0685713531758720     
   2.3120000000000003        1.0713435599535193     
   2.3160000000000003        1.0740877063526288     
   2.3200000000000003        1.0767892166763415     
   2.3240000000000003        1.0794385114663416     
   2.3280000000000003        1.0820299849367996     
   2.3320000000000003        1.0845597030135528     
   2.3360000000000003        1.0870225990177065     
   2.3400000000000003        1.0894106811867035     
   2.3440000000000003        1.0917137171719327     
   2.3480000000000003        1.0939227706406323     
   2.3520000000000003        1.0960340752947109     
   2.3560000000000003        1.0980497175266029     
   2.3600000000000003        1.0999749772326748     
   2.3640000000000003        1.1018155101591409     
   2.3680000000000003        1.1035769685262315     
   2.3720000000000003        1.1052665587045278     
   2.3760000000000003        1.1068941456345869     
   2.3799999999999999        1.1084716726505397     
   2.3839999999999999        1.1100114941293573     
   2.3879999999999999        1.1115247304279705     
   2.3919999999999999        1.1130206902517219     
   2.3959999999999999        1.1145079470438926     
   2.3999999999999999        1.1159965376623180     
   2.4039999999999999        1.1174996644840722     
   2.4079999999999999        1.1190335105167870     
   2.4119999999999999        1.1206148847895785     
   2.4159999999999999        1.1222572492934926     
   2.4199999999999999        1.1239668338606206     
   2.4239999999999999        1.1257405804279601     
   2.4279999999999999        1.1275659448353750     
   2.4319999999999999        1.1294220120871805     
   2.4359999999999999        1.1312827036110780     
   2.4399999999999999        1.1331231620874715     
   2.4440000000000000        1.1349272899115448     
   2.4480000000000000        1.1366911955327959     
   2.4520000000000000        1.1384206554981016     
   2.4560000000000000        1.1401265975870118     
   2.4600000000000000        1.1418216753446688     
   2.4640000000000000        1.1435171411492056     
   2.4680000000000000        1.1452200516358311     
   2.4720000000000000        1.1469323157046392     
   2.4760000000000000        1.1486517485681860     
   2.4800000000000000        1.1503742003706272     
   2.4840000000000000        1.1520957768078708     
   2.4880000000000000        1.1538147882878560     
   2.4920000000000000        1.1555339084691214     
   2.4960000000000000        1.1572622101183196     
   2.5000000000000000        1.1590153492461548     
   2.5040000000000000        1.1608132782912552     
   2.5080000000000000        1.1626768413492248     
   2.5120000000000000        1.1646245345366686     
   2.5160000000000000        1.1666699052544924     
   2.5200000000000000        1.1688203550864085     
   2.5240000000000000        1.1710780313547002     
   2.5280000000000000        1.1734413731616853     
   2.5320000000000000        1.1759045577412670     
   2.5360000000000000        1.1784553310621535     
   2.5400000000000000        1.1810750524271172     
   2.5440000000000000        1.1837423073011979     
   2.5480000000000000        1.1864378329743828     
   2.5520000000000000        1.1891487450163296     
   2.5560000000000000        1.1918703314026333     
   2.5600000000000001        1.1946038408951067     
   2.5640000000000001        1.1973518396585223     
   2.5680000000000001        1.2001140614959174     
   2.5720000000000001        1.2028847857295941     
   2.5760000000000001        1.2056519567663873     
   2.5800000000000001        1.2083982043141064     
   2.5840000000000001        1.2111035850001566     
   2.5880000000000001        1.2137499202849571     
   2.5920000000000001        1.2163258959330947     
   2.5960000000000001        1.2188307747887375     
   2.6000000000000001        1.2212744284410728     
   2.6040000000000001        1.2236729816958405     
   2.6080000000000001        1.2260417583321555     
   2.6120000000000001        1.2283886892693057     
   2.6160000000000001        1.2307111486290634     
   2.6200000000000001        1.2329981760757951     
   2.6240000000000001        1.2352374192919895     
   2.6280000000000001        1.2374208013279595     
   2.6320000000000001        1.2395436579321966     
   2.6360000000000001        1.2416009868567892     
   2.6400000000000001        1.2435854707165885     
   2.6440000000000001        1.2454870360203967     
   2.6480000000000001        1.2472931073216753     
   2.6520000000000001        1.2489901622211519     
   2.6560000000000001        1.2505667191685748     
   2.6600000000000001        1.2520166785983111     
   2.6640000000000001        1.2533421318311819     
   2.6680000000000001        1.2545544732891085     
   2.6720000000000002        1.2556715698571637     
   2.6760000000000002        1.2567114055696749     
   2.6800000000000002        1.2576868813918856     
   2.6840000000000002        1.2586054698005251     
   2.6880000000000002        1.2594730399817478     
   2.6920000000000002        1.2602985319273161     
   2.6960000000000002        1.2610960718992170     
   2.7000000000000002        1.2618830490272772     
   2.7040000000000002        1.2626755383671677     
   2.7080000000000002        1.2634841890240724     
   2.7120000000000002        1.2643130540123058     
   2.7160000000000002        1.2651615256230089     
   2.7200000000000002        1.2660278479991962     
   2.7240000000000002        1.2669124428001675     
   2.7280000000000002        1.2678197199046022     
   2.7320000000000002        1.2687577630097253     
   2.7360000000000002        1.2697360434177756     
   2.7400000000000002        1.2707623577640439     
   2.7440000000000002        1.2718410387604973     
   2.7480000000000002        1.2729734182287566     
   2.7520000000000002        1.2741598606087428     
   2.7560000000000002        1.2754025964658922     
   2.7600000000000002        1.2767087462707398     
   2.7640000000000002        1.2780913549831676     
   2.7680000000000002        1.2795658330063004     
   2.7720000000000002        1.2811429799833258     
   2.7760000000000002        1.2828233167121914     
   2.7800000000000002        1.2845964750722247     
   2.7840000000000003        1.2864460172576415     
   2.7880000000000003        1.2883572989265570     
   2.7920000000000003        1.2903238991783725     
   2.7960000000000003        1.2923478993630393     
   2.8000000000000003        1.2944337064329769     
   2.8040000000000003        1.2965804151043288     
   2.8080000000000003        1.2987780655618291     
   2.8120000000000003        1.3010097299707628     
   2.8160000000000003        1.3032573058933863     
   2.8200000000000003        1.3055074948318046     
   2.8240000000000003        1.3077560276853173     
   2.8280000000000003        1.3100088356700725     
   2.8320000000000003        1.3122789477761434     
   2.8360000000000003        1.3145809416970773     
   2.8400000000000003        1.3169267047983384     
   2.8440000000000003        1.3193220539263888     
   2.8480000000000003        1.3217618320549578     
   2.8520000000000003        1.3242259895305464     
   2.8560000000000003        1.3266803510627416     
   2.8600000000000003        1.3290828661082148     
   2.8640000000000003        1.3313934530074338     
   2.8680000000000003        1.3335825424091738     
   2.8720000000000003        1.3356344402648019     
   2.8760000000000003        1.3375462824080262     
   2.8800000000000003        1.3393245269959886     
   2.8840000000000003        1.3409800703216339     
   2.8880000000000003        1.3425233847669489     
   2.8920000000000003        1.3439613984687715     
   2.8960000000000004        1.3452974813579073     
   2.9000000000000004        1.3465347070283427     
   2.9040000000000004        1.3476801871796278     
   2.9079999999999999        1.3487472237775928     
   2.9119999999999999        1.3497549485534106     
   2.9159999999999999        1.3507278701188741     
   2.9199999999999999        1.3516955470809666     
   2.9239999999999999        1.3526900022561987     
   2.9279999999999999        1.3537406980620301     
   2.9319999999999999        1.3548701470354803     
   2.9359999999999999        1.3560930376086802     
   2.9399999999999999        1.3574186436370783     
   2.9440000000000000        1.3588534069155775     
   2.9480000000000000        1.3604009677827977     
   2.9520000000000000        1.3620599271291796     
   2.9560000000000000        1.3638218753487197     
   2.9600000000000000        1.3656717442329114     
   2.9640000000000000        1.3675903766292439     
   2.9680000000000000        1.3695575762894341     
   2.9720000000000000        1.3715540437290394     
   2.9760000000000000        1.3735620483373996     
   2.9800000000000000        1.3755659433192222     
   2.9840000000000000        1.3775532857774588     
   2.9880000000000000        1.3795154523308664     
   2.9920000000000000        1.3814463928799343     
   2.9960000000000000        1.3833406514356044     
   3.0000000000000000        1.3851928054970917     
   3.0040000000000000        1.3869987022779529     
   3.0080000000000000        1.3887571217314298     
   3.0120000000000000        1.3904698719775903     
   3.0160000000000000        1.3921389963246700     
   3.0200000000000000        1.3937624694773183     
   3.0240000000000000        1.3953319883254001     
   3.0280000000000000        1.3968340661611425     
   3.0320000000000000        1.3982514356355717     
   3.0360000000000000        1.3995634356570876     
   3.0400000000000000        1.4007490008435028     
   3.0440000000000000        1.4017938318127106     
   3.0480000000000000        1.4026970609964751     
   3.0520000000000000        1.4034721205553284     
   3.0560000000000000        1.4041406505005798     
   3.0600000000000001        1.4047227234472528     
   3.0640000000000001        1.4052296942110361     
   3.0680000000000001        1.4056648399888407     
   3.0720000000000001        1.4060313782837104     
   3.0760000000000001        1.4063411458149089     
   3.0800000000000001        1.4066169825100574     
   3.0840000000000001        1.4068886588361988     
   3.0880000000000001        1.4071868321751064     
   3.0920000000000001        1.4075387582570131     
   3.0960000000000001        1.4079669921903932     
   3.1000000000000001        1.4084902322081301     
   3.1040000000000001        1.4091248527616638     
   3.1080000000000001        1.4098858892894679     
   3.1120000000000001        1.4107864480617935     
   3.1160000000000001        1.4118359046254361     
   3.1200000000000001        1.4130393733651330     
   3.1240000000000001        1.4144001462478188     
   3.1280000000000001        1.4159226366092525     
   3.1320000000000001        1.4176119988520401     
   3.1360000000000001        1.4194706304617586     
   3.1400000000000001        1.4214944751982699     
   3.1440000000000001        1.4236710367931975     
   3.1480000000000001        1.4259798579629503     
   3.1520000000000001        1.4283952722631861     
   3.1560000000000001        1.4308901911602894     
   3.1600000000000001        1.4334393394980085     
   3.1640000000000001        1.4360205964809463     
   3.1680000000000001        1.4386139917627097     
   3.1720000000000002        1.4411999685864383     
   3.1760000000000002        1.4437597119041383     
   3.1800000000000002        1.4462771299924400     
   3.1840000000000002        1.4487385108667661     
   3.1880000000000002        1.4511294597210607     
   3.1920000000000002        1.4534330472258705     
   3.1960000000000002        1.4556309206863718     
   3.2000000000000002        1.4577062658576663     
   3.2040000000000002        1.4596473650496780     
   3.2080000000000002        1.4614506791999509     
   3.2120000000000002        1.4631224599900037     
   3.2160000000000002        1.4646788023305348     
   3.2200000000000002        1.4661446055857372     
   3.2240000000000002        1.4675513733691772     
   3.2280000000000002        1.4689335311176472     
   3.2320000000000002        1.4703234389823516     
   3.2360000000000002        1.4717460223534768     
   3.2400000000000002        1.4732146808479578     
   3.2440000000000002        1.4747303441275135     
   3.2480000000000002        1.4762853329934504     
   3.2520000000000002        1.4778718169784861     
   3.2560000000000002        1.4794895412758071     
   3.2600000000000002        1.4811462854542727     
   3.2640000000000002        1.4828524257225326     
   3.2680000000000002        1.4846161925216248     
   3.2720000000000002        1.4864417906363743     
   3.2760000000000002        1.4883289086345717     
   3.2800000000000002        1.4902734648023372     
   3.2840000000000003        1.4922694568957473     
   3.2880000000000003        1.4943107519554422     
   3.2920000000000003        1.4963925473258797     
   3.2960000000000003        1.4985130337238042     
   3.3000000000000003        1.5006747664623790     
   3.3040000000000003        1.5028839340229556     
   3.3080000000000003        1.5051464707097300     
   3.3120000000000003        1.5074626610292821     
   3.3160000000000003        1.5098234448569916     
   3.3200000000000003        1.5122104380692780     
   3.3240000000000003        1.5145989606508734     
   3.3280000000000003        1.5169615040781042     
   3.3320000000000003        1.5192697236492612     
   3.3360000000000003        1.5214953598278216     
   3.3400000000000003        1.5236122746013050     
   3.3440000000000003        1.5256014101537787     
   3.3480000000000003        1.5274577232886100     
   3.3520000000000003        1.5291951829470121     
   3.3560000000000003        1.5308453769080672     
   3.3600000000000003        1.5324482061509999     
   3.3640000000000003        1.5340403601077444     
   3.3680000000000003        1.5356488162075483     
   3.3720000000000003        1.5372901262742933     
   3.3760000000000003        1.5389731217095004     
   3.3800000000000003        1.5407030008742129     
   3.3840000000000003        1.5424841751909295     
   3.3880000000000003        1.5443193500853984     
   3.3920000000000003        1.5462054158746157     
   3.3960000000000004        1.5481301856297394     
   3.4000000000000004        1.5500737630280339     
   3.4040000000000004        1.5520144240663099     
   3.4080000000000004        1.5539350059571522     
   3.4120000000000004        1.5558259284060028     
   3.4160000000000004        1.5576845370023871     
   3.4200000000000004        1.5595126975657494     
   3.4240000000000004        1.5613140382131685     
   3.4280000000000004        1.5630913829536601     
   3.4320000000000004        1.5648450015958335     
   3.4359999999999999        1.5665721179466034     
   3.4399999999999999        1.5682675718917363     
   3.4440000000000000        1.5699259030524397     
   3.4480000000000000        1.5715446670556601     
   3.4520000000000000        1.5731268388692659     
   3.4560000000000000        1.5746804673780688     
   3.4600000000000000        1.5762163028702909     
   3.4640000000000000        1.5777463195983583     
   3.4680000000000000        1.5792848673499689     
   3.4720000000000000        1.5808495695584810     
   3.4760000000000000        1.5824596101312574     
   3.4800000000000000        1.5841330667942555     
   3.4840000000000000        1.5858843700503213     
   3.4880000000000000        1.5877232134453119     
   3.4920000000000000        1.5896560206295118     
   3.4960000000000000        1.5916874657747839     
   3.5000000000000000        1.5938193207333977     
   3.5040000000000000        1.5960477863750340     
   3.5080000000000000        1.5983627405623149     
   3.5120000000000000        1.6007508123815892     
   3.5160000000000000        1.6032006594007109     
   3.5200000000000000        1.6057061377148714     
   3.5240000000000000        1.6082643652303514     
   3.5280000000000000        1.6108701218866175     
   3.5320000000000000        1.6135106248804858     
   3.5360000000000000        1.6161638454014275     
   3.5400000000000000        1.6188010630233873     
   3.5440000000000000        1.6213919165777608     
   3.5480000000000000        1.6239093464360612     
   3.5520000000000000        1.6263328958189087     
   3.5560000000000000        1.6286505409868948     
   3.5600000000000001        1.6308600860638540     
   3.5640000000000001        1.6329701277810760     
   3.5680000000000001        1.6349985717908875     
   3.5720000000000001        1.6369670730267547     
   3.5760000000000001        1.6388933748337111     
   3.5800000000000001        1.6407862074207653     
   3.5840000000000001        1.6426458676894728     
   3.5880000000000001        1.6444691333323933     
   3.5920000000000001        1.6462537335898317     
   3.5960000000000001        1.6479988539717791     
   3.6000000000000001        1.6497029549379676     
   3.6040000000000001        1.6513623226149117     
   3.6080000000000001        1.6529712010594193     
   3.6120000000000001        1.6545221256325480     
   3.6160000000000001        1.6560065944215279     
   3.6200000000000001        1.6574179398611886     
   3.6240000000000001        1.6587554035534762     
   3.6280000000000001        1.6600258012853060     
   3.6320000000000001        1.6612422314309929     
   3.6360000000000001        1.6624213843157163     
   3.6400000000000001        1.6635803103973259     
   3.6440000000000001        1.6647336112648208     
   3.6480000000000001        1.6658925323220510     
   3.6520000000000001        1.6670667948294569     
   3.6560000000000001        1.6682674955045433     
   3.6600000000000001        1.6695080880832949     
   3.6640000000000001        1.6708034518907169     
   3.6680000000000001        1.6721692595396094     
   3.6720000000000002        1.6736216364120056     
   3.6760000000000002        1.6751753655451083     
   3.6800000000000002        1.6768407306615090     
   3.6840000000000002        1.6786210138654025     
   3.6880000000000002        1.6805118151100429     
   3.6920000000000002        1.6825019088839184     
   3.6960000000000002        1.6845753380917572     
   3.7000000000000002        1.6867146115638558     
   3.7040000000000002        1.6889036129656556     
   3.7080000000000002        1.6911282221374617     
   3.7120000000000002        1.6933753819994035     
   3.7160000000000002        1.6956334524162959     
   3.7200000000000002        1.6978943447221935     
   3.7240000000000002        1.7001544138480937     
   3.7280000000000002        1.7024116168695815     
   3.7320000000000002        1.7046608929039198     
   3.7360000000000002        1.7068915708830079     
   3.7400000000000002        1.7090881725859306     
   3.7440000000000002        1.7112335118074868     
   3.7480000000000002        1.7133118429613017     
   3.7520000000000002        1.7153100541798953     
   3.7560000000000002        1.7172171735887485     
   3.7600000000000002        1.7190247720294323     
   3.7640000000000002        1.7207292858535235     
   3.7680000000000002        1.7223335701172846     
   3.7720000000000002        1.7238453870186332     
   3.7760000000000002        1.7252745573485142     
   3.7800000000000002        1.7266324375627788     
   3.7840000000000003        1.7279344964731180     
   3.7880000000000003        1.7292020288460068     
   3.7920000000000003        1.7304598069506103     
   3.7960000000000003        1.7317315085508580     
   3.8000000000000003        1.7330359244807179     
   3.8040000000000003        1.7343849085818972     
   3.8080000000000003        1.7357836427484852     
   3.8120000000000003        1.7372345929516828     
   3.8160000000000003        1.7387436551713433     
   3.8200000000000003        1.7403225010901262     
   3.8240000000000003        1.7419847014602996     
   3.8280000000000003        1.7437400648755452     
   3.8320000000000003        1.7455903924887257     
   3.8360000000000003        1.7475263093436670     
   3.8400000000000003        1.7495258687112700     
   3.8440000000000003        1.7515575162430341     
   3.8480000000000003        1.7535904383828267     
   3.8520000000000003        1.7556098147318506     
   3.8560000000000003        1.7576216842199881     
   3.8600000000000003        1.7596426442005721     
   3.8640000000000003        1.7616909984737992     
   3.8680000000000003        1.7637850602478535     
   3.8720000000000003        1.7659420958037282     
   3.8760000000000003        1.7681752748469022     
   3.8800000000000003        1.7704904179736511     
   3.8840000000000003        1.7728848975649809     
   3.8880000000000003        1.7753500044548074     
   3.8920000000000003        1.7778751104628308     
   3.8960000000000004        1.7804495640865272     
   3.9000000000000004        1.7830605889532549     
