    0.004671    0.000000
    0.009342    0.000000
    0.014013    0.000000
    0.018684    0.000000
    0.023355    0.000000
    0.028026    0.000000
    0.032697    0.000000
    0.037368    0.000000
    0.042039    0.000000
    0.046710    0.000000
    0.051381    0.000000
    0.056052    0.000000
    0.060723    0.000000
    0.065394    0.000000
    0.070065    0.000000
    0.074736    0.000000
    0.079407    0.000000
    0.084078    0.000000
    0.088749    0.000000
    0.093420    0.000000
    0.098091    0.000000
    0.102762    0.000000
    0.107433    0.000000
    0.112104    0.000000
    0.116775    0.000000
    0.121446    0.000000
    0.126117    0.000000
    0.130788    0.000000
    0.135459    0.000000
    0.140130    0.000000
    0.144801    0.000000
    0.149472    0.000000
    0.154143    0.000000
    0.158814    0.000000
    0.163485    0.000000
    0.168156    0.000000
    0.172827    0.000000
    0.177498    0.000000
    0.182169    0.000000
    0.186840    0.000000
    0.191511    0.000000
    0.196182    0.000000
    0.200853    0.000000
    0.205524    0.000000
    0.210195    0.000000
    0.214866    0.000000
    0.219537    0.000000
    0.224208    0.000000
    0.228879    0.000000
    0.233550    0.000000
    0.238221    0.000000
    0.242892    0.000000
    0.247563    0.000000
    0.252234    0.000000
    0.256905    0.000000
    0.261576    0.000000
    0.266247    0.000000
    0.270918    0.000000
    0.275589    0.000000
    0.280260    0.000000
    0.284931    0.000000
    0.289602    0.000000
    0.294273    0.000000
    0.298944    0.000000
    0.303615    0.000000
    0.308286    0.000000
    0.312957    0.000000
    0.317628    0.000000
    0.322299    0.000000
    0.326970    0.000000
    0.331641    0.000000
    0.336312    0.000000
    0.340983    0.000000
    0.345654    0.000000
    0.350325    0.000000
    0.354996    0.000000
    0.359667    0.000000
    0.364338    0.000000
    0.369009    0.000000
    0.373680    0.000000
    0.378351    0.000000
    0.383022    0.000000
    0.387693    0.000000
    0.392364    0.000000
    0.397035    0.000000
    0.401706    0.000000
    0.406377    0.000000
    0.411048    0.000000
    0.415719    0.000000
    0.420390    0.000000
    0.425061    0.000000
    0.429732    0.000000
    0.434403    0.000000
    0.439074    0.000000
    0.443745    0.000000
    0.448416    0.000000
    0.453087    0.000000
    0.457758    0.000000
    0.462429    0.000000
    0.467100    0.000000
    0.471771    0.000000
    0.476442    0.000000
    0.481113    0.000000
    0.485784    0.000000
    0.490455    0.000000
    0.495126    0.000000
    0.499797    0.000000
    0.504468    0.000000
    0.509139    0.000000
    0.513810    0.000000
    0.518481    0.000000
    0.523152    0.000000
    0.527823    0.000000
    0.532494    0.000000
    0.537165    0.000000
    0.541836    0.000000
    0.546507    0.000000
    0.551178    0.000000
    0.555849    0.000000
    0.560520    0.000000
    0.565191    0.000000
    0.569862    0.000000
    0.574533    0.000000
    0.579204    0.000000
    0.583875    0.000000
    0.588546    0.000000
    0.593217    0.000000
    0.597888    0.000000
    0.602559    0.000000
    0.607230    0.000000
    0.611901    0.000000
    0.616572    0.000000
    0.621243    0.000000
    0.625914    0.000000
    0.630585    0.000000
    0.635256    0.000000
    0.639927    0.000000
    0.644598    0.000000
    0.649269    0.000000
    0.653940    0.000000
    0.658611    0.000000
    0.663282    0.000000
    0.667953    0.000000
    0.672624    0.000000
    0.677295    0.000000
    0.681966    0.000000
    0.686637    0.000000
    0.691308    0.000000
    0.695979    0.000000
    0.700650    0.000000
    0.705321    0.000000
    0.709992    0.000000
    0.714663    0.000000
    0.719334    0.000000
    0.724005    0.000000
    0.728676    0.000000
    0.733347    0.000000
    0.738018    0.000000
    0.742689    0.000000
    0.747360    0.000000
    0.752031    0.000000
    0.756702    0.000000
    0.761373    0.000000
    0.766044    0.000000
    0.770715    0.000000
    0.775386    0.000000
    0.780057    0.000000
    0.784728    0.000000
    0.789399    0.000000
    0.794070    0.000000
    0.798741    0.000002
    0.803412    0.000004
    0.808083    0.000007
    0.812754    0.000014
    0.817425    0.000026
    0.822096    0.000055
    0.826767    0.000106
    0.831438    0.000229
    0.836109    0.000415
    0.840780    0.000739
    0.845451    0.001406
    0.850122    0.002507
    0.854793    0.004261
    0.859464    0.007021
    0.864135    0.011038
    0.868806    0.016795
    0.873477    0.024876
    0.878148    0.035521
    0.882819    0.049372
    0.887490    0.067285
    0.892161    0.090393
    0.896832    0.118919
    0.901503    0.153469
    0.906174    0.194560
    0.910845    0.242843
    0.915516    0.298618
    0.920187    0.362745
    0.924858    0.434869
    0.929529    0.515671
    0.934200    0.603982
    0.938871    0.700702
    0.943542    0.805388
    0.948213    0.916524
    0.952884    1.036467
    0.957555    1.163747
    0.962226    1.298069
    0.966897    1.437636
    0.971568    1.582905
    0.976239    1.733141
    0.980910    1.888176
    0.985581    2.047153
    0.990252    2.208419
    0.994923    2.373031
    0.999594    2.539149
    1.004265    2.706740
    1.008936    2.876295
    1.013607    3.047811
    1.018278    3.220456
    1.022949    3.392893
    1.027620    3.563626
    1.032291    3.734700
    1.036962    3.904099
    1.041633    4.071375
    1.046304    4.237993
    1.050975    4.403026
    1.055646    4.566754
    1.060317    4.730018
    1.064988    4.890403
    1.069659    5.048646
    1.074330    5.205306
    1.079001    5.358831
    1.083672    5.509692
    1.088343    5.658749
    1.093014    5.805862
    1.097685    5.950112
    1.102356    6.092903
    1.107027    6.233061
    1.111698    6.371047
    1.116369    6.506396
    1.121040    6.640215
    1.125711    6.770773
    1.130382    6.899402
    1.135053    7.027505
    1.139724    7.152350
    1.144395    7.275089
    1.149066    7.394697
    1.153737    7.512128
    1.158408    7.627510
    1.163079    7.740950
    1.167750    7.852795
    1.172421    7.961939
    1.177092    8.069900
    1.181763    8.176848
    1.186434    8.282288
    1.191105    8.385844
    1.195776    8.489028
    1.200447    8.591420
    1.205118    8.691311
    1.209789    8.789516
    1.214460    8.886332
    1.219131    8.981237
    1.223802    9.074470
    1.228473    9.166188
    1.233144    9.257211
    1.237815    9.347252
    1.242486    9.436433
    1.247157    9.524825
    1.251828    9.611521
    1.256499    9.697682
    1.261170    9.782641
    1.265841    9.867002
    1.270512    9.950651
    1.275183   10.033057
    1.279854   10.114352
    1.284525   10.196184
    1.289196   10.277808
    1.293867   10.358960
    1.298538   10.439026
    1.303209   10.518370
    1.307880   10.597231
    1.312551   10.674882
    1.317222   10.752080
    1.321893   10.828930
    1.326564   10.906221
    1.331235   10.982833
    1.335906   11.059523
    1.340577   11.136099
    1.345248   11.212122
    1.349919   11.287698
    1.354590   11.363313
    1.359261   11.439545
    1.363932   11.515439
    1.368603   11.592179
    1.373274   11.668559
    1.377945   11.744714
    1.382616   11.821217
    1.387287   11.896331
    1.391958   11.972030
    1.396629   12.048059
    1.401300   12.124607
    1.405971   12.201325
    1.410642   12.277855
    1.415313   12.355159
    1.419984   12.432163
    1.424655   12.508926
    1.429326   12.585948
    1.433997   12.664310
    1.438668   12.743108
    1.443339   12.822401
    1.448010   12.901834
    1.452681   12.982308
    1.457352   13.062897
    1.462023   13.144195
    1.466694   13.226042
    1.471365   13.308245
    1.476036   13.391495
    1.480707   13.475407
    1.485378   13.560460
    1.490049   13.646552
    1.494720   13.733585
    1.499391   13.821524
    1.504062   13.910879
    1.508733   14.001368
    1.513404   14.093235
    1.518075   14.185810
    1.522746   14.279264
    1.527417   14.374257
    1.532088   14.470476
    1.536759   14.568092
    1.541430   14.667241
    1.546101   14.767505
    1.550772   14.869591
    1.555443   14.973484
    1.560114   15.079040
    1.564785   15.186303
    1.569456   15.295114
    1.574127   15.405833
    1.578798   15.517506
    1.583469   15.631061
    1.588140   15.746215
    1.592811   15.863382
    1.597482   15.983009
    1.602153   16.104370
    1.606824   16.228616
    1.611495   16.355407
    1.616166   16.483223
    1.620837   16.612538
    1.625508   16.742884
    1.630179   16.875813
    1.634850   17.010510
    1.639521   17.147591
    1.644192   17.287021
    1.648863   17.429679
    1.653534   17.574122
    1.658205   17.720999
    1.662876   17.870209
    1.667547   18.021483
    1.672218   18.176729
    1.676889   18.335585
    1.681560   18.495814
    1.686231   18.658194
    1.690902   18.823854
    1.695573   18.992254
    1.700244   19.162097
    1.704915   19.334229
    1.709586   19.509033
    1.714257   19.687317
    1.718928   19.868867
    1.723599   20.053398
    1.728270   20.240486
    1.732941   20.430245
    1.737612   20.622652
    1.742283   20.817950
    1.746954   21.016316
    1.751625   21.217379
    1.756296   21.422503
    1.760967   21.630392
    1.765638   21.842261
    1.770309   22.056806
    1.774980   22.273141
    1.779651   22.492600
    1.784322   22.714677
    1.788993   22.938667
    1.793664   23.165807
    1.798335   23.395395
    1.803006   23.626585
    1.807677   23.860776
    1.812348   24.097912
    1.817019   24.337305
    1.821690   24.579816
    1.826361   24.823817
    1.831032   25.070635
    1.835703   25.319979
    1.840374   25.571837
    1.845045   25.827017
    1.849716   26.084458
    1.854387   26.344094
    1.859058   26.605581
    1.863729   26.870428
    1.868400   27.136490
    1.873071   27.406083
    1.877742   27.676932
    1.882413   27.949886
    1.887084   28.223922
    1.891755   28.500032
    1.896426   28.778426
    1.901097   29.059275
    1.905768   29.341317
    1.910439   29.625729
    1.915110   29.911868
    1.919781   30.200095
    1.924452   30.490071
    1.929123   30.782546
    1.933794   31.075284
    1.938465   31.367850
    1.943136   31.660613
    1.947807   31.956545
    1.952478   32.251746
    1.957149   32.549234
    1.961820   32.847644
    1.966491   33.145722
    1.971162   33.444125
    1.975833   33.744020
    1.980504   34.044277
    1.985175   34.344828
    1.989846   34.645174
    1.994517   34.948752
    1.999188   35.251054
    2.003859   35.553113
    2.008530   35.853982
    2.013201   36.154417
    2.017872   36.456002
    2.022543   36.756762
    2.027214   37.057026
    2.031885   37.357843
    2.036556   37.659861
    2.041227   37.959328
    2.045898   38.257341
    2.050569   38.555093
    2.055240   38.853394
    2.059911   39.151324
    2.064582   39.448889
    2.069253   39.743943
    2.073924   40.037519
    2.078595   40.332837
    2.083266   40.628054
    2.087937   40.922592
    2.092608   41.215786
    2.097279   41.508418
    2.101950   41.801026
    2.106621   42.093119
    2.111292   42.383739
    2.115963   42.674289
    2.120634   42.963260
    2.125305   43.251766
    2.129976   43.538503
    2.134647   43.826282
    2.139318   44.113777
    2.143989   44.399772
    2.148660   44.684415
    2.153331   44.968236
    2.158002   45.252077
    2.162673   45.534996
    2.167344   45.818031
    2.172015   46.100947
    2.176686   46.381598
    2.181357   46.662502
    2.186028   46.943734
    2.190699   47.223196
    2.195370   47.502931
    2.200041   47.782690
    2.204712   48.061236
    2.209383   48.342114
    2.214054   48.622334
    2.218725   48.901043
    2.223396   49.179257
    2.228067   49.457984
    2.232738   49.736201
    2.237409   50.014836
    2.242080   50.293113
    2.246751   50.571853
    2.251422   50.850683
    2.256093   51.128883
    2.260764   51.406205
    2.265435   51.685467
    2.270106   51.966196
    2.274777   52.247010
    2.279448   52.527277
    2.284119   52.807614
    2.288790   53.089893
    2.293461   53.372488
    2.298132   53.656147
    2.302803   53.940368
    2.307474   54.226569
    2.312145   54.513992
    2.316816   54.801168
    2.321487   55.089269
    2.326158   55.377988
    2.330829   55.667364
    2.335500   55.955769
    2.340171   56.245411
    2.344842   56.535188
    2.349513   56.827418
    2.354184   57.122256
    2.358855   57.418138
    2.363526   57.715718
    2.368197   58.014433
    2.372868   58.315714
    2.377539   58.619212
    2.382210   58.923026
    2.386881   59.229373
    2.391552   59.537125
    2.396223   59.847164
    2.400894   60.158433
    2.405565   60.470403
    2.410236   60.784159
    2.414907   61.101622
    2.419578   61.421433
    2.424249   61.741790
    2.428920   62.065325
    2.433591   62.391341
    2.438262   62.720669
    2.442933   63.052235
    2.447604   63.385403
    2.452275   63.722276
    2.456946   64.060861
    2.461617   64.400545
    2.466288   64.743441
    2.470959   65.089440
    2.475630   65.437775
    2.480301   65.788124
    2.484972   66.139903
    2.489643   66.493171
    2.494314   66.848726
    2.498985   67.207692
    2.503656   67.569665
    2.508327   67.934879
    2.512998   68.302110
    2.517669   68.673752
    2.522340   69.048026
    2.527011   69.424879
    2.531682   69.804446
    2.536353   70.186466
    2.541024   70.571794
    2.545695   70.960150
    2.550366   71.351011
    2.555037   71.744745
    2.559708   72.142021
    2.564379   72.541865
    2.569050   72.942279
    2.573721   73.346755
    2.578392   73.754841
    2.583063   74.165934
    2.587734   74.580896
    2.592405   74.996170
    2.597076   75.414725
    2.601747   75.838257
    2.606418   76.264812
    2.611089   76.693785
    2.615760   77.127590
    2.620431   77.565339
    2.625102   78.006181
    2.629773   78.449630
    2.634444   78.895741
    2.639115   79.345918
    2.643786   79.796960
    2.648457   80.251538
    2.653128   80.709370
    2.657799   81.168072
    2.662470   81.630010
    2.667141   82.095076
    2.671812   82.561345
    2.676483   83.031925
    2.681154   83.505779
    2.685825   83.982369
    2.690496   84.460944
    2.695167   84.941094
    2.699838   85.424108
    2.704509   85.910208
    2.709180   86.399230
    2.713851   86.890203
    2.718522   87.383836
    2.723193   87.878894
    2.727864   88.376427
    2.732535   88.877842
    2.737206   89.380817
    2.741877   89.886421
    2.746548   90.393563
    2.751219   90.902592
    2.755890   91.415084
    2.760561   91.929139
    2.765232   92.444361
    2.769903   92.961145
    2.774574   93.478532
    2.779245   93.997064
    2.783916   94.518523
    2.788587   95.041844
    2.793258   95.567423
    2.797929   96.094687
    2.802600   96.623021
    2.807271   97.152296
    2.811942   97.684094
    2.816613   98.218457
    2.821284   98.754104
    2.825955   99.289216
    2.830626   99.827561
    2.835297  100.365681
    2.839968  100.906010
    2.844639  101.447445
    2.849310  101.991575
    2.853981  102.535803
    2.858652  103.082453
    2.863323  103.630297
    2.867994  104.178413
    2.872665  104.726563
    2.877336  105.276595
    2.882007  105.828946
    2.886678  106.380651
    2.891349  106.935050
    2.896020  107.489872
    2.900691  108.044475
    2.905362  108.600053
    2.910033  109.157021
    2.914704  109.714081
    2.919375  110.270890
    2.924046  110.828802
    2.928717  111.387465
    2.933388  111.946393
    2.938059  112.505291
    2.942730  113.065842
    2.947401  113.627074
    2.952072  114.191232
    2.956743  114.754739
    2.961414  115.318459
    2.966085  115.882729
    2.970756  116.447181
    2.975427  117.012842
    2.980098  117.577511
    2.984769  118.142279
    2.989440  118.706838
    2.994111  119.272933
    2.998782  119.840078
    3.003453  120.407204
    3.008124  120.975764
    3.012795  121.544483
    3.017466  122.112838
    3.022137  122.679859
    3.026808  123.250097
    3.031479  123.821760
    3.036150  124.393275
    3.040821  124.965107
    3.045492  125.538745
    3.050163  126.111542
    3.054834  126.685616
    3.059505  127.258908
    3.064176  127.832596
    3.068847  128.407709
    3.073518  128.982288
    3.078189  129.557342
    3.082860  130.134770
    3.087531  130.711603
    3.092202  131.289414
    3.096873  131.868578
    3.101544  132.448396
    3.106215  133.028312
    3.110886  133.608432
    3.115557  134.189068
    3.120228  134.771555
    3.124899  135.355204
    3.129570  135.939164
    3.134241  136.522307
    3.138912  137.107017
    3.143583  137.692261
    3.148254  138.279239
    3.152925  138.867884
    3.157596  139.459037
    3.162267  140.051148
    3.166938  140.642462
    3.171609  141.237396
    3.176280  141.832898
    3.180951  142.429976
    3.185622  143.029159
    3.190293  143.629349
    3.194964  144.232152
    3.199635  144.834276
    3.204306  145.438617
    3.208977  146.044629
    3.213648  146.652888
    3.218319  147.262874
    3.222990  147.874486
    3.227661  148.486869
    3.232332  149.100300
    3.237003  149.716634
    3.241674  150.334943
    3.246345  150.955949
    3.251016  151.578717
    3.255687  152.203859
    3.260358  152.830662
    3.265029  153.460439
    3.269700  154.091187
    3.274371  154.725398
    3.279042  155.360603
    3.283713  155.997736
    3.288384  156.635090
    3.293055  157.275392
    3.297726  157.917740
    3.302397  158.561770
    3.307068  159.208962
    3.311739  159.859476
    3.316410  160.514707
    3.321081  161.170945
    3.325752  161.829729
    3.330423  162.491768
    3.335094  163.157619
    3.339765  163.826692
    3.344436  164.497922
    3.349107  165.172107
    3.353778  165.848449
    3.358449  166.528240
    3.363120  167.210692
    3.367791  167.896953
    3.372462  168.585546
    3.377133  169.275232
    3.381804  169.966729
    3.386475  170.659980
    3.391146  171.356335
    3.395817  172.056055
    3.400488  172.757011
    3.405159  173.461340
    3.409830  174.170853
    3.414501  174.883576
    3.419172  175.598224
    3.423843  176.316471
    3.428514  177.039092
    3.433185  177.763434
    3.437856  178.490429
    3.442527  179.218121
    3.447198  179.948660
    3.451869  180.682482
    3.456540  181.421628
    3.461211  182.164375
    3.465882  182.909363
    3.470553  183.657924
    3.475224  184.408570
    3.479895  185.161040
    3.484566  185.917172
    3.489237  186.678158
    3.493908  187.440680
    3.498579  188.206849
    3.503250  188.976339
    3.507921  189.748899
    3.512592  190.520997
    3.517263  191.296673
    3.521934  192.076255
    3.526605  192.860957
    3.531276  193.648357
    3.535947  194.437727
    3.540618  195.229497
    3.545289  196.025563
    3.549960  196.825225
    3.554631  197.626501
    3.559302  198.430395
    3.563973  199.239673
    3.568644  200.050481
    3.573315  200.863717
    3.577986  201.679391
    3.582657  202.497186
    3.587328  203.318945
    3.591999  204.142181
    3.596670  204.967690
    3.601341  205.794995
    3.606012  206.627202
    3.610683  207.461699
    3.615354  208.298297
    3.620025  209.137106
    3.624696  209.978386
    3.629367  210.824992
    3.634038  211.673504
    3.638709  212.522265
    3.643380  213.374284
    3.648051  214.228821
    3.652722  215.085616
    3.657393  215.943577
    3.662064  216.804674
    3.666735  217.668205
    3.671406  218.532708
    3.676077  219.400258
    3.680748  220.270149
    3.685419  221.142001
    3.690090  222.016516
    3.694761  222.893710
    3.699432  223.771366
    3.704103  224.649499
    3.708774  225.532061
    3.713445  226.415738
    3.718116  227.302040
    3.722787  228.191101
    3.727458  229.081415
    3.732129  229.973713
    3.736800  230.867238
    3.741471  231.760573
    3.746142  232.657375
    3.750813  233.556814
    3.755484  234.457855
    3.760155  235.360409
    3.764826  236.265607
    3.769497  237.171303
    3.774168  238.078598
    3.778839  238.986511
    3.783510  239.896464
    3.788181  240.807446
    3.792852  241.720248
    3.797523  242.634519
    3.802194  243.550262
    3.806865  244.467719
    3.811536  245.385487
    3.816207  246.305879
    3.820878  247.227855
    3.825549  248.151673
    3.830220  249.075678
    3.834891  250.001978
    3.839562  250.930054
    3.844233  251.858681
    3.848904  252.787979
    3.853575  253.718330
    3.858246  254.651952
    3.862917  255.585864
    3.867588  256.519699
    3.872259  257.455321
    3.876930  258.394284
    3.881601  259.335396
    3.886272  260.280647
    3.890943  261.225695
    3.895614  262.169254
    3.900285  263.116062
    3.904956  264.064494
    3.909627  265.012681
    3.914298  265.960137
    3.918969  266.909610
    3.923640  267.861374
    3.928311  268.813992
    3.932982  269.768053
    3.937653  270.723304
    3.942324  271.680456
    3.946995  272.640907
    3.951666  273.604459
    3.956337  274.570333
    3.961008  275.538011
    3.965679  276.510465
    3.970350  277.484070
    3.975021  278.458119
    3.979692  279.433071
    3.984363  280.409295
    3.989034  281.387784
    3.993705  282.368235
    3.998376  283.352244
    4.003047  284.335612
    4.007718  285.319773
    4.012389  286.307916
    4.017060  287.296065
    4.021731  288.287870
    4.026402  289.280231
    4.031073  290.275449
    4.035744  291.272153
    4.040415  292.270382
    4.045086  293.268302
    4.049757  294.269393
    4.054428  295.274869
    4.059099  296.282847
    4.063770  297.290508
    4.068441  298.299427
    4.073112  299.308701
    4.077783  300.321349
    4.082454  301.337010
    4.087125  302.355634
    4.091796  303.375870
    4.096467  304.398151
    4.101138  305.420230
    4.105809  306.444494
    4.110480  307.471796
    4.115151  308.500794
    4.119822  309.534227
    4.124493  310.572293
    4.129164  311.609052
    4.133835  312.648468
    4.138506  313.689641
    4.143177  314.732303
    4.147848  315.781669
    4.152519  316.832735
    4.157190  317.881729
    4.161861  318.933455
    4.166532  319.987546
    4.171203  321.043895
    4.175874  322.104169
    4.180545  323.165445
    4.185216  324.230453
    4.189887  325.296257
    4.194558  326.365496
    4.199229  327.435773
    4.203900  328.509034
    4.208571  329.587207
    4.213242  330.670392
    4.217913  331.757174
    4.222584  332.846878
    4.227255  333.939810
    4.231926  335.035828
    4.236597  336.135078
    4.241268  337.240985
    4.245939  338.348729
    4.250610  339.456699
    4.255281  340.569725
    4.259952  341.685978
    4.264623  342.806026
    4.269294  343.927001
    4.273965  345.050077
    4.278636  346.178271
    4.283307  347.311579
    4.287978  348.447421
    4.292649  349.585240
    4.297320  350.726506
    4.301991  351.869187
    4.306662  353.014650
    4.311333  354.164172
    4.316004  355.316356
    4.320675  356.476821
    4.325346  357.638854
    4.330017  358.803738
    4.334688  359.968359
    4.339359  361.137618
    4.344030  362.307963
    4.348701  363.481520
    4.353372  364.658369
    4.358043  365.840047
    4.362714  367.022960
    4.367385  368.210272
    4.372056  369.402022
    4.376727  370.596826
    4.381398  371.795930
    4.386069  372.999639
    4.390740  374.205438
    4.395411  375.414831
    4.400082  376.625874
    4.404753  377.841581
    4.409424  379.062325
    4.414095  380.284097
    4.418766  381.509742
    4.423437  382.736598
    4.428108  383.968600
    4.432779  385.203204
    4.437450  386.436524
    4.442121  387.669933
    4.446792  388.908795
    4.451463  390.153178
    4.456134  391.399680
    4.460805  392.649287
    4.465476  393.902671
    4.470147  395.154397
    4.474818  396.409699
    4.479489  397.670994
    4.484160  398.937074
    4.488831  400.205257
    4.493502  401.472725
    4.498173  402.746207
    4.502844  404.021289
    4.507515  405.301433
    4.512186  406.584738
    4.516857  407.872900
    4.521528  409.162753
    4.526199  410.457757
    4.530870  411.752513
    4.535541  413.048087
    4.540212  414.347882
    4.544883  415.649865
    4.549554  416.955842
    4.554225  418.263134
    4.558896  419.572448
    4.563567  420.879284
    4.568238  422.191885
    4.572909  423.506018
    4.577580  424.819138
    4.582251  426.139343
    4.586922  427.459901
    4.591593  428.782885
    4.596264  430.110002
    4.600935  431.440075
    4.605606  432.772908
    4.610277  434.105407
    4.614948  435.443290
    4.619619  436.783556
    4.624290  438.126142
    4.628961  439.472995
    4.633632  440.817720
    4.638303  442.162094
    4.642974  443.511857
    4.647645  444.866377
    4.652316  446.223290
    4.656987  447.582003
    4.661658  448.938443
    4.666329  450.301231
    4.671000  451.666015
