  -5.0503866  -5.9299392   0.8795526
  -5.0503867  -5.9389134   0.8885267
  -5.0503867  -5.9445175   0.8941309
  -5.0503866  -5.9462402   0.8958536
  -5.0503866  -5.9461173   0.8957307
  -5.0503866  -5.9464147   0.8960281
  -5.0503866  -5.9474103   0.8970237
  -5.0503867  -5.9470308   0.8966441
  -5.0503866  -5.9442609   0.8938743
  -5.0503866  -5.9410109   0.8906243
  -5.0503866  -5.9395002   0.8891136
  -5.0503866  -5.9404094   0.8900228
  -5.0503867  -5.9431624   0.8927757
  -5.0503866  -5.9462784   0.8958917
  -5.0503866  -5.9489800   0.8985934
  -5.0503866  -5.9517240   0.9013374
  -5.0503866  -5.9539945   0.9036079
  -5.0503867  -5.9535557   0.9031690
  -5.0503867  -5.9482070   0.8978203
  -5.0503867  -5.9383881   0.8880014
  -5.0503865  -5.9276738   0.8772872
  -5.0503865  -5.9196378   0.8692513
  -5.0503865  -5.9153828   0.8649964
  -5.0503866  -5.9147363   0.8643497
  -5.0503866  -5.9169631   0.8665765
  -5.0503867  -5.9198896   0.8695029
  -5.0503867  -5.9217104   0.8713237
  -5.0503866  -5.9235104   0.8731238
  -5.0503865  -5.9284657   0.8780792
  -5.0503864  -5.9382862   0.8878997
  -5.0503866  -5.9508160   0.9004293
  -5.0503868  -5.9612769   0.9108901
  -5.0503868  -5.9656490   0.9152623
  -5.0503867  -5.9629111   0.9125245
  -5.0503866  -5.9550951   0.9047084
  -5.0503865  -5.9459156   0.8955290
  -5.0503866  -5.9385104   0.8881239
  -5.0503866  -5.9331417   0.8827551
  -5.0503867  -5.9272303   0.8768436
  -5.0503867  -5.9185265   0.8681398
  -5.0503866  -5.9080420   0.8576554
  -5.0503865  -5.8997864   0.8493999
  -5.0503865  -5.8974274   0.8470409
  -5.0503866  -5.9019315   0.8515449
  -5.0503866  -5.9123748   0.8619883
  -5.0503866  -5.9267227   0.8763361
  -5.0503866  -5.9423525   0.8919659
  -5.0503867  -5.9568140   0.9064273
  -5.0503867  -5.9678811   0.9174943
  -5.0503869  -5.9730397   0.9226528
  -5.0503869  -5.9696619   0.9192750
  -5.0503868  -5.9575250   0.9071382
  -5.0503866  -5.9413244   0.8909378
  -5.0503865  -5.9283747   0.8779883
  -5.0503866  -5.9223954   0.8720088
  -5.0503866  -5.9218071   0.8714205
  -5.0503866  -5.9245971   0.8742105
  -5.0503867  -5.9290291   0.8786424
  -5.0503868  -5.9321524   0.8817656
  -5.0503867  -5.9317511   0.8813644
  -5.0503866  -5.9278975   0.8775109
  -5.0503866  -5.9229772   0.8725906
  -5.0503865  -5.9203079   0.8699214
  -5.0503865  -5.9218810   0.8714944
  -5.0503865  -5.9276931   0.8773066
  -5.0503866  -5.9362018   0.8858152
  -5.0503867  -5.9452360   0.8948493
  -5.0503867  -5.9528819   0.9024952
  -5.0503867  -5.9575419   0.9071552
  -5.0503866  -5.9593329   0.9089463
  -5.0503866  -5.9605794   0.9101928
  -5.0503866  -5.9635492   0.9131626
  -5.0503866  -5.9678510   0.9174644
  -5.0503867  -5.9705098   0.9201231
  -5.0503867  -5.9683461   0.9179594
  -5.0503868  -5.9601661   0.9097794
  -5.0503866  -5.9471663   0.8967796
  -5.0503866  -5.9326319   0.8822453
  -5.0503865  -5.9212412   0.8708547
  -5.0503866  -5.9160821   0.8656955
  -5.0503867  -5.9157849   0.8653982
  -5.0503867  -5.9164528   0.8660661
  -5.0503867  -5.9156164   0.8652297
  -5.0503866  -5.9136175   0.8632309
  -5.0503866  -5.9129339   0.8625474
  -5.0503866  -5.9159673   0.8655808
  -5.0503867  -5.9219938   0.8716071
  -5.0503868  -5.9273658   0.8769790
  -5.0503867  -5.9293746   0.8789879
  -5.0503867  -5.9279502   0.8775635
  -5.0503867  -5.9244045   0.8740179
  -5.0503866  -5.9209627   0.8705761
  -5.0503865  -5.9209993   0.8706128
  -5.0503865  -5.9269234   0.8765369
  -5.0503866  -5.9368770   0.8864903
  -5.0503867  -5.9457348   0.8953480
  -5.0503867  -5.9496211   0.8992344
  -5.0503866  -5.9488757   0.8984891
  -5.0503866  -5.9467810   0.8963944
  -5.0503866  -5.9456452   0.8952586
  -5.0503866  -5.9459627   0.8955761
  -5.0503866  -5.9480855   0.8976989
  -5.0503866  -5.9521124   0.9017258
  -5.0503867  -5.9565095   0.9061228
  -5.0503868  -5.9581466   0.9077598
  -5.0503867  -5.9547877   0.9044009
  -5.0503866  -5.9477507   0.8973641
  -5.0503866  -5.9410347   0.8906481
  -5.0503865  -5.9377533   0.8873668
  -5.0503866  -5.9381576   0.8877711
  -5.0503867  -5.9402260   0.8898393
  -5.0503867  -5.9411507   0.8907640
  -5.0503867  -5.9389418   0.8885551
  -5.0503867  -5.9331308   0.8827441
  -5.0503867  -5.9249639   0.8745772
  -5.0503866  -5.9170632   0.8666766
  -5.0503866  -5.9121833   0.8617967
  -5.0503865  -5.9128474   0.8624609
  -5.0503865  -5.9207415   0.8703551
  -5.0503866  -5.9341118   0.8837252
  -5.0503867  -5.9472159   0.8968293
  -5.0503868  -5.9544926   0.9041058
  -5.0503868  -5.9539382   0.9035515
  -5.0503868  -5.9463466   0.8959599
  -5.0503866  -5.9339563   0.8835696
  -5.0503865  -5.9211752   0.8707887
  -5.0503864  -5.9141622   0.8637759
  -5.0503865  -5.9164712   0.8660847
  -5.0503866  -5.9261338   0.8757472
  -5.0503866  -5.9379888   0.8876022
  -5.0503869  -5.9462261   0.8958392
  -5.0503869  -5.9459469   0.8955600
  -5.0503868  -5.9364055   0.8860187
  -5.0503867  -5.9213648   0.8709782
  -5.0503866  -5.9051033   0.8547167
  -5.0503865  -5.8921446   0.8417581
  -5.0503865  -5.8880120   0.8376255
  -5.0503864  -5.8959489   0.8455625
  -5.0503865  -5.9141460   0.8637595
  -5.0503867  -5.9373632   0.8869765
  -5.0503868  -5.9599800   0.9095933
  -5.0503869  -5.9771879   0.9268011
  -5.0503869  -5.9854399   0.9350531
  -5.0503868  -5.9838730   0.9334862
  -5.0503866  -5.9751893   0.9248027
  -5.0503866  -5.9640659   0.9136793
  -5.0503865  -5.9544590   0.9040725
  -5.0503866  -5.9479786   0.8975920
  -5.0503866  -5.9435053   0.8931187
  -5.0503867  -5.9395874   0.8892007
  -5.0503866  -5.9371958   0.8868093
  -5.0503866  -5.9378447   0.8874581
  -5.0503868  -5.9407077   0.8903209
  -5.0503867  -5.9433912   0.8930045
  -5.0503867  -5.9449473   0.8945606
  -5.0503866  -5.9465260   0.8961394
  -5.0503867  -5.9485274   0.8981407
  -5.0503867  -5.9494170   0.8990302
  -5.0503868  -5.9469611   0.8965744
  -5.0503867  -5.9398914   0.8895046
  -5.0503866  -5.9299004   0.8795138
  -5.0503866  -5.9211886   0.8708021
  -5.0503865  -5.9171258   0.8667393
  -5.0503866  -5.9183110   0.8679244
  -5.0503867  -5.9237720   0.8733853
  -5.0503867  -5.9322857   0.8818990
  -5.0503867  -5.9424472   0.8920606
  -5.0503868  -5.9515077   0.9011209
  -5.0503869  -5.9547880   0.9044011
  -5.0503868  -5.9494118   0.8990250
  -5.0503867  -5.9380735   0.8876868
  -5.0503866  -5.9268797   0.8764931
  -5.0503866  -5.9197042   0.8693176
  -5.0503866  -5.9162553   0.8658687
  -5.0503867  -5.9145435   0.8641568
  -5.0503866  -5.9135756   0.8631890
  -5.0503866  -5.9146068   0.8642202
  -5.0503866  -5.9193329   0.8689463
  -5.0503866  -5.9273834   0.8769968
  -5.0503867  -5.9368743   0.8864876
  -5.0503867  -5.9462058   0.8958192
  -5.0503868  -5.9542055   0.9038188
  -5.0503867  -5.9605516   0.9101649
  -5.0503866  -5.9656213   0.9152347
  -5.0503866  -5.9698407   0.9194540
  -5.0503866  -5.9730725   0.9226860
  -5.0503868  -5.9730331   0.9226464
  -5.0503868  -5.9668468   0.9164600
  -5.0503866  -5.9543233   0.9039366
  -5.0503866  -5.9383717   0.8879851
  -5.0503865  -5.9227507   0.8723642
  -5.0503865  -5.9104795   0.8600930
  -5.0503865  -5.9034506   0.8530641
  -5.0503866  -5.9010558   0.8506692
  -5.0503866  -5.9010141   0.8506275
  -5.0503866  -5.9031545   0.8527679
  -5.0503865  -5.9096029   0.8592163
  -5.0503865  -5.9214821   0.8710955
  -5.0503866  -5.9372392   0.8868525
  -5.0503867  -5.9534719   0.9030853
  -5.0503868  -5.9660211   0.9156343
  -5.0503869  -5.9704275   0.9200406
  -5.0503868  -5.9644450   0.9140582
  -5.0503866  -5.9507150   0.9003284
  -5.0503865  -5.9353439   0.8849574
  -5.0503864  -5.9240870   0.8737006
  -5.0503864  -5.9197957   0.8694093
  -5.0503865  -5.9224215   0.8720349
  -5.0503866  -5.9298258   0.8794392
  -5.0503867  -5.9385601   0.8881734
  -5.0503868  -5.9452049   0.8948182
  -5.0503867  -5.9477175   0.8973308
  -5.0503868  -5.9458201   0.8954334
  -5.0503867  -5.9400678   0.8896810
  -5.0503867  -5.9310476   0.8806609
  -5.0503867  -5.9196611   0.8692744
  -5.0503866  -5.9084502   0.8580636
  -5.0503865  -5.9018541   0.8514676
  -5.0503865  -5.9037461   0.8533597
  -5.0503865  -5.9150443   0.8646578
  -5.0503867  -5.9328007   0.8824140
  -5.0503867  -5.9512495   0.9008628
  -5.0503868  -5.9649977   0.9146109
  -5.0503868  -5.9714530   0.9210662
  -5.0503868  -5.9703638   0.9199770
  -5.0503866  -5.9629797   0.9125931
  -5.0503866  -5.9515087   0.9011221
  -5.0503867  -5.9381423   0.8877557
  -5.0503866  -5.9253002   0.8749136
  -5.0503865  -5.9162584   0.8658719
  -5.0503864  -5.9137695   0.8633831
  -5.0503865  -5.9186833   0.8682968
  -5.0503866  -5.9295108   0.8791241
  -5.0503867  -5.9421452   0.8917584
  -5.0503868  -5.9509087   0.9005219
  -5.0503868  -5.9518366   0.9014498
  -5.0503867  -5.9451634   0.8947766
  -5.0503866  -5.9338857   0.8834991
  -5.0503866  -5.9215157   0.8711291
  -5.0503865  -5.9117883   0.8614018
  -5.0503865  -5.9080332   0.8576467
  -5.0503866  -5.9109214   0.8605348
  -5.0503867  -5.9174476   0.8670609
  -5.0503868  -5.9233357   0.8729489
  -5.0503867  -5.9260095   0.8756228
  -5.0503867  -5.9263365   0.8759498
  -5.0503866  -5.9282147   0.8778282
  -5.0503867  -5.9341407   0.8837540
  -5.0503868  -5.9414869   0.8911001
  -5.0503869  -5.9452380   0.8948511
  -5.0503868  -5.9429961   0.8926093
  -5.0503866  -5.9369647   0.8865781
  -5.0503865  -5.9326185   0.8822320
  -5.0503865  -5.9347186   0.8843321
  -5.0503865  -5.9434260   0.8930395
  -5.0503867  -5.9542779   0.9038912
  -5.0503867  -5.9625277   0.9121410
  -5.0503866  -5.9672739   0.9168873
  -5.0503866  -5.9704279   0.9200413
  -5.0503867  -5.9728905   0.9225038
  -5.0503868  -5.9729388   0.9225520
  -5.0503867  -5.9675287   0.9171420
  -5.0503868  -5.9560084   0.9056216
  -5.0503865  -5.9419348   0.8915482
  -5.0503865  -5.9310308   0.8806444
  -5.0503865  -5.9266732   0.8762867
  -5.0503867  -5.9266846   0.8762979
  -5.0503868  -5.9254595   0.8750727
  -5.0503868  -5.9187882   0.8684013
  -5.0503867  -5.9069656   0.8565788
  -5.0503865  -5.8949018   0.8445153
  -5.0503864  -5.8889827   0.8385962
  -5.0503865  -5.8920875   0.8417009
  -5.0503866  -5.9020784   0.8516918
  -5.0503866  -5.9150563   0.8646696
  -5.0503866  -5.9286684   0.8782818
  -5.0503867  -5.9416675   0.8912808
  -5.0503868  -5.9519227   0.9015360
  -5.0503867  -5.9567631   0.9063764
  -5.0503867  -5.9553526   0.9049659
  -5.0503867  -5.9501305   0.8997439
  -5.0503866  -5.9450521   0.8946655
  -5.0503866  -5.9425231   0.8921366
  -5.0503866  -5.9420859   0.8916993
  -5.0503866  -5.9420250   0.8916383
  -5.0503866  -5.9419329   0.8915464
  -5.0503866  -5.9427439   0.8923573
  -5.0503867  -5.9442941   0.8939074
  -5.0503867  -5.9442814   0.8938946
  -5.0503867  -5.9410216   0.8906349
  -5.0503866  -5.9364609   0.8860744
  -5.0503866  -5.9333829   0.8829962
  -5.0503867  -5.9312048   0.8808181
  -5.0503867  -5.9281898   0.8778031
  -5.0503865  -5.9256722   0.8752856
  -5.0503865  -5.9273680   0.8769815
  -5.0503865  -5.9356259   0.8852394
  -5.0503867  -5.9487617   0.8983751
  -5.0503867  -5.9615402   0.9111535
  -5.0503868  -5.9685175   0.9181307
  -5.0503868  -5.9671727   0.9167859
  -5.0503867  -5.9591203   0.9087337
  -5.0503865  -5.9491445   0.8987580
  -5.0503865  -5.9418483   0.8914618
  -5.0503866  -5.9387265   0.8883399
  -5.0503866  -5.9382584   0.8878718
  -5.0503867  -5.9379997   0.8876130
  -5.0503867  -5.9360976   0.8857109
  -5.0503868  -5.9316077   0.8812209
  -5.0503867  -5.9249553   0.8745686
  -5.0503865  -5.9183782   0.8679917
  -5.0503865  -5.9154875   0.8651010
  -5.0503866  -5.9187605   0.8683740
  -5.0503866  -5.9266621   0.8762755
  -5.0503867  -5.9353090   0.8849223
  -5.0503868  -5.9412291   0.8908423
  -5.0503868  -5.9423873   0.8920005
  -5.0503867  -5.9391849   0.8887982
  -5.0503867  -5.9333989   0.8830122
  -5.0503866  -5.9264228   0.8760362
  -5.0503867  -5.9193729   0.8689862
  -5.0503866  -5.9139187   0.8635321
  -5.0503865  -5.9125926   0.8622061
  -5.0503865  -5.9181836   0.8677971
  -5.0503866  -5.9312316   0.8808450
  -5.0503867  -5.9477794   0.8973927
  -5.0503869  -5.9617478   0.9113609
  -5.0503869  -5.9688478   0.9184610
  -5.0503868  -5.9668664   0.9164795
  -5.0503867  -5.9557436   0.9053569
  -5.0503866  -5.9392750   0.8888884
  -5.0503864  -5.9239173   0.8735308
  -5.0503864  -5.9151323   0.8647459
  -5.0503864  -5.9152818   0.8648954
  -5.0503866  -5.9229227   0.8725361
  -5.0503866  -5.9332310   0.8828444
  -5.0503868  -5.9413759   0.8909891
  -5.0503868  -5.9454372   0.8950504
  -5.0503867  -5.9459568   0.8955701
  -5.0503866  -5.9446052   0.8942186
  -5.0503866  -5.9431857   0.8927991
  -5.0503866  -5.9422209   0.8918343
  -5.0503868  -5.9402295   0.8898427
  -5.0503867  -5.9354202   0.8850334
  -5.0503866  -5.9286634   0.8782767
  -5.0503866  -5.9233948   0.8730083
  -5.0503866  -5.9219522   0.8715655
  -5.0503866  -5.9233772   0.8729906
  -5.0503867  -5.9250769   0.8746902
  -5.0503866  -5.9258912   0.8755046
  -5.0503866  -5.9274029   0.8770163
  -5.0503866  -5.9318442   0.8814577
  -5.0503867  -5.9385076   0.8881209
  -5.0503868  -5.9436791   0.8932923
  -5.0503868  -5.9438851   0.8934983
  -5.0503867  -5.9385329   0.8881462
  -5.0503866  -5.9306900   0.8803034
  -5.0503864  -5.9252705   0.8748840
  -5.0503865  -5.9255266   0.8751401
  -5.0503866  -5.9315468   0.8811603
  -5.0503867  -5.9406072   0.8902205
  -5.0503868  -5.9478598   0.8974730
  -5.0503868  -5.9492252   0.8988384
  -5.0503867  -5.9443650   0.8939783
  -5.0503866  -5.9358398   0.8854531
  -5.0503866  -5.9267431   0.8763565
  -5.0503866  -5.9197554   0.8693688
  -5.0503865  -5.9172253   0.8668388
  -5.0503865  -5.9208545   0.8704679
  -5.0503865  -5.9307545   0.8803679
  -5.0503866  -5.9454276   0.8950410
  -5.0503868  -5.9614470   0.9110602
  -5.0503868  -5.9739769   0.9235901
  -5.0503868  -5.9787614   0.9283745
  -5.0503868  -5.9738837   0.9234969
  -5.0503867  -5.9612237   0.9108370
  -5.0503866  -5.9466221   0.8962355
  -5.0503866  -5.9357863   0.8853998
  -5.0503867  -5.9291354   0.8787487
  -5.0503867  -5.9238355   0.8734488
  -5.0503866  -5.9194527   0.8690661
  -5.0503865  -5.9184271   0.8680406
  -5.0503866  -5.9224746   0.8720880
  -5.0503867  -5.9299334   0.8795467
  -5.0503868  -5.9363404   0.8859536
  -5.0503868  -5.9384971   0.8881103
  -5.0503867  -5.9366103   0.8862236
  -5.0503867  -5.9319967   0.8816100
  -5.0503866  -5.9257898   0.8754032
  -5.0503865  -5.9201308   0.8697443
  -5.0503865  -5.9180740   0.8676875
  -5.0503865  -5.9215246   0.8711381
  -5.0503866  -5.9296721   0.8792856
  -5.0503867  -5.9389148   0.8885281
  -5.0503867  -5.9444219   0.8940351
  -5.0503868  -5.9433707   0.8929840
  -5.0503866  -5.9375076   0.8871210
  -5.0503864  -5.9322993   0.8819129
  -5.0503865  -5.9325397   0.8821533
  -5.0503866  -5.9383873   0.8880007
