   4.0000000000000001E-003   2.8468115630315099E-005
   8.0000000000000002E-003   1.1362380535480865E-004
   1.2000000000000000E-002   2.5482729241518387E-004
   1.6000000000000000E-002   4.5109175812782162E-004
   2.0000000000000000E-002   7.0109588887717401E-004
   2.4000000000000000E-002   1.0031979327964214E-003
   2.8000000000000001E-002   1.3554497712392167E-003
   3.2000000000000001E-002   1.7556101031818696E-003
   3.6000000000000004E-002   2.2011581671125048E-003
   4.0000000000000001E-002   2.6893119543239361E-003
   4.4000000000000004E-002   3.2170553734676482E-003
   4.8000000000000001E-002   3.7811763337543946E-003
   5.2000000000000005E-002   4.3783131691389390E-003
   5.6000000000000001E-002   5.0050028319801815E-003
   6.0000000000000005E-002   5.6577230687757584E-003
   6.4000000000000001E-002   6.3329228260464157E-003
   6.8000000000000005E-002   7.0270388659047110E-003
   7.2000000000000008E-002   7.7364996620910408E-003
   7.5999999999999998E-002   8.4577194309228484E-003
   8.0000000000000002E-002   9.1870859881389676E-003
   8.4000000000000005E-002   9.9209475809541245E-003
   8.8000000000000009E-002   1.0655605463892133E-002
   9.1999999999999998E-002   1.1387319674607568E-002
   9.6000000000000002E-002   1.2112333985318179E-002
  0.10000000000000001        1.2826921847745445E-002
  0.10400000000000001        1.3527449710707296E-002
  0.10800000000000000        1.4210449161190490E-002
  0.11200000000000000        1.4872686581316977E-002
  0.11600000000000001        1.5511219896128995E-002
  0.12000000000000001        1.6123436330896673E-002
  0.12400000000000000        1.6707071358393166E-002
  0.12800000000000000        1.7260214914447423E-002
  0.13200000000000001        1.7781313640004404E-002
  0.13600000000000001        1.8269175503058326E-002
  0.14000000000000001        1.8722976673219056E-002
  0.14400000000000002        1.9142263477831364E-002
  0.14800000000000002        1.9526939454078410E-002
  0.15200000000000000        1.9877231189206125E-002
  0.15600000000000000        2.0193634773953483E-002
  0.16000000000000000        2.0476851997756489E-002
  0.16400000000000001        2.0727728742070566E-002
  0.16800000000000001        2.0947207011341316E-002
  0.17200000000000001        2.1136298221698189E-002
  0.17600000000000002        2.1296080675575358E-002
  0.18000000000000002        2.1427719305011972E-002
  0.18400000000000000        2.1532501136127508E-002
  0.18800000000000000        2.1611876508040178E-002
  0.19200000000000000        2.1667494487526782E-002
  0.19600000000000001        2.1701221835492730E-002
  0.20000000000000001        2.1715138075319482E-002
  0.20400000000000001        2.1711503927863897E-002
  0.20800000000000002        2.1692705612316218E-002
  0.21200000000000002        2.1661181883890390E-002
  0.21600000000000000        2.1619343290799547E-002
  0.22000000000000000        2.1569493635370255E-002
  0.22400000000000000        2.1513761777607197E-002
  0.22800000000000001        2.1454049039917950E-002
  0.23200000000000001        2.1391994454439615E-002
  0.23600000000000002        2.1328957809229339E-002
  0.24000000000000002        2.1266018810029853E-002
  0.24400000000000002        2.1203990203756358E-002
  0.24800000000000000        2.1143442501434725E-002
  0.25200000000000000        2.1084737642589207E-002
  0.25600000000000001        2.1028068949276932E-002
  0.26000000000000001        2.0973504129229818E-002
  0.26400000000000001        2.0921027398619299E-002
  0.26800000000000002        2.0870575796536464E-002
  0.27200000000000002        2.0822064329676898E-002
  0.27600000000000002        2.0775395805789312E-002
  0.28000000000000003        2.0730454003973310E-002
  0.28400000000000003        2.0687082735000150E-002
  0.28800000000000003        2.0645056670048567E-002
  0.29200000000000004        2.0604051492194558E-002
  0.29600000000000004        2.0563620792946716E-002
  0.29999999999999999        2.0523185734131883E-002
  0.30399999999999999        2.0482041195528294E-002
  0.30800000000000000        2.0439379692780937E-002
  0.31200000000000000        2.0394331556652091E-002
  0.31600000000000000        2.0346016579533891E-002
  0.32000000000000001        2.0293599515749740E-002
  0.32400000000000001        2.0236340877736226E-002
  0.32800000000000001        2.0173636347603632E-002
  0.33200000000000002        2.0105042295967858E-002
  0.33600000000000002        2.0030289211701750E-002
  0.34000000000000002        1.9949287160516558E-002
  0.34400000000000003        1.9862126824819470E-002
  0.34800000000000003        1.9769077162522901E-002
  0.35200000000000004        1.9670578653193310E-002
  0.35600000000000004        1.9567230865379238E-002
  0.36000000000000004        1.9459774152488209E-002
  0.36399999999999999        1.9349066522343469E-002
  0.36799999999999999        1.9236057308784391E-002
  0.37200000000000000        1.9121759491502365E-002
  0.37600000000000000        1.9007222507990314E-002
  0.38000000000000000        1.8893507154749817E-002
  0.38400000000000001        1.8781663457028405E-002
  0.38800000000000001        1.8672710928860869E-002
  0.39200000000000002        1.8567619153641975E-002
  0.39600000000000002        1.8467285653267430E-002
  0.40000000000000002        1.8372507979243304E-002
  0.40400000000000003        1.8283949044501518E-002
  0.40800000000000003        1.8202098892745162E-002
  0.41200000000000003        1.8127240298331109E-002
  0.41600000000000004        1.8059427382338473E-002
  0.42000000000000004        1.7998485183985769E-002
  0.42400000000000004        1.7944034296447840E-002
  0.42800000000000005        1.7895540137635974E-002
  0.43200000000000000        1.7852381509561623E-002
  0.43600000000000000        1.7813928464240278E-002
  0.44000000000000000        1.7779615562071745E-002
  0.44400000000000001        1.7748995615170751E-002
  0.44800000000000001        1.7721763268075858E-002
  0.45200000000000001        1.7697747431809151E-002
  0.45600000000000002        1.7676882830457572E-002
  0.46000000000000002        1.7659176907920321E-002
  0.46400000000000002        1.7644684717690554E-002
  0.46800000000000003        1.7633494377803673E-002
  0.47200000000000003        1.7625716750270411E-002
  0.47600000000000003        1.7621470473550963E-002
  0.48000000000000004        1.7620857916045313E-002
  0.48400000000000004        1.7623934270668575E-002
  0.48800000000000004        1.7630676058364141E-002
  0.49200000000000005        1.7640955475236302E-002
  0.49600000000000000        1.7654524468660636E-002
  0.50000000000000000        1.7671010062967014E-002
  0.50400000000000000        1.7689921149738656E-002
  0.50800000000000001        1.7710666422532936E-002
  0.51200000000000001        1.7732582472785700E-002
  0.51600000000000001        1.7754970097248572E-002
  0.52000000000000002        1.7777135684469775E-002
  0.52400000000000002        1.7798433233767841E-002
  0.52800000000000002        1.7818301670030699E-002
  0.53200000000000003        1.7836292712724574E-002
  0.53600000000000003        1.7852087000237968E-002
  0.54000000000000004        1.7865499357201369E-002
  0.54400000000000004        1.7876475911653499E-002
  0.54800000000000004        1.7885085023807527E-002
  0.55200000000000005        1.7891501833133015E-002
  0.55600000000000005        1.7895985892750817E-002
  0.56000000000000005        1.7898854073743593E-002
  0.56400000000000006        1.7900453693711248E-002
  0.56800000000000006        1.7901139723204566E-002
  0.57200000000000006        1.7901255812780740E-002
  0.57600000000000007        1.7901115881948745E-002
  0.58000000000000007        1.7900984253051914E-002
  0.58400000000000007        1.7901056265690437E-002
  0.58800000000000008        1.7901444345544654E-002
  0.59200000000000008        1.7902174874002957E-002
  0.59599999999999997        1.7903199180376451E-002
  0.59999999999999998        1.7904418857158471E-002
  0.60399999999999998        1.7905722573543413E-002
  0.60799999999999998        1.7907029213515290E-002
  0.61199999999999999        1.7908330475976248E-002
  0.61599999999999999        1.7909725783500530E-002
  0.62000000000000000        1.7911443352428100E-002
  0.62400000000000000        1.7913843411285730E-002
  0.62800000000000000        1.7917402582232109E-002
  0.63200000000000001        1.7922681495480236E-002
  0.63600000000000001        1.7930280074772435E-002
  0.64000000000000001        1.7940786477704997E-002
  0.64400000000000002        1.7954726140866503E-002
  0.64800000000000002        1.7972516975604851E-002
  0.65200000000000002        1.7994435411161330E-002
  0.65600000000000003        1.8020595617558494E-002
  0.66000000000000003        1.8050941869019895E-002
  0.66400000000000003        1.8085252568942941E-002
  0.66800000000000004        1.8123154492506913E-002
  0.67200000000000004        1.8164146715195902E-002
  0.67600000000000005        1.8207634476708145E-002
  0.68000000000000005        1.8252972658065070E-002
  0.68400000000000005        1.8299516659919999E-002
  0.68800000000000006        1.8346675514570390E-002
  0.69200000000000006        1.8393959275688553E-002
  0.69600000000000006        1.8441011715995520E-002
  0.70000000000000007        1.8487621359625634E-002
  0.70400000000000007        1.8533708748631923E-002
  0.70800000000000007        1.8579293735943567E-002
  0.71200000000000008        1.8624451269843804E-002
  0.71600000000000008        1.8669265411581631E-002
  0.72000000000000008        1.8713789465354690E-002
  0.72400000000000009        1.8758016856232150E-002
  0.72799999999999998        1.8801864305155028E-002
  0.73199999999999998        1.8845167081701291E-002
  0.73599999999999999        1.8887685895664249E-002
  0.73999999999999999        1.8929125138767326E-002
  0.74399999999999999        1.8969161943179901E-002
  0.74800000000000000        1.9007483712383241E-002
  0.75200000000000000        1.9043829066504887E-002
  0.75600000000000001        1.9078024473507083E-002
  0.76000000000000001        1.9110007450566659E-002
  0.76400000000000001        1.9139828646479427E-002
  0.76800000000000002        1.9167629880519430E-002
  0.77200000000000002        1.9193601813498991E-002
  0.77600000000000002        1.9217930811665850E-002
  0.78000000000000003        1.9240747260748287E-002
  0.78400000000000003        1.9262085770057242E-002
  0.78800000000000003        1.9281862664514274E-002
  0.79200000000000004        1.9299870712383673E-002
  0.79600000000000004        1.9315787315290933E-002
  0.80000000000000004        1.9329191055758140E-002
  0.80400000000000005        1.9339582467345264E-002
  0.80800000000000005        1.9346406783788087E-002
  0.81200000000000006        1.9349078715314810E-002
  0.81600000000000006        1.9347011185148373E-002
  0.82000000000000006        1.9339650455012316E-002
  0.82400000000000007        1.9326518518577900E-002
  0.82800000000000007        1.9307260209239806E-002
  0.83200000000000007        1.9281687959079963E-002
  0.83600000000000008        1.9249813946593961E-002
  0.84000000000000008        1.9211859746825728E-002
  0.84400000000000008        1.9168238098779020E-002
  0.84800000000000009        1.9119508445571465E-002
  0.85200000000000009        1.9066314367829261E-002
  0.85600000000000009        1.9009314477797381E-002
  0.85999999999999999        1.8949118134875834E-002
  0.86399999999999999        1.8886235015634925E-002
  0.86799999999999999        1.8821044738500253E-002
  0.87200000000000000        1.8753789760280193E-002
  0.87600000000000000        1.8684591401972362E-002
  0.88000000000000000        1.8613484849461216E-002
  0.88400000000000001        1.8540464464435778E-002
  0.88800000000000001        1.8465528532899053E-002
  0.89200000000000002        1.8388714205255036E-002
  0.89600000000000002        1.8310118181839481E-002
  0.90000000000000002        1.8229904520398073E-002
  0.90400000000000003        1.8148304673111963E-002
  0.90800000000000003        1.8065615425754394E-002
  0.91200000000000003        1.7982198616551013E-002
  0.91600000000000004        1.7898483857588219E-002
  0.92000000000000004        1.7814973220441361E-002
  0.92400000000000004        1.7732245021567106E-002
  0.92800000000000005        1.7650953045747288E-002
  0.93200000000000005        1.7571817665960193E-002
  0.93600000000000005        1.7495606311625205E-002
  0.94000000000000006        1.7423102310289391E-002
  0.94400000000000006        1.7355063659132027E-002
  0.94800000000000006        1.7292176022445049E-002
  0.95200000000000007        1.7235006648219784E-002
  0.95600000000000007        1.7183967111269634E-002
  0.96000000000000008        1.7139292078948928E-002
  0.96400000000000008        1.7101038425430207E-002
  0.96800000000000008        1.7069104696285874E-002
  0.97200000000000009        1.7043266591693480E-002
  0.97600000000000009        1.7023221162946182E-002
  0.98000000000000009        1.7008631638864350E-002
  0.98400000000000010        1.6999166206015371E-002
  0.98800000000000010        1.6994526629960323E-002
  0.99199999999999999        1.6994465382859938E-002
  0.99600000000000000        1.6998792045265439E-002
   1.0000000000000000        1.7007370452803042E-002
   1.0040000000000000        1.7020107993474146E-002
   1.0080000000000000        1.7036938197931114E-002
   1.0120000000000000        1.7057798289686114E-002
   1.0160000000000000        1.7082604447407286E-002
   1.0200000000000000        1.7111228278107782E-002
   1.0240000000000000        1.7143477461381430E-002
   1.0280000000000000        1.7179081778836886E-002
   1.0320000000000000        1.7217683947448333E-002
   1.0360000000000000        1.7258834925150211E-002
   1.0400000000000000        1.7301994993388196E-002
   1.0440000000000000        1.7346542902695036E-002
   1.0480000000000000        1.7391794103694808E-002
   1.0520000000000000        1.7437026277433470E-002
   1.0560000000000000        1.7481508393599587E-002
   1.0600000000000001        1.7524529439382021E-002
   1.0640000000000001        1.7565424869553030E-002
   1.0680000000000001        1.7603601300997591E-002
   1.0720000000000001        1.7638561692421284E-002
   1.0760000000000001        1.7669933407016017E-002
   1.0800000000000001        1.7697499568259150E-002
   1.0840000000000001        1.7721230469961439E-002
   1.0880000000000001        1.7741307948993361E-002
   1.0920000000000001        1.7758133556720884E-002
   1.0960000000000001        1.7772312954996747E-002
   1.1000000000000001        1.7784614389565072E-002
   1.1040000000000001        1.7795905995014842E-002
   1.1080000000000001        1.7807082171488717E-002
   1.1120000000000001        1.7818991130018256E-002
   1.1160000000000001        1.7832374019234220E-002
   1.1200000000000001        1.7847821939438551E-002
   1.1240000000000001        1.7865752216475853E-002
   1.1280000000000001        1.7886401235904646E-002
   1.1320000000000001        1.7909828731679754E-002
   1.1360000000000001        1.7935928089154202E-002
   1.1400000000000001        1.7964439058188248E-002
   1.1440000000000001        1.7994962240780461E-002
   1.1480000000000001        1.8026977328900500E-002
   1.1520000000000001        1.8059868745994589E-002
   1.1560000000000001        1.8092962342952795E-002
   1.1600000000000001        1.8125574434431094E-002
   1.1640000000000001        1.8157070142353030E-002
   1.1680000000000001        1.8186922898724506E-002
   1.1720000000000002        1.8214763669117187E-002
   1.1760000000000002        1.8240409533996280E-002
   1.1800000000000002        1.8263866704607296E-002
   1.1840000000000002        1.8285310282340057E-002
   1.1880000000000002        1.8305048222315129E-002
   1.1919999999999999        1.8323478265038769E-002
   1.1960000000000000        1.8341044227202667E-002
   1.2000000000000000        1.8358193522109195E-002
   1.2040000000000000        1.8375333869711481E-002
   1.2080000000000000        1.8392785997732645E-002
   1.2120000000000000        1.8410731998243949E-002
   1.2160000000000000        1.8429164632874036E-002
   1.2200000000000000        1.8447847929955526E-002
   1.2240000000000000        1.8466300416944727E-002
   1.2280000000000000        1.8483807700190515E-002
   1.2320000000000000        1.8499461730132866E-002
   1.2360000000000000        1.8512215004015467E-002
   1.2400000000000000        1.8520934695344386E-002
   1.2440000000000000        1.8524447150646689E-002
   1.2480000000000000        1.8521573614579734E-002
   1.2520000000000000        1.8511165314802677E-002
   1.2560000000000000        1.8492146418946316E-002
   1.2600000000000000        1.8463568618581869E-002
   1.2640000000000000        1.8424674572730500E-002
   1.2680000000000000        1.8374962004115373E-002
   1.2720000000000000        1.8314237284430442E-002
   1.2760000000000000        1.8242647951036604E-002
   1.2800000000000000        1.8160688091313340E-002
   1.2840000000000000        1.8069176448648375E-002
   1.2880000000000000        1.7969212141766947E-002
   1.2920000000000000        1.7862115653729242E-002
   1.2960000000000000        1.7749362971088253E-002
   1.3000000000000000        1.7632519478848755E-002
   1.3040000000000000        1.7513177768191796E-002
   1.3080000000000001        1.7392901008981842E-002
   1.3120000000000001        1.7273171558470916E-002
   1.3160000000000001        1.7155343838394448E-002
   1.3200000000000001        1.7040601168925237E-002
   1.3240000000000001        1.6929917654960724E-002
   1.3280000000000001        1.6824027672778446E-002
   1.3320000000000001        1.6723406607814725E-002
   1.3360000000000001        1.6628266411921624E-002
   1.3400000000000001        1.6538568628683893E-002
   1.3440000000000001        1.6454055270870932E-002
   1.3480000000000001        1.6374294940975559E-002
   1.3520000000000001        1.6298738959193620E-002
   1.3560000000000001        1.6226780671097594E-002
   1.3600000000000001        1.6157811481432333E-002
   1.3640000000000001        1.6091268914297921E-002
   1.3680000000000001        1.6026674252901697E-002
   1.3720000000000001        1.5963658763184792E-002
   1.3760000000000001        1.5901977023251128E-002
   1.3800000000000001        1.5841504856511406E-002
   1.3840000000000001        1.5782220278788631E-002
   1.3880000000000001        1.5724170545762556E-002
   1.3920000000000001        1.5667434796171401E-002
   1.3960000000000001        1.5612094842587410E-002
   1.4000000000000001        1.5558223792242495E-002
   1.4040000000000001        1.5505894956063413E-002
   1.4080000000000001        1.5455206023558446E-002
   1.4120000000000001        1.5406308690145769E-002
   1.4160000000000001        1.5359432770676938E-002
   1.4200000000000002        1.5314896223326768E-002
   1.4240000000000002        1.5273097289105293E-002
   1.4280000000000002        1.5234490106052594E-002
   1.4320000000000002        1.5199549387481663E-002
   1.4360000000000002        1.5168732237253322E-002
   1.4400000000000002        1.5142446023409886E-002
   1.4440000000000002        1.5121029954529229E-002
   1.4480000000000002        1.5104754329021482E-002
   1.4520000000000002        1.5093835663104949E-002
   1.4560000000000000        1.5088460167614757E-002
   1.4600000000000000        1.5088805213774569E-002
   1.4640000000000000        1.5095050152483469E-002
   1.4680000000000000        1.5107373157389407E-002
   1.4720000000000000        1.5125936056000008E-002
   1.4760000000000000        1.5150861582713625E-002
   1.4800000000000000        1.5182206889054391E-002
   1.4840000000000000        1.5219935523114004E-002
   1.4880000000000000        1.5263889736961245E-002
   1.4920000000000000        1.5313766387613219E-002
   1.4960000000000000        1.5369101482323956E-002
   1.5000000000000000        1.5429268606969400E-002
   1.5040000000000000        1.5493494881468768E-002
   1.5080000000000000        1.5560894524909684E-002
   1.5120000000000000        1.5630516301935134E-002
   1.5160000000000000        1.5701398041959875E-002
   1.5200000000000000        1.5772620240831588E-002
   1.5240000000000000        1.5843351830743528E-002
   1.5280000000000000        1.5912883814756171E-002
   1.5320000000000000        1.5980649821268927E-002
   1.5360000000000000        1.6046235523010748E-002
   1.5400000000000000        1.6109380194571959E-002
   1.5440000000000000        1.6169973135942980E-002
   1.5480000000000000        1.6228045894332865E-002
   1.5520000000000000        1.6283759692222340E-002
   1.5560000000000000        1.6337387221042648E-002
   1.5600000000000001        1.6389289637416388E-002
   1.5640000000000001        1.6439891190365718E-002
   1.5680000000000001        1.6489653730693589E-002
   1.5720000000000001        1.6539050879393332E-002
   1.5760000000000001        1.6588538799000671E-002
   1.5800000000000001        1.6638520383440682E-002
   1.5840000000000001        1.6689303166429675E-002
   1.5880000000000001        1.6741056245221726E-002
   1.5920000000000001        1.6793775145620134E-002
   1.5960000000000001        1.6847263792406694E-002
   1.6000000000000001        1.6901139867060936E-002
   1.6040000000000001        1.6954865115046819E-002
   1.6080000000000001        1.7007797018535088E-002
   1.6120000000000001        1.7059253662690517E-002
   1.6160000000000001        1.7108580405493762E-002
   1.6200000000000001        1.7155206505082541E-002
   1.6240000000000001        1.7198682533395255E-002
   1.6280000000000001        1.7238695236560467E-002
   1.6320000000000001        1.7275062601165871E-002
   1.6360000000000001        1.7307715364547019E-002
   1.6400000000000001        1.7336671441371448E-002
   1.6440000000000001        1.7362007695414627E-002
   1.6480000000000001        1.7383831914557432E-002
   1.6520000000000001        1.7402257970412380E-002
   1.6560000000000001        1.7417388263619597E-002
   1.6600000000000001        1.7429307648345597E-002
   1.6640000000000001        1.7438090684574963E-002
   1.6680000000000001        1.7443820053151843E-002
   1.6720000000000002        1.7446610437560021E-002
   1.6760000000000002        1.7446630455806630E-002
   1.6800000000000002        1.7444116406617059E-002
   1.6840000000000002        1.7439374208143631E-002
   1.6880000000000002        1.7432769721047296E-002
   1.6920000000000002        1.7424711332014620E-002
   1.6960000000000002        1.7415630718737172E-002
   1.7000000000000002        1.7405966819583462E-002
   1.7040000000000002        1.7396154630411113E-002
   1.7080000000000002        1.7386616840897443E-002
   1.7120000000000002        1.7377755333661784E-002
   1.7160000000000002        1.7369942028125179E-002
   1.7200000000000000        1.7363511906830140E-002
   1.7240000000000000        1.7358761405275563E-002
   1.7280000000000000        1.7355952498691676E-002
   1.7320000000000000        1.7355319459961674E-002
   1.7360000000000000        1.7357075101941895E-002
   1.7400000000000000        1.7361416532316817E-002
   1.7440000000000000        1.7368533183885811E-002
   1.7480000000000000        1.7378618901044099E-002
   1.7520000000000000        1.7391885351741548E-002
   1.7560000000000000        1.7408568853520497E-002
   1.7600000000000000        1.7428921753501195E-002
   1.7640000000000000        1.7453184496320925E-002
   1.7680000000000000        1.7481542383555631E-002
   1.7720000000000000        1.7514077126386324E-002
   1.7760000000000000        1.7550724659050373E-002
   1.7800000000000000        1.7591248419853454E-002
   1.7840000000000000        1.7635233095786448E-002
   1.7880000000000000        1.7682099664004334E-002
   1.7920000000000000        1.7731138752800864E-002
   1.7960000000000000        1.7781556013443636E-002
   1.8000000000000000        1.7832521278213567E-002
   1.8040000000000000        1.7883213663663095E-002
   1.8080000000000001        1.7932857728176470E-002
   1.8120000000000001        1.7980750181361964E-002
   1.8160000000000001        1.8026280093180139E-002
   1.8200000000000001        1.8068946208044459E-002
   1.8240000000000001        1.8108372256245502E-002
   1.8280000000000001        1.8144316935889020E-002
   1.8320000000000001        1.8176672345508332E-002
   1.8360000000000001        1.8205445978693478E-002
   1.8400000000000001        1.8230726861819778E-002
   1.8440000000000001        1.8252643444305584E-002
   1.8480000000000001        1.8271325306934968E-002
   1.8520000000000001        1.8286879743843663E-002
   1.8560000000000001        1.8299388882454772E-002
   1.8600000000000001        1.8308925932125120E-002
   1.8640000000000001        1.8315583639493576E-002
   1.8680000000000001        1.8319505761337188E-002
   1.8720000000000001        1.8320913478002559E-002
   1.8760000000000001        1.8320121592367115E-002
   1.8800000000000001        1.8317542719996523E-002
   1.8840000000000001        1.8313680318994992E-002
   1.8880000000000001        1.8309113047945025E-002
   1.8920000000000001        1.8304473908101453E-002
   1.8960000000000001        1.8300427358505615E-002
   1.9000000000000001        1.8297645907018319E-002
   1.9040000000000001        1.8296784977196699E-002
   1.9080000000000001        1.8298452605556362E-002
   1.9120000000000001        1.8303171130058474E-002
   1.9160000000000001        1.8311331928699333E-002
   1.9200000000000002        1.8323149592978285E-002
   1.9240000000000002        1.8338625124192702E-002
   1.9280000000000002        1.8357527150682531E-002
   1.9320000000000002        1.8379396269704081E-002
   1.9360000000000002        1.8403572635521063E-002
   1.9400000000000002        1.8429242893258070E-002
   1.9440000000000002        1.8455500047219155E-002
   1.9480000000000002        1.8481408973106950E-002
   1.9520000000000002        1.8506070563180373E-002
   1.9560000000000002        1.8528678360785200E-002
   1.9600000000000002        1.8548563087439730E-002
   1.9640000000000002        1.8565222739076553E-002
   1.9680000000000002        1.8578338633338045E-002
   1.9720000000000002        1.8587779915383559E-002
   1.9760000000000002        1.8593599371576543E-002
   1.9800000000000002        1.8596022186761242E-002
   1.9840000000000000        1.8595428079532531E-002
   1.9880000000000000        1.8592326795490853E-002
   1.9920000000000000        1.8587327488214109E-002
   1.9960000000000000        1.8581103500187140E-002
   2.0000000000000000        1.8574354567565451E-002
   2.0040000000000000        1.8567768745764986E-002
   2.0080000000000000        1.8561986817403734E-002
   2.0120000000000000        1.8557572054799795E-002
   2.0160000000000000        1.8554987886470045E-002
   2.0200000000000000        1.8554584790388431E-002
   2.0240000000000000        1.8556595742060478E-002
   2.0280000000000000        1.8561137895664555E-002
   2.0320000000000000        1.8568217561554620E-002
   2.0360000000000000        1.8577736006135034E-002
   2.0400000000000000        1.8589494660255498E-002
   2.0440000000000000        1.8603199182142652E-002
   2.0480000000000000        1.8618462357982153E-002
   2.0520000000000000        1.8634806213038976E-002
   2.0560000000000000        1.8651664811229422E-002
   2.0600000000000001        1.8668390952660326E-002
   2.0640000000000001        1.8684271120511329E-002
   2.0680000000000001        1.8698552443912761E-002
   2.0720000000000001        1.8710482468762505E-002
   2.0760000000000001        1.8719358478947214E-002
   2.0800000000000001        1.8724580256330083E-002
   2.0840000000000001        1.8725699736081795E-002
   2.0880000000000001        1.8722462272243060E-002
   2.0920000000000001        1.8714835577950253E-002
   2.0960000000000001        1.8703023076010877E-002
   2.1000000000000001        1.8687459011539970E-002
   2.1040000000000001        1.8668784324856347E-002
   2.1080000000000001        1.8647804614054967E-002
   2.1120000000000001        1.8625434089714777E-002
   2.1160000000000001        1.8602631879140148E-002
   2.1200000000000001        1.8580338637338597E-002
   2.1240000000000001        1.8559421643439631E-002
   2.1280000000000001        1.8540634570132334E-002
   2.1320000000000001        1.8524593945640652E-002
   2.1360000000000001        1.8511769956111979E-002
   2.1400000000000001        1.8502487037495362E-002
   2.1440000000000001        1.8496929935998864E-002
   2.1480000000000001        1.8495152880571911E-002
   2.1520000000000001        1.8497091365383682E-002
   2.1560000000000001        1.8502576616348635E-002
   2.1600000000000001        1.8511352320360327E-002
   2.1640000000000001        1.8523092107139122E-002
   2.1680000000000001        1.8537415234570170E-002
   2.1720000000000002        1.8553898176031897E-002
   2.1760000000000002        1.8572081429825488E-002
   2.1800000000000002        1.8591473893363263E-002
   2.1840000000000002        1.8611559486607858E-002
   2.1880000000000002        1.8631810628536753E-002
   2.1920000000000002        1.8651710307939079E-002
   2.1960000000000002        1.8670780789133017E-002
   2.2000000000000002        1.8688614635227904E-002
   2.2040000000000002        1.8704903469950837E-002
   2.2080000000000002        1.8719461433903975E-002
   2.2120000000000002        1.8732242075402247E-002
   2.2160000000000002        1.8743348472582987E-002
   2.2200000000000002        1.8753036335366558E-002
   2.2240000000000002        1.8761709061260373E-002
   2.2280000000000002        1.8769902883778875E-002
   2.2320000000000002        1.8778260079435335E-002
   2.2360000000000002        1.8787489029649575E-002
   2.2400000000000002        1.8798311816358867E-002
   2.2440000000000002        1.8811402905481424E-002
   2.2480000000000002        1.8827325653597710E-002
   2.2520000000000002        1.8846475585333530E-002
   2.2560000000000002        1.8869039489242297E-002
   2.2600000000000002        1.8894976740556936E-002
   2.2640000000000002        1.8924024485989257E-002
   2.2680000000000002        1.8955723072934246E-002
   2.2720000000000002        1.8989454494683547E-002
   2.2760000000000002        1.9024485975408997E-002
   2.2800000000000002        1.9060013027206196E-002
   2.2840000000000003        1.9095199238451873E-002
   2.2880000000000003        1.9129212915701327E-002
   2.2920000000000003        1.9161261775147348E-002
   2.2960000000000003        1.9190626747062178E-002
   2.3000000000000003        1.9216694673597785E-002
   2.3040000000000003        1.9238988062268012E-002
   2.3080000000000003        1.9257188228383341E-002
   2.3120000000000003        1.9271147104520863E-002
   2.3160000000000003        1.9280883401021919E-002
   2.3200000000000003        1.9286561278582973E-002
   2.3240000000000003        1.9288453392061939E-002
   2.3280000000000003        1.9286893671019274E-002
   2.3320000000000003        1.9282226996479017E-002
   2.3360000000000003        1.9274762238626359E-002
   2.3400000000000003        1.9264733201349145E-002
   2.3440000000000003        1.9252270361219920E-002
   2.3480000000000003        1.9237386003660116E-002
   2.3520000000000003        1.9219975872629511E-002
   2.3560000000000003        1.9199839997429444E-002
   2.3600000000000003        1.9176722571030064E-002
   2.3640000000000003        1.9150366368275384E-002
   2.3680000000000003        1.9120572205983385E-002
   2.3720000000000003        1.9087250501761174E-002
   2.3760000000000003        1.9050452142932668E-002
   2.3799999999999999        1.9010370425003049E-002
   2.3839999999999999        1.8967313147764588E-002
   2.3879999999999999        1.8921651841890316E-002
   2.3919999999999999        1.8873760165999086E-002
   2.3959999999999999        1.8823954095589748E-002
   2.3999999999999999        1.8772443851737281E-002
   2.4039999999999999        1.8719303711590866E-002
   2.4079999999999999        1.8664462614754476E-002
   2.4119999999999999        1.8607716399546365E-002
   2.4159999999999999        1.8548761103757035E-002
   2.4199999999999999        1.8487244720621264E-002
   2.4239999999999999        1.8422832119259016E-002
   2.4279999999999999        1.8355275122655296E-002
   2.4319999999999999        1.8284478165464798E-002
   2.4359999999999999        1.8210549938464084E-002
   2.4399999999999999        1.8133832847861960E-002
   2.4440000000000000        1.8054905076667845E-002
   2.4480000000000000        1.7974554207356597E-002
   2.4520000000000000        1.7893725948405183E-002
   2.4560000000000000        1.7813455575789033E-002
   2.4600000000000000        1.7734792715493952E-002
   2.4640000000000000        1.7658731381091940E-002
   2.4680000000000000        1.7586156414730363E-002
   2.4720000000000000        1.7517814302872241E-002
   2.4760000000000000        1.7454310627435545E-002
   2.4800000000000000        1.7396129773885032E-002
   2.4840000000000000        1.7343667474277857E-002
   2.4880000000000000        1.7297265429874805E-002
   2.4920000000000000        1.7257239604023339E-002
   2.4960000000000000        1.7223897636306634E-002
   2.5000000000000000        1.7197543386469408E-002
   2.5040000000000000        1.7178467080020032E-002
   2.5080000000000000        1.7166919965608412E-002
   2.5120000000000000        1.7163075384140185E-002
   2.5160000000000000        1.7166983498889080E-002
   2.5200000000000000        1.7178531165923015E-002
   2.5240000000000000        1.7197418101663711E-002
   2.5280000000000000        1.7223155812921949E-002
   2.5320000000000000        1.7255089990266363E-002
   2.5360000000000000        1.7292443009047673E-002
   2.5400000000000000        1.7334371279658724E-002
   2.5440000000000000        1.7380030785482177E-002
   2.5480000000000000        1.7428642458529202E-002
   2.5520000000000000        1.7479547473810784E-002
   2.5560000000000000        1.7532242729278967E-002
   2.5600000000000001        1.7586389464014401E-002
   2.5640000000000001        1.7641792861992838E-002
   2.5680000000000001        1.7698356326819466E-002
   2.5720000000000001        1.7756018726708341E-002
   2.5760000000000001        1.7814685148960493E-002
   2.5800000000000001        1.7874161797939440E-002
   2.5840000000000001        1.7934104129523912E-002
   2.5880000000000001        1.7993985015952306E-002
   2.5920000000000001        1.8053087210253560E-002
   2.5960000000000001        1.8110521560480770E-002
   2.6000000000000001        1.8165269596997050E-002
   2.6040000000000001        1.8216246505386353E-002
   2.6080000000000001        1.8262377932471183E-002
   2.6120000000000001        1.8302681606703553E-002
   2.6160000000000001        1.8336342806799227E-002
   2.6200000000000001        1.8362772450038662E-002
   2.6240000000000001        1.8381639444782397E-002
   2.6280000000000001        1.8392874537954525E-002
   2.6320000000000001        1.8396648749905122E-002
   2.6360000000000001        1.8393333382254348E-002
   2.6400000000000001        1.8383450867446256E-002
   2.6440000000000001        1.8367626431540638E-002
   2.6480000000000001        1.8346549405299586E-002
   2.6520000000000001        1.8320949415349005E-002
   2.6560000000000001        1.8291587135629651E-002
   2.6600000000000001        1.8259254313593418E-002
   2.6640000000000001        1.8224774809867342E-002
   2.6680000000000001        1.8188998923955937E-002
   2.6720000000000002        1.8152786377542158E-002
   2.6760000000000002        1.8116977297136669E-002
   2.6800000000000002        1.8082354084110949E-002
   2.6840000000000002        1.8049599236521077E-002
   2.6880000000000002        1.8019255240214398E-002
   2.6920000000000002        1.7991693164971009E-002
   2.6960000000000002        1.7967095840756803E-002
   2.7000000000000002        1.7945459656700042E-002
   2.7040000000000002        1.7926615734516909E-002
   2.7080000000000002        1.7910267385313806E-002
   2.7120000000000002        1.7896037853148965E-002
   2.7160000000000002        1.7883520954076967E-002
   2.7200000000000002        1.7872327441189911E-002
   2.7240000000000002        1.7862120800094042E-002
   2.7280000000000002        1.7852637553243449E-002
   2.7320000000000002        1.7843689749632699E-002
   2.7360000000000002        1.7835150932728135E-002
   2.7400000000000002        1.7826930622251207E-002
   2.7440000000000002        1.7818945086654617E-002
   2.7480000000000002        1.7811092862873201E-002
   2.7520000000000002        1.7803241920946997E-002
   2.7560000000000002        1.7795231859839632E-002
   2.7600000000000002        1.7786890180007869E-002
   2.7640000000000002        1.7778057553884834E-002
   2.7680000000000002        1.7768614383498287E-002
   2.7720000000000002        1.7758500459754425E-002
   2.7760000000000002        1.7747721330699046E-002
   2.7800000000000002        1.7736338338249377E-002
   2.7840000000000003        1.7724443345106713E-002
   2.7880000000000003        1.7712123493969521E-002
   2.7920000000000003        1.7699425498803770E-002
   2.7960000000000003        1.7686330930687295E-002
   2.8000000000000003        1.7672751943645527E-002
   2.8040000000000003        1.7658550438350483E-002
   2.8080000000000003        1.7643574843871915E-002
   2.8120000000000003        1.7627701442844139E-002
   2.8160000000000003        1.7610865211701323E-002
   2.8200000000000003        1.7593069066786534E-002
   2.8240000000000003        1.7574368621737356E-002
   2.8280000000000003        1.7554838521836931E-002
   2.8320000000000003        1.7534532544601609E-002
   2.8360000000000003        1.7513451057760185E-002
   2.8400000000000003        1.7491526178917669E-002
   2.8440000000000003        1.7468628962035444E-002
   2.8480000000000003        1.7444596668756498E-002
   2.8520000000000003        1.7419273700761712E-002
   2.8560000000000003        1.7392558017289641E-002
   2.8600000000000003        1.7364445156462030E-002
   2.8640000000000003        1.7335063005607509E-002
   2.8680000000000003        1.7304691559702486E-002
   2.8720000000000003        1.7273763321354503E-002
   2.8760000000000003        1.7242842578933430E-002
   2.8800000000000003        1.7212585689816349E-002
   2.8840000000000003        1.7183688213658614E-002
   2.8880000000000003        1.7156826627135493E-002
   2.8920000000000003        1.7132602355348137E-002
   2.8960000000000004        1.7111494273162713E-002
   2.9000000000000004        1.7093823622167128E-002
   2.9040000000000004        1.7079733293481718E-002
   2.9079999999999999        1.7069182374422426E-002
   2.9119999999999999        1.7061956458294360E-002
   2.9159999999999999        1.7057693663750696E-002
   2.9199999999999999        1.7055925135128526E-002
   2.9239999999999999        1.7056126126857616E-002
   2.9279999999999999        1.7057770800024755E-002
   2.9319999999999999        1.7060382140771057E-002
   2.9359999999999999        1.7063569345531871E-002
   2.9399999999999999        1.7067047971490008E-002
   2.9440000000000000        1.7070641780211931E-002
   2.9480000000000000        1.7074268129707047E-002
   2.9520000000000000        1.7077911136227815E-002
   2.9560000000000000        1.7081588320432568E-002
   2.9600000000000000        1.7085316899752005E-002
   2.9640000000000000        1.7089084920078323E-002
   2.9680000000000000        1.7092830280958600E-002
   2.9720000000000000        1.7096428260855129E-002
   2.9760000000000000        1.7099686302197967E-002
   2.9800000000000000        1.7102344258491404E-002
   2.9840000000000000        1.7104078812957325E-002
   2.9880000000000000        1.7104511802464473E-002
   2.9920000000000000        1.7103222569730028E-002
   2.9960000000000000        1.7099764569583287E-002
   3.0000000000000000        1.7093686158480472E-002
   3.0040000000000000        1.7084555744820783E-002
   3.0080000000000000        1.7071991926002665E-002
   3.0120000000000000        1.7055699260833682E-002
   3.0160000000000000        1.7035508648127078E-002
   3.0200000000000000        1.7011417887393916E-002
   3.0240000000000000        1.6983623760352333E-002
   3.0280000000000000        1.6952535018102295E-002
   3.0320000000000000        1.6918758835894623E-002
   3.0360000000000000        1.6883061309458661E-002
   3.0400000000000000        1.6846310835777163E-002
   3.0440000000000000        1.6809416604357280E-002
   3.0480000000000000        1.6773271446929836E-002
   3.0520000000000000        1.6738702583214225E-002
   3.0560000000000000        1.6706430227406952E-002
   3.0600000000000001        1.6677034204026178E-002
   3.0640000000000001        1.6650930978264849E-002
   3.0680000000000001        1.6628364810513999E-002
   3.0720000000000001        1.6609414932624227E-002
   3.0760000000000001        1.6594016840406799E-002
   3.0800000000000001        1.6581992054698378E-002
   3.0840000000000001        1.6573079060531487E-002
   3.0880000000000001        1.6566959308060233E-002
   3.0920000000000001        1.6563275274383508E-002
   3.0960000000000001        1.6561640719482768E-002
   3.1000000000000001        1.6561645598684366E-002
   3.1040000000000001        1.6562858975905505E-002
   3.1080000000000001        1.6564833155687339E-002
   3.1120000000000001        1.6567111558676659E-002
   3.1160000000000001        1.6569241820897564E-002
   3.1200000000000001        1.6570794585215171E-002
   3.1240000000000001        1.6571388003469925E-002
   3.1280000000000001        1.6570717823487787E-002
   3.1320000000000001        1.6568592330696137E-002
   3.1360000000000001        1.6564969557161215E-002
   3.1400000000000001        1.6559991215156094E-002
   3.1440000000000001        1.6554005294081828E-002
   3.1480000000000001        1.6547568991414890E-002
   3.1520000000000001        1.6541426712529107E-002
   3.1560000000000001        1.6536463718641637E-002
   3.1600000000000001        1.6533642317049572E-002
   3.1640000000000001        1.6533931530945060E-002
   3.1680000000000001        1.6538241465685059E-002
   3.1720000000000002        1.6547370032214532E-002
   3.1760000000000002        1.6561963922030461E-002
   3.1800000000000002        1.6582490653518987E-002
   3.1840000000000002        1.6609216833663312E-002
   3.1880000000000002        1.6642190169207198E-002
   3.1920000000000002        1.6681227185502120E-002
   3.1960000000000002        1.6725912091049691E-002
   3.2000000000000002        1.6775612236379848E-002
   3.2040000000000002        1.6829512591656593E-002
   3.2080000000000002        1.6886667361521397E-002
   3.2120000000000002        1.6946062880540552E-002
   3.2160000000000002        1.7006683885416530E-002
   3.2200000000000002        1.7067575598390557E-002
   3.2240000000000002        1.7127896358234803E-002
   3.2280000000000002        1.7186958639809961E-002
   3.2320000000000002        1.7244258510670605E-002
   3.2360000000000002        1.7299494131091723E-002
   3.2400000000000002        1.7352572517914073E-002
   3.2440000000000002        1.7403601994672033E-002
   3.2480000000000002        1.7452867672730486E-002
   3.2520000000000002        1.7500789856675220E-002
   3.2560000000000002        1.7547869594851426E-002
   3.2600000000000002        1.7594629097756671E-002
   3.2640000000000002        1.7641555910155173E-002
   3.2680000000000002        1.7689057935899626E-002
   3.2720000000000002        1.7737433189857429E-002
   3.2760000000000002        1.7786854641803112E-002
   3.2800000000000002        1.7837367955682741E-002
   3.2840000000000003        1.7888899010931485E-002
   3.2880000000000003        1.7941268545381757E-002
   3.2920000000000003        1.7994212331376394E-002
   3.2960000000000003        1.8047405993570211E-002
   3.3000000000000003        1.8100493307352635E-002
   3.3040000000000003        1.8153115943809004E-002
   3.3080000000000003        1.8204941812046366E-002
   3.3120000000000003        1.8255688491454897E-002
   3.3160000000000003        1.8305137804558440E-002
   3.3200000000000003        1.8353137811527004E-002
   3.3240000000000003        1.8399590300258815E-002
   3.3280000000000003        1.8444425276619488E-002
   3.3320000000000003        1.8487568242406747E-002
   3.3360000000000003        1.8528909256207791E-002
   3.3400000000000003        1.8568283262958188E-002
   3.3440000000000003        1.8605468350099654E-002
   3.3480000000000003        1.8640203615870887E-002
   3.3520000000000003        1.8672222500684611E-002
   3.3560000000000003        1.8701293005658173E-002
   3.3600000000000003        1.8727254851874393E-002
   3.3640000000000003        1.8750045352646103E-002
   3.3680000000000003        1.8769709548255825E-002
   3.3720000000000003        1.8786394325142505E-002
   3.3760000000000003        1.8800329236651838E-002
   3.3800000000000003        1.8811798494902353E-002
   3.3840000000000003        1.8821109337096954E-002
   3.3880000000000003        1.8828562070356256E-002
   3.3920000000000003        1.8834426784250385E-002
   3.3960000000000004        1.8838930700904741E-002
   3.4000000000000004        1.8842258860484535E-002
   3.4040000000000004        1.8844568540036907E-002
   3.4080000000000004        1.8846014805177429E-002
   3.4120000000000004        1.8846781097780135E-002
   3.4160000000000004        1.8847105999688748E-002
   3.4200000000000004        1.8847296814880548E-002
   3.4240000000000004        1.8847723953716453E-002
   3.4280000000000004        1.8848795925788139E-002
   3.4320000000000004        1.8850920461514927E-002
   3.4359999999999999        1.8854459995236543E-002
   3.4399999999999999        1.8859689167356739E-002
   3.4440000000000000        1.8866759675092791E-002
   3.4480000000000000        1.8875675518600470E-002
   3.4520000000000000        1.8886280591124967E-002
   3.4560000000000000        1.8898259882082248E-002
   3.4600000000000000        1.8911155304870714E-002
   3.4640000000000000        1.8924396355320769E-002
   3.4680000000000000        1.8937344049638715E-002
   3.4720000000000000        1.8949344113500747E-002
   3.4760000000000000        1.8959782842685818E-002
   3.4800000000000000        1.8968137768480102E-002
   3.4840000000000000        1.8974016795564250E-002
   3.4880000000000000        1.8977183136277675E-002
   3.4920000000000000        1.8977567088749776E-002
   3.4960000000000000        1.8975267105523264E-002
   3.5000000000000000        1.8970541399860229E-002
   3.5040000000000000        1.8963788931008248E-002
   3.5080000000000000        1.8955517613993458E-002
   3.5120000000000000        1.8946299068881792E-002
   3.5160000000000000        1.8936712786934547E-002
   3.5200000000000000        1.8927286698177729E-002
   3.5240000000000000        1.8918443728386764E-002
   3.5280000000000000        1.8910463423885627E-002
   3.5320000000000000        1.8903464085320624E-002
   3.5360000000000000        1.8897405523437855E-002
   3.5400000000000000        1.8892107679579738E-002
   3.5440000000000000        1.8887278023222657E-002
   3.5480000000000000        1.8882541634880106E-002
   3.5520000000000000        1.8877470428953987E-002
   3.5560000000000000        1.8871610456594558E-002
   3.5600000000000001        1.8864507074533240E-002
   3.5640000000000001        1.8855728147008852E-002
   3.5680000000000001        1.8844886059963765E-002
   3.5720000000000001        1.8831660034731336E-002
   3.5760000000000001        1.8815820203224563E-002
   3.5800000000000001        1.8797252539577401E-002
   3.5840000000000001        1.8775980689977087E-002
   3.5880000000000001        1.8752179520728066E-002
   3.5920000000000001        1.8726177842758169E-002
   3.5960000000000001        1.8698452024042696E-002
   3.6000000000000001        1.8669614212741201E-002
   3.6040000000000001        1.8640397080495322E-002
   3.6080000000000001        1.8611633876913808E-002
   3.6120000000000001        1.8584230988984599E-002
   3.6160000000000001        1.8559131309847147E-002
   3.6200000000000001        1.8537269367984947E-002
   3.6240000000000001        1.8519521753414623E-002
   3.6280000000000001        1.8506657788257740E-002
   3.6320000000000001        1.8499295238780415E-002
   3.6360000000000001        1.8497864407769547E-002
   3.6400000000000001        1.8502582210135669E-002
   3.6440000000000001        1.8513436771568720E-002
   3.6480000000000001        1.8530183478234586E-002
   3.6520000000000001        1.8552354686167435E-002
   3.6560000000000001        1.8579285858001244E-002
   3.6600000000000001        1.8610160146450210E-002
   3.6640000000000001        1.8644070523406303E-002
   3.6680000000000001        1.8680093847125861E-002
   3.6720000000000002        1.8717366071017535E-002
   3.6760000000000002        1.8755144118338875E-002
   3.6800000000000002        1.8792840768654666E-002
   3.6840000000000002        1.8830025680903875E-002
   3.6880000000000002        1.8866395844798208E-002
   3.6920000000000002        1.8901727551101172E-002
   3.6960000000000002        1.8935825604348876E-002
   3.7000000000000002        1.8968483559545724E-002
   3.7040000000000002        1.8999463575806595E-002
   3.7080000000000002        1.9028498193443918E-002
   3.7120000000000002        1.9055310780572227E-002
   3.7160000000000002        1.9079647769889248E-002
   3.7200000000000002        1.9101314824999393E-002
   3.7240000000000002        1.9120209831841522E-002
   3.7280000000000002        1.9136346747525984E-002
   3.7320000000000002        1.9149864744806819E-002
   3.7360000000000002        1.9161017928287744E-002
   3.7400000000000002        1.9170143774901997E-002
   3.7440000000000002        1.9177614101014401E-002
   3.7480000000000002        1.9183778705616977E-002
   3.7520000000000002        1.9188914859056435E-002
   3.7560000000000002        1.9193194095065279E-002
   3.7600000000000002        1.9196671756586445E-002
   3.7640000000000002        1.9199297104611251E-002
   3.7680000000000002        1.9200936091113001E-002
   3.7720000000000002        1.9201397163379583E-002
   3.7760000000000002        1.9200452626967016E-002
   3.7800000000000002        1.9197852777070121E-002
   3.7840000000000003        1.9193334380234399E-002
   3.7880000000000003        1.9186627617139681E-002
   3.7920000000000003        1.9177465807193959E-002
   3.7960000000000003        1.9165600440882797E-002
   3.8000000000000003        1.9150821517050103E-002
   3.8040000000000003        1.9132981216059018E-002
   3.8080000000000003        1.9112017548163544E-002
   3.8120000000000003        1.9087974504782682E-002
   3.8160000000000003        1.9061016123100159E-002
   3.8200000000000003        1.9031433039108366E-002
   3.8240000000000003        1.8999640765340050E-002
   3.8280000000000003        1.8966168895338833E-002
   3.8320000000000003        1.8931640103091101E-002
   3.8360000000000003        1.8896738127476879E-002
   3.8400000000000003        1.8862165725279476E-002
   3.8440000000000003        1.8828595995237452E-002
   3.8480000000000003        1.8796622681083820E-002
   3.8520000000000003        1.8766716149697351E-002
   3.8560000000000003        1.8739191269189142E-002
   3.8600000000000003        1.8714192333433573E-002
   3.8640000000000003        1.8691698423372521E-002
   3.8680000000000003        1.8671549973627743E-002
   3.8720000000000003        1.8653494007568834E-002
   3.8760000000000003        1.8637242082568641E-002
   3.8800000000000003        1.8622532135875409E-002
   3.8840000000000003        1.8609184719579404E-002
   3.8880000000000003        1.8597145394936249E-002
   3.8920000000000003        1.8586507522555164E-002
   3.8960000000000004        1.8577512378063172E-002
   3.9000000000000004        1.8570526381937704E-002
