  -2.5445038  -4.8166602   2.2721563
  -2.5445029  -4.8088123   2.2643094
  -2.5445033  -4.8387415   2.2942383
  -2.5445048  -4.8900698   2.3455650
  -2.5445047  -4.9071091   2.3626044
  -2.5445040  -4.8820645   2.3375605
  -2.5445038  -4.8387747   2.2942709
  -2.5445038  -4.7915529   2.2470491
  -2.5445037  -4.7464363   2.2019326
  -2.5445032  -4.7186876   2.1741844
  -2.5445039  -4.7215707   2.1770668
  -2.5445044  -4.7336274   2.1891230
  -2.5445043  -4.7270656   2.1825612
  -2.5445039  -4.7025334   2.1580296
  -2.5445037  -4.6749615   2.1304578
  -2.5445034  -4.6552123   2.1107089
  -2.5445031  -4.6584367   2.1139336
  -2.5445037  -4.6878341   2.1433304
  -2.5445041  -4.7253973   2.1808932
  -2.5445043  -4.7520812   2.2075768
  -2.5445040  -4.7640323   2.2195283
  -2.5445040  -4.7682062   2.2237021
  -2.5445038  -4.7648737   2.2203699
  -2.5445033  -4.7659718   2.2214684
  -2.5445037  -4.7850751   2.2405715
  -2.5445042  -4.8092357   2.2647315
  -2.5445040  -4.8202818   2.2757778
  -2.5445046  -4.8171440   2.2726394
  -2.5445040  -4.7930953   2.2485913
  -2.5445031  -4.7717688   2.2272657
  -2.5445041  -4.7820349   2.2375308
  -2.5445044  -4.7994961   2.2549917
  -2.5445042  -4.8071302   2.2626259
  -2.5445039  -4.8027620   2.2582581
  -2.5445037  -4.7956040   2.2511003
  -2.5445036  -4.7919711   2.2474674
  -2.5445037  -4.7940861   2.2495825
  -2.5445039  -4.7996053   2.2551013
  -2.5445034  -4.8054384   2.2609350
  -2.5445042  -4.8228736   2.2783694
  -2.5445048  -4.8235546   2.2790498
  -2.5445043  -4.7837589   2.2392546
  -2.5445035  -4.7250518   2.1805483
  -2.5445030  -4.6863772   2.1418742
  -2.5445033  -4.6911118   2.1466085
  -2.5445042  -4.7253472   2.1808431
  -2.5445046  -4.7512157   2.2067112
  -2.5445035  -4.7551201   2.2106166
  -2.5445035  -4.7662785   2.2217749
  -2.5445044  -4.7870190   2.2425146
  -2.5445047  -4.7838414   2.2393367
  -2.5445039  -4.7527503   2.2082464
  -2.5445033  -4.7232832   2.1787799
  -2.5445033  -4.7217409   2.1772376
  -2.5445039  -4.7487933   2.2042894
  -2.5445045  -4.7803784   2.2358740
  -2.5445039  -4.7968930   2.2523891
  -2.5445037  -4.8105398   2.2660361
  -2.5445040  -4.8309792   2.2864752
  -2.5445043  -4.8483827   2.3038783
  -2.5445042  -4.8519555   2.3074513
  -2.5445041  -4.8395583   2.2950542
  -2.5445039  -4.8177224   2.2732186
  -2.5445039  -4.7962393   2.2517354
  -2.5445039  -4.7775431   2.2330391
  -2.5445036  -4.7611827   2.2166790
  -2.5445034  -4.7580452   2.2135418
  -2.5445039  -4.7742981   2.2297942
  -2.5445039  -4.7960464   2.2515424
  -2.5445040  -4.8111795   2.2666755
  -2.5445037  -4.8218293   2.2773255
  -2.5445042  -4.8342031   2.2896989
  -2.5445044  -4.8306562   2.2861518
  -2.5445039  -4.8019797   2.2574758
  -2.5445037  -4.7682864   2.2237827
  -2.5445036  -4.7437890   2.1992854
  -2.5445039  -4.7311027   2.1865988
  -2.5445039  -4.7280045   2.1835006
  -2.5445043  -4.7340948   2.1895905
  -2.5445045  -4.7323053   2.1878009
  -2.5445040  -4.7130224   2.1685184
  -2.5445037  -4.6886588   2.1441552
  -2.5445037  -4.6696804   2.1251767
  -2.5445037  -4.6623593   2.1178556
  -2.5445039  -4.6677252   2.1232213
  -2.5445037  -4.6826207   2.1381169
  -2.5445040  -4.7073998   2.1628958
  -2.5445037  -4.7400015   2.1954978
  -2.5445043  -4.7778913   2.2333870
  -2.5445044  -4.8035401   2.2590357
  -2.5445045  -4.8057672   2.2612627
  -2.5445042  -4.7838719   2.2393677
  -2.5445037  -4.7482920   2.2037883
  -2.5445031  -4.7233910   2.1788879
  -2.5445035  -4.7299201   2.1854166
  -2.5445039  -4.7608224   2.2163186
  -2.5445039  -4.8025332   2.2580293
  -2.5445041  -4.8447603   2.3002562
  -2.5445041  -4.8731752   2.3286711
  -2.5445040  -4.8858170   2.3413130
  -2.5445041  -4.8842947   2.3397905
  -2.5445041  -4.8621682   2.3176641
  -2.5445034  -4.8282389   2.2837355
  -2.5445034  -4.8077288   2.2632254
  -2.5445042  -4.8046876   2.2601835
  -2.5445038  -4.7953980   2.2508943
  -2.5445031  -4.7907876   2.2462845
  -2.5445038  -4.8097045   2.2652007
  -2.5445044  -4.8270234   2.2825189
  -2.5445042  -4.8197465   2.2752423
  -2.5445039  -4.7977634   2.2532595
  -2.5445040  -4.7743173   2.2298134
  -2.5445035  -4.7566969   2.2121934
  -2.5445039  -4.7581548   2.2136509
  -2.5445042  -4.7670904   2.2225862
  -2.5445039  -4.7679082   2.2234043
  -2.5445036  -4.7664516   2.2219480
  -2.5445038  -4.7710936   2.2265898
  -2.5445041  -4.7766599   2.2321558
  -2.5445039  -4.7703452   2.2258413
  -2.5445034  -4.7588398   2.2143364
  -2.5445036  -4.7580953   2.2135917
  -2.5445040  -4.7617157   2.2172117
  -2.5445038  -4.7610848   2.2165810
  -2.5445036  -4.7615098   2.2170062
  -2.5445038  -4.7672712   2.2227674
  -2.5445042  -4.7690615   2.2245572
  -2.5445041  -4.7560591   2.2115550
  -2.5445037  -4.7341359   2.1896321
  -2.5445028  -4.7274922   2.1829893
  -2.5445036  -4.7599063   2.2154027
  -2.5445044  -4.8047390   2.2602347
  -2.5445045  -4.8281306   2.2836261
  -2.5445041  -4.8196316   2.2751275
  -2.5445036  -4.7943873   2.2498837
  -2.5445037  -4.7736582   2.2291545
  -2.5445039  -4.7605319   2.2160281
  -2.5445041  -4.7498032   2.2052991
  -2.5445035  -4.7404859   2.1959825
  -2.5445033  -4.7511243   2.2066211
  -2.5445042  -4.7859933   2.2414891
  -2.5445047  -4.8114458   2.2669410
  -2.5445043  -4.8066729   2.2621687
  -2.5445037  -4.7814154   2.2369117
  -2.5445032  -4.7573788   2.2128756
  -2.5445031  -4.7554033   2.2109002
  -2.5445040  -4.7762870   2.2317830
  -2.5445045  -4.7904689   2.2459644
  -2.5445038  -4.7836570   2.2391532
  -2.5445034  -4.7747915   2.2302881
  -2.5445037  -4.7760037   2.2314999
  -2.5445042  -4.7774046   2.2329004
  -2.5445042  -4.7619959   2.2174916
  -2.5445038  -4.7247461   2.1802422
  -2.5445032  -4.6827145   2.1382113
  -2.5445028  -4.6646923   2.1201896
  -2.5445034  -4.6909967   2.1464934
  -2.5445043  -4.7398814   2.1953771
  -2.5445045  -4.7712674   2.2267628
  -2.5445042  -4.7739328   2.2294286
  -2.5445035  -4.7601138   2.2156103
  -2.5445037  -4.7491354   2.2046316
  -2.5445039  -4.7414049   2.1969010
  -2.5445038  -4.7302988   2.1857950
  -2.5445034  -4.7215739   2.1770704
  -2.5445034  -4.7293527   2.1848493
  -2.5445043  -4.7520441   2.2075398
  -2.5445046  -4.7625920   2.2180874
  -2.5445042  -4.7478019   2.2032977
  -2.5445037  -4.7229430   2.1784393
  -2.5445033  -4.7112299   2.1667266
  -2.5445039  -4.7257288   2.1812249
  -2.5445044  -4.7462469   2.2017426
  -2.5445042  -4.7557170   2.2112128
  -2.5445036  -4.7599345   2.2154309
  -2.5445039  -4.7698161   2.2253122
  -2.5445037  -4.7830163   2.2385126
  -2.5445035  -4.8038865   2.2593830
  -2.5445040  -4.8369869   2.2924829
  -2.5445042  -4.8662126   2.3217084
  -2.5445041  -4.8804606   2.3359565
  -2.5445041  -4.8793608   2.3348567
  -2.5445042  -4.8629608   2.3184567
  -2.5445039  -4.8366671   2.2921633
  -2.5445040  -4.8103584   2.2658544
  -2.5445038  -4.7855528   2.2410490
  -2.5445033  -4.7745884   2.2300851
  -2.5445036  -4.7939529   2.2494493
  -2.5445040  -4.8313975   2.2868935
  -2.5445043  -4.8669448   2.3224404
  -2.5445046  -4.8863717   2.3418671
  -2.5445046  -4.8787473   2.3342427
  -2.5445040  -4.8509489   2.3064449
  -2.5445041  -4.8164426   2.2719385
  -2.5445038  -4.7794748   2.2349709
  -2.5445036  -4.7523955   2.2078919
  -2.5445039  -4.7393053   2.1948014
  -2.5445038  -4.7305841   2.1860803
  -2.5445037  -4.7231931   2.1786894
  -2.5445037  -4.7201487   2.1756451
  -2.5445037  -4.7199546   2.1754509
  -2.5445039  -4.7193195   2.1748155
  -2.5445036  -4.7169712   2.1724676
  -2.5445033  -4.7222611   2.1777578
  -2.5445035  -4.7429225   2.1984190
  -2.5445039  -4.7720905   2.2275866
  -2.5445043  -4.7909462   2.2464419
  -2.5445040  -4.7852381   2.2407341
  -2.5445036  -4.7632570   2.2187534
  -2.5445036  -4.7405974   2.1960937
  -2.5445037  -4.7196949   2.1751912
  -2.5445035  -4.7055652   2.1610616
  -2.5445035  -4.7040676   2.1595641
  -2.5445036  -4.7137375   2.1692338
  -2.5445035  -4.7322541   2.1877505
  -2.5445036  -4.7595667   2.2150631
  -2.5445041  -4.7899452   2.2454412
  -2.5445042  -4.8146086   2.2701044
  -2.5445045  -4.8264779   2.2819734
  -2.5445042  -4.8142241   2.2697199
  -2.5445037  -4.7900846   2.2455810
  -2.5445034  -4.7774182   2.2329147
  -2.5445035  -4.7863347   2.2418312
  -2.5445040  -4.8132695   2.2687655
  -2.5445046  -4.8317621   2.2872575
  -2.5445045  -4.8160922   2.2715877
  -2.5445038  -4.7722437   2.2277399
  -2.5445029  -4.7276022   2.1830992
  -2.5445028  -4.7143680   2.1698652
  -2.5445032  -4.7396990   2.1951957
  -2.5445042  -4.7769150   2.2324108
  -2.5445042  -4.7959265   2.2514224
  -2.5445037  -4.7950817   2.2505780
  -2.5445037  -4.7927627   2.2482590
  -2.5445044  -4.7901258   2.2456214
  -2.5445038  -4.7738413   2.2293376
  -2.5445034  -4.7627441   2.2182408
  -2.5445043  -4.7708573   2.2263529
  -2.5445043  -4.7757680   2.2312637
  -2.5445041  -4.7778575   2.2333534
  -2.5445045  -4.7788586   2.2343541
  -2.5445043  -4.7697300   2.2252257
  -2.5445040  -4.7576178   2.2131138
  -2.5445040  -4.7506683   2.2061642
  -2.5445038  -4.7496132   2.2051094
  -2.5445038  -4.7592302   2.2147264
  -2.5445040  -4.7756248   2.2311208
  -2.5445043  -4.7911558   2.2466515
  -2.5445042  -4.7949700   2.2504658
  -2.5445042  -4.7869250   2.2424208
  -2.5445036  -4.7768395   2.2323359
  -2.5445036  -4.7779247   2.2334211
  -2.5445040  -4.7906298   2.2461258
  -2.5445046  -4.8005539   2.2560494
  -2.5445045  -4.7884514   2.2439469
  -2.5445036  -4.7569326   2.2124290
  -2.5445033  -4.7345702   2.1900669
  -2.5445036  -4.7391397   2.1946361
  -2.5445040  -4.7612140   2.2167100
  -2.5445046  -4.7813018   2.2367972
  -2.5445047  -4.7809319   2.2364272
  -2.5445039  -4.7638847   2.2193807
  -2.5445041  -4.7530642   2.2085601
  -2.5445040  -4.7480133   2.2035092
  -2.5445035  -4.7503184   2.2058150
  -2.5445034  -4.7747077   2.2302043
  -2.5445037  -4.8231947   2.2786909
  -2.5445043  -4.8761954   2.3316911
  -2.5445045  -4.9093949   2.3648904
  -2.5445048  -4.9097845   2.3652797
  -2.5445041  -4.8716400   2.3271359
  -2.5445030  -4.8204390   2.2759360
  -2.5445032  -4.7976904   2.2531872
  -2.5445039  -4.7985983   2.2540944
  -2.5445041  -4.7928784   2.2483742
  -2.5445036  -4.7727320   2.2282284
  -2.5445035  -4.7529464   2.2084429
  -2.5445041  -4.7416123   2.1971082
  -2.5445042  -4.7236571   2.1791530
  -2.5445039  -4.6937518   2.1492478
  -2.5445035  -4.6669085   2.1224050
  -2.5445035  -4.6587877   2.1142841
  -2.5445035  -4.6725782   2.1280747
  -2.5445038  -4.7012321   2.1567282
  -2.5445040  -4.7333937   2.1888897
  -2.5445041  -4.7564088   2.2119047
  -2.5445038  -4.7677512   2.2232475
  -2.5445037  -4.7778852   2.2333815
  -2.5445038  -4.7894513   2.2449476
  -2.5445037  -4.8001355   2.2556319
  -2.5445035  -4.8162624   2.2717589
  -2.5445040  -4.8400525   2.2955484
  -2.5445043  -4.8571887   2.3126844
  -2.5445040  -4.8574402   2.3129363
  -2.5445036  -4.8491397   2.3046361
  -2.5445038  -4.8455007   2.3009969
  -2.5445047  -4.8393745   2.2948698
  -2.5445044  -4.8078101   2.2633057
  -2.5445029  -4.7678606   2.2233576
  -2.5445037  -4.7622960   2.2177923
  -2.5445043  -4.7732581   2.2287538
  -2.5445040  -4.7723999   2.2278959
  -2.5445035  -4.7654129   2.2209094
  -2.5445034  -4.7693202   2.2248168
  -2.5445035  -4.7896402   2.2451366
  -2.5445043  -4.8118815   2.2673772
  -2.5445045  -4.8141940   2.2696895
  -2.5445040  -4.7885763   2.2440723
  -2.5445036  -4.7526897   2.2081860
  -2.5445035  -4.7245513   2.1800478
  -2.5445034  -4.7105562   2.1660528
  -2.5445039  -4.7156425   2.1711387
  -2.5445042  -4.7273497   2.1828455
  -2.5445040  -4.7310257   2.1865217
  -2.5445037  -4.7332786   2.1887750
  -2.5445035  -4.7461350   2.2016315
  -2.5445039  -4.7726367   2.2281328
  -2.5445044  -4.7994292   2.2549248
  -2.5445046  -4.8005179   2.2560133
  -2.5445038  -4.7696023   2.2250985
  -2.5445030  -4.7359848   2.1914818
  -2.5445034  -4.7301654   2.1856620
  -2.5445039  -4.7466394   2.2021355
  -2.5445038  -4.7710574   2.2265536
  -2.5445046  -4.7985859   2.2540813
  -2.5445046  -4.8064053   2.2619007
  -2.5445040  -4.7860611   2.2415571
  -2.5445037  -4.7563948   2.2118911
  -2.5445033  -4.7367422   2.1922388
  -2.5445036  -4.7417472   2.1972436
  -2.5445043  -4.7626173   2.2181130
  -2.5445044  -4.7746882   2.2301838
  -2.5445037  -4.7703435   2.2258398
  -2.5445034  -4.7724066   2.2279032
  -2.5445043  -4.7890919   2.2445875
  -2.5445041  -4.7963826   2.2518786
  -2.5445034  -4.7966886   2.2521852
  -2.5445034  -4.8106873   2.2661839
  -2.5445041  -4.8395843   2.2950802
  -2.5445047  -4.8540758   2.3095711
  -2.5445040  -4.8397486   2.2952446
  -2.5445034  -4.8223564   2.2778530
  -2.5445040  -4.8208393   2.2763352
  -2.5445046  -4.8156556   2.2711510
  -2.5445044  -4.7870923   2.2425879
  -2.5445038  -4.7410727   2.1965688
  -2.5445035  -4.7006090   2.1561055
  -2.5445034  -4.6839320   2.1394285
  -2.5445033  -4.7028566   2.1583533
  -2.5445040  -4.7560688   2.2115647
  -2.5445047  -4.8143663   2.2698616
  -2.5445050  -4.8463804   2.3018754
  -2.5445046  -4.8387616   2.2942570
  -2.5445041  -4.8041982   2.2596941
  -2.5445039  -4.7652336   2.2207298
  -2.5445037  -4.7364635   2.1919598
  -2.5445036  -4.7277573   2.1832536
  -2.5445037  -4.7389196   2.1944159
  -2.5445040  -4.7677331   2.2232291
  -2.5445039  -4.7978368   2.2533330
  -2.5445041  -4.8215238   2.2770197
  -2.5445039  -4.8343002   2.2897963
  -2.5445039  -4.8426597   2.2981558
  -2.5445041  -4.8472322   2.3027281
  -2.5445044  -4.8354491   2.2909448
  -2.5445043  -4.8020361   2.2575319
  -2.5445034  -4.7579911   2.2134877
  -2.5445031  -4.7327253   2.1882222
  -2.5445033  -4.7424522   2.1979489
  -2.5445040  -4.7749667   2.2304627
  -2.5445041  -4.8070584   2.2625544
  -2.5445043  -4.8242534   2.2797490
  -2.5445044  -4.8177813   2.2732769
  -2.5445041  -4.7852976   2.2407935
  -2.5445035  -4.7414587   2.1969552
  -2.5445035  -4.7095082   2.1650047
  -2.5445040  -4.6944100   2.1499060
  -2.5445042  -4.6799018   2.1353976
  -2.5445035  -4.6632488   2.1187453
  -2.5445033  -4.6669786   2.1224753
  -2.5445037  -4.6964008   2.1518971
  -2.5445038  -4.7348702   2.1903664
  -2.5445041  -4.7746462   2.2301421
  -2.5445042  -4.8002711   2.2557668
  -2.5445039  -4.8059412   2.2614373
  -2.5445036  -4.8006726   2.2561690
  -2.5445035  -4.7952698   2.2507663
  -2.5445037  -4.7942421   2.2497384
  -2.5445037  -4.7955226   2.2510189
  -2.5445036  -4.8023063   2.2578027
  -2.5445040  -4.8129861   2.2684821
  -2.5445042  -4.8151548   2.2706506
  -2.5445038  -4.8026912   2.2581873
  -2.5445034  -4.7900766   2.2455732
  -2.5445037  -4.7897105   2.2452067
  -2.5445039  -4.7922410   2.2477370
  -2.5445038  -4.7916459   2.2471420
  -2.5445037  -4.7905779   2.2460743
  -2.5445037  -4.7911026   2.2465989
  -2.5445034  -4.7960179   2.2515145
