   4.0000000000000001E-003   6.9461409552997938E-005
   8.0000000000000002E-003   2.7711033322313963E-004
   1.2000000000000000E-002   6.2115227056354198E-004
   1.6000000000000000E-002   1.0987242321661486E-003
   2.0000000000000000E-002   1.7056957672601195E-003
   2.4000000000000000E-002   2.4365231676200371E-003
   2.8000000000000001E-002   3.2842023542635911E-003
   3.2000000000000001E-002   4.2403443691042758E-003
   3.6000000000000004E-002   5.2953837999930309E-003
   4.0000000000000001E-002   6.4388875029493253E-003
   4.4000000000000004E-002   7.6598797946162691E-003
   4.8000000000000001E-002   8.9471037473368951E-003
   5.2000000000000005E-002   1.0289210594138636E-002
   5.6000000000000001E-002   1.1674941967955956E-002
   6.0000000000000005E-002   1.3093372796959771E-002
   6.4000000000000001E-002   1.4534224766985793E-002
   6.8000000000000005E-002   1.5988196454728820E-002
   7.2000000000000008E-002   1.7447217848647622E-002
   7.5999999999999998E-002   1.8904537346804712E-002
   8.0000000000000002E-002   2.0354608377604042E-002
   8.4000000000000005E-002   2.1792836278116505E-002
   8.8000000000000009E-002   2.3215289255562929E-002
   9.1999999999999998E-002   2.4618436997292995E-002
   9.6000000000000002E-002   2.5998927318033358E-002
  0.10000000000000001        2.7353415154562286E-002
  0.10400000000000001        2.8678499542634111E-002
  0.10800000000000000        2.9970813078424943E-002
  0.11200000000000000        3.1227205063544823E-002
  0.11600000000000001        3.2444871996121123E-002
  0.12000000000000001        3.3621345672938931E-002
  0.12400000000000000        3.4754395980281468E-002
  0.12800000000000000        3.5841983673799253E-002
  0.13200000000000001        3.6882357637676513E-002
  0.13600000000000001        3.7874294798957091E-002
  0.14000000000000001        3.8817397843093446E-002
  0.14400000000000002        3.9712328912916511E-002
  0.14800000000000002        4.0560872837163149E-002
  0.15200000000000000        4.1365776391890423E-002
  0.15600000000000000        4.2130377336815558E-002
  0.16000000000000000        4.2858116275731092E-002
  0.16400000000000001        4.3552101891612301E-002
  0.16800000000000001        4.4214894902888206E-002
  0.17200000000000001        4.4848536138316616E-002
  0.17600000000000002        4.5454662358585862E-002
  0.18000000000000002        4.6034501070799844E-002
  0.18400000000000000        4.6588687937033420E-002
  0.18800000000000000        4.7117079313105485E-002
  0.19200000000000000        4.7618815461532224E-002
  0.19600000000000001        4.8092745514801943E-002
  0.20000000000000001        4.8538071795900486E-002
  0.20400000000000001        4.8954878556191996E-002
  0.20800000000000002        4.9344233862656746E-002
  0.21200000000000002        4.9707853955829343E-002
  0.21600000000000000        5.0047650563206210E-002
  0.22000000000000000        5.0365488988993810E-002
  0.22400000000000000        5.0663179326459848E-002
  0.22800000000000001        5.0942472238968424E-002
  0.23200000000000001        5.1204900028100388E-002
  0.23600000000000002        5.1451550700149479E-002
  0.24000000000000002        5.1682970216890133E-002
  0.24400000000000002        5.1899279053055601E-002
  0.24800000000000000        5.2100420012440855E-002
  0.25200000000000000        5.2286377803739618E-002
  0.25600000000000001        5.2457268665649620E-002
  0.26000000000000001        5.2613322178975415E-002
  0.26400000000000001        5.2754846640701999E-002
  0.26800000000000002        5.2882228706393905E-002
  0.27200000000000002        5.2995934244872783E-002
  0.27600000000000002        5.3096452460655925E-002
  0.28000000000000003        5.3184189583442835E-002
  0.28400000000000003        5.3259407288169164E-002
  0.28800000000000003        5.3322332215199261E-002
  0.29200000000000004        5.3373482596716419E-002
  0.29600000000000004        5.3414053389549208E-002
  0.29999999999999999        5.3446004085659506E-002
  0.30399999999999999        5.3471610279592581E-002
  0.30800000000000000        5.3492690434888919E-002
  0.31200000000000000        5.3509974623029470E-002
  0.31600000000000000        5.3522874744792531E-002
  0.32000000000000001        5.3529611983474501E-002
  0.32400000000000001        5.3527545483125695E-002
  0.32800000000000001        5.3513585402711866E-002
  0.33200000000000002        5.3484653238149465E-002
  0.33600000000000002        5.3438182187504853E-002
  0.34000000000000002        5.3372591344771868E-002
  0.34400000000000003        5.3287597959021653E-002
  0.34800000000000003        5.3184277863671851E-002
  0.35200000000000004        5.3064907213743809E-002
  0.35600000000000004        5.2932663235864159E-002
  0.36000000000000004        5.2791214967841789E-002
  0.36399999999999999        5.2644220976807272E-002
  0.36799999999999999        5.2494819370760670E-002
  0.37200000000000000        5.2345264098259875E-002
  0.37600000000000000        5.2196845005428108E-002
  0.38000000000000000        5.2050130195916609E-002
  0.38400000000000001        5.1905437951946881E-002
  0.38800000000000001        5.1763335950261287E-002
  0.39200000000000002        5.1624936473121025E-002
  0.39600000000000002        5.1491846212879666E-002
  0.40000000000000002        5.1365800922711452E-002
  0.40400000000000003        5.1248160259140856E-002
  0.40800000000000003        5.1139476450196002E-002
  0.41200000000000003        5.1039284414294797E-002
  0.41600000000000004        5.0946152539380653E-002
  0.42000000000000004        5.0857944118741401E-002
  0.42400000000000004        5.0772197260136986E-002
  0.42800000000000005        5.0686534091573171E-002
  0.43200000000000000        5.0599034434300014E-002
  0.43600000000000000        5.0508521939997546E-002
  0.44000000000000000        5.0414719168007903E-002
  0.44400000000000001        5.0318261789596176E-002
  0.44800000000000001        5.0220586530247226E-002
  0.45200000000000001        5.0123691969722876E-002
  0.45600000000000002        5.0029779678040114E-002
  0.46000000000000002        4.9940845386997154E-002
  0.46400000000000002        4.9858341597275001E-002
  0.46800000000000003        4.9783026250613850E-002
  0.47200000000000003        4.9715049277552215E-002
  0.47600000000000003        4.9654224794065567E-002
  0.48000000000000004        4.9600341097834011E-002
  0.48400000000000004        4.9553355228939430E-002
  0.48800000000000004        4.9513416153574318E-002
  0.49200000000000005        4.9480763827038240E-002
  0.49600000000000000        4.9455583834844753E-002
  0.50000000000000000        4.9437877103799953E-002
  0.50400000000000000        4.9427374138970567E-002
  0.50800000000000001        4.9423499958535011E-002
  0.51200000000000001        4.9425381137387044E-002
  0.51600000000000001        4.9431879555650406E-002
  0.52000000000000002        4.9441642368930533E-002
  0.52400000000000002        4.9453174913562215E-002
  0.52800000000000002        4.9464951696024842E-002
  0.53200000000000003        4.9475560449392962E-002
  0.53600000000000003        4.9483835490867142E-002
  0.54000000000000004        4.9488920037288948E-002
  0.54400000000000004        4.9490229995972079E-002
  0.54800000000000004        4.9487348692920492E-002
  0.55200000000000005        4.9479904442520303E-002
  0.55600000000000005        4.9467472247331432E-002
  0.56000000000000005        4.9449544514309447E-002
  0.56400000000000006        4.9425620025095672E-002
  0.56800000000000006        4.9395409587985516E-002
  0.57200000000000006        4.9359067653698456E-002
  0.57600000000000007        4.9317322926715014E-002
  0.58000000000000007        4.9271444803827065E-002
  0.58400000000000007        4.9223083543626964E-002
  0.58800000000000008        4.9174067964850209E-002
  0.59200000000000008        4.9126219262317444E-002
  0.59599999999999997        4.9081197400835469E-002
  0.59999999999999998        4.9040388124060683E-002
  0.60399999999999998        4.9004859895495023E-002
  0.60799999999999998        4.8975423055980238E-002
  0.61199999999999999        4.8952773342994998E-002
  0.61599999999999999        4.8937626869590189E-002
  0.62000000000000000        4.8930729866683093E-002
  0.62400000000000000        4.8932693269368013E-002
  0.62800000000000000        4.8943715269101094E-002
  0.63200000000000001        4.8963339696134894E-002
  0.63600000000000001        4.8990399717099432E-002
  0.64000000000000001        4.9023193671705982E-002
  0.64400000000000002        4.9059793726126004E-002
  0.64800000000000002        4.9098321495039531E-002
  0.65200000000000002        4.9137096628144285E-002
  0.65600000000000003        4.9174687439574705E-002
  0.66000000000000003        4.9209939464759454E-002
  0.66400000000000003        4.9242011663518985E-002
  0.66800000000000004        4.9270391684108725E-002
  0.67200000000000004        4.9294862961050033E-002
  0.67600000000000005        4.9315454623574999E-002
  0.68000000000000005        4.9332446229472054E-002
  0.68400000000000005        4.9346443933813593E-002
  0.68800000000000006        4.9358427302556150E-002
  0.69200000000000006        4.9369634299875821E-002
  0.69600000000000006        4.9381272417557381E-002
  0.70000000000000007        4.9394184157340454E-002
  0.70400000000000007        4.9408613718288086E-002
  0.70800000000000007        4.9424143316898664E-002
  0.71200000000000008        4.9439783762004065E-002
  0.71600000000000008        4.9454152855139398E-002
  0.72000000000000008        4.9465661147873603E-002
  0.72400000000000009        4.9472652660930594E-002
  0.72799999999999998        4.9473498110170024E-002
  0.73199999999999998        4.9466668793372727E-002
  0.73599999999999999        4.9450813107293837E-002
  0.73999999999999999        4.9424832328006561E-002
  0.74399999999999999        4.9387934129747783E-002
  0.74800000000000000        4.9339645949270622E-002
  0.75200000000000000        4.9279794769557170E-002
  0.75600000000000001        4.9208489212806447E-002
  0.76000000000000001        4.9126145990595893E-002
  0.76400000000000001        4.9033544785660368E-002
  0.76800000000000002        4.8931806069316693E-002
  0.77200000000000002        4.8822230775914889E-002
  0.77600000000000002        4.8706129278157914E-002
  0.78000000000000003        4.8584817127383773E-002
  0.78400000000000003        4.8459767779601939E-002
  0.78800000000000003        4.8332742110891100E-002
  0.79200000000000004        4.8205752096344409E-002
  0.79600000000000004        4.8080872663210275E-002
  0.80000000000000004        4.7960008317434043E-002
  0.80400000000000005        4.7844694990107364E-002
  0.80800000000000005        4.7735952810894051E-002
  0.81200000000000006        4.7634178355380523E-002
  0.81600000000000006        4.7539080035673607E-002
  0.82000000000000006        4.7449675165278607E-002
  0.82400000000000007        4.7364356395367145E-002
  0.82800000000000007        4.7281015626773101E-002
  0.83200000000000007        4.7197215790156948E-002
  0.83600000000000008        4.7110419308897332E-002
  0.84000000000000008        4.7018276880534587E-002
  0.84400000000000008        4.6918933163724620E-002
  0.84800000000000009        4.6811263104767374E-002
  0.85200000000000009        4.6694958551319853E-002
  0.85600000000000009        4.6570441930574830E-002
  0.85999999999999999        4.6438670554456378E-002
  0.86399999999999999        4.6300952144259916E-002
  0.86799999999999999        4.6158851221845570E-002
  0.87200000000000000        4.6014160783310679E-002
  0.87600000000000000        4.5868851560919535E-002
  0.88000000000000000        4.5724946068449783E-002
  0.88400000000000001        4.5584350391013655E-002
  0.88800000000000001        4.5448717482990300E-002
  0.89200000000000002        4.5319379004492240E-002
  0.89600000000000002        4.5197330438531226E-002
  0.90000000000000002        4.5083238373277261E-002
  0.90400000000000003        4.4977442796891684E-002
  0.90800000000000003        4.4879928421051409E-002
  0.91200000000000003        4.4790250282651066E-002
  0.91600000000000004        4.4707436860511686E-002
  0.92000000000000004        4.4629950675509997E-002
  0.92400000000000004        4.4555814763149681E-002
  0.92800000000000005        4.4482947237722954E-002
  0.93200000000000005        4.4409607661700032E-002
  0.93600000000000005        4.4334775901648305E-002
  0.94000000000000006        4.4258336442792770E-002
  0.94400000000000006        4.4181035387984541E-002
  0.94800000000000006        4.4104201669840803E-002
  0.95200000000000007        4.4029268888196589E-002
  0.95600000000000007        4.3957278426622511E-002
  0.96000000000000008        4.3888620200745715E-002
  0.96400000000000008        4.3823148614776729E-002
  0.96800000000000008        4.3760608826431006E-002
  0.97200000000000009        4.3701154872439051E-002
  0.97600000000000009        4.3645695605224362E-002
  0.98000000000000009        4.3595893367032172E-002
  0.98400000000000010        4.3553830208184062E-002
  0.98800000000000010        4.3521518293405663E-002
  0.99199999999999999        4.3500462073243824E-002
  0.99600000000000000        4.3491405548370971E-002
   1.0000000000000000        4.3494304764678297E-002
   1.0040000000000000        4.3508494977335339E-002
   1.0080000000000000        4.3532966972702244E-002
   1.0120000000000000        4.3566627674288400E-002
   1.0160000000000000        4.3608433951393480E-002
   1.0200000000000000        4.3657381094333751E-002
   1.0240000000000000        4.3712440787620821E-002
   1.0280000000000000        4.3772576185375674E-002
   1.0320000000000000        4.3836877155591134E-002
   1.0360000000000000        4.3904728334254038E-002
   1.0400000000000000        4.3975863070820770E-002
   1.0440000000000000        4.4050226889744734E-002
   1.0480000000000000        4.4127712534153492E-002
   1.0520000000000000        4.4207908735836729E-002
   1.0560000000000000        4.4289974975396010E-002
   1.0600000000000001        4.4372671540222883E-002
   1.0640000000000001        4.4454512141620967E-002
   1.0680000000000001        4.4533984763937336E-002
   1.0720000000000001        4.4609783428428078E-002
   1.0760000000000001        4.4680997755087895E-002
   1.0800000000000001        4.4747222221412489E-002
   1.0840000000000001        4.4808559085785300E-002
   1.0880000000000001        4.4865497472781957E-002
   1.0920000000000001        4.4918684694518936E-002
   1.0960000000000001        4.4968662495360516E-002
   1.1000000000000001        4.5015671962651736E-002
   1.1040000000000001        4.5059606684587888E-002
   1.1080000000000001        4.5100127879449586E-002
   1.1120000000000001        4.5136878827187130E-002
   1.1160000000000001        4.5169688799233054E-002
   1.1200000000000001        4.5198664924005955E-002
   1.1240000000000001        4.5224130003766037E-002
   1.1280000000000001        4.5246453534457616E-002
   1.1320000000000001        4.5265893070547090E-002
   1.1360000000000001        4.5282552109716212E-002
   1.1400000000000001        4.5296472527446667E-002
   1.1440000000000001        4.5307792511867062E-002
   1.1480000000000001        4.5316877652984699E-002
   1.1520000000000001        4.5324372533685320E-002
   1.1560000000000001        4.5331171965353335E-002
   1.1600000000000001        4.5338316682700067E-002
   1.1640000000000001        4.5346798690692282E-002
   1.1680000000000001        4.5357297242595018E-002
   1.1720000000000002        4.5369938373087941E-002
   1.1760000000000002        4.5384170293584263E-002
   1.1800000000000002        4.5398762513958725E-002
   1.1840000000000002        4.5411870851372188E-002
   1.1880000000000002        4.5421136230542843E-002
   1.1919999999999999        4.5423875634888936E-002
   1.1960000000000000        4.5417479993274043E-002
   1.2000000000000000        4.5400050989858672E-002
   1.2040000000000000        4.5371079020165704E-002
   1.2080000000000000        4.5331791193629560E-002
   1.2120000000000000        4.5284944398161837E-002
   1.2160000000000000        4.5234207283996637E-002
   1.2200000000000000        4.5183467258327087E-002
   1.2240000000000000        4.5136290124381688E-002
   1.2280000000000000        4.5095573685008501E-002
   1.2320000000000000        4.5063348417010457E-002
   1.2360000000000000        4.5040688049595427E-002
   1.2400000000000000        4.5027732401207513E-002
   1.2440000000000000        4.5023836992309364E-002
   1.2480000000000000        4.5027826593061940E-002
   1.2520000000000000        4.5038272372017484E-002
   1.2560000000000000        4.5053693582330065E-002
   1.2600000000000000        4.5072633788529257E-002
   1.2640000000000000        4.5093642647495207E-002
   1.2680000000000000        4.5115236534215133E-002
   1.2720000000000000        4.5135885650689371E-002
   1.2760000000000000        4.5154022384856454E-002
   1.2800000000000000        4.5168051031896611E-002
   1.2840000000000000        4.5176374766682875E-002
   1.2880000000000000        4.5177494931096761E-002
   1.2920000000000000        4.5170239395061262E-002
   1.2960000000000000        4.5154122349108858E-002
   1.3000000000000000        4.5129709231402068E-002
   1.3040000000000000        4.5098749849578325E-002
   1.3080000000000001        4.5063939252811103E-002
   1.3120000000000001        4.5028402145477250E-002
   1.3160000000000001        4.4995106595873163E-002
   1.3200000000000001        4.4966370765458626E-002
   1.3240000000000001        4.4943561135541293E-002
   1.3280000000000001        4.4927014590513882E-002
   1.3320000000000001        4.4916143026586301E-002
   1.3360000000000001        4.4909645946408755E-002
   1.3400000000000001        4.4905777837166878E-002
   1.3440000000000001        4.4902639822087746E-002
   1.3480000000000001        4.4898462400314525E-002
   1.3520000000000001        4.4891851294677827E-002
   1.3560000000000001        4.4881991139169547E-002
   1.3600000000000001        4.4868803297455531E-002
   1.3640000000000001        4.4853017620649624E-002
   1.3680000000000001        4.4836082742154941E-002
   1.3720000000000001        4.4819869433036369E-002
   1.3760000000000001        4.4806230051393496E-002
   1.3800000000000001        4.4796583659181634E-002
   1.3840000000000001        4.4791700947757550E-002
   1.3880000000000001        4.4791756847658647E-002
   1.3920000000000001        4.4796582081905928E-002
   1.3960000000000001        4.4805968904261508E-002
   1.4000000000000001        4.4819901939576738E-002
   1.4040000000000001        4.4838651696830878E-002
   1.4080000000000001        4.4862734737905974E-002
   1.4120000000000001        4.4892784546084467E-002
   1.4160000000000001        4.4929374622246943E-002
   1.4200000000000002        4.4972819445989048E-002
   1.4240000000000002        4.5022995671058740E-002
   1.4280000000000002        4.5079235019337999E-002
   1.4320000000000002        4.5140284767562343E-002
   1.4360000000000002        4.5204287430095892E-002
   1.4400000000000002        4.5268789970688457E-002
   1.4440000000000002        4.5330860327727165E-002
   1.4480000000000002        4.5387340845791241E-002
   1.4520000000000002        4.5435166247072299E-002
   1.4560000000000000        4.5471652779503928E-002
   1.4600000000000000        4.5494759336935559E-002
   1.4640000000000000        4.5503413707365728E-002
   1.4680000000000000        4.5497886737517652E-002
   1.4720000000000000        4.5479920997288051E-002
   1.4760000000000000        4.5452353936187545E-002
   1.4800000000000000        4.5418431753185558E-002
   1.4840000000000000        4.5381222019198177E-002
   1.4880000000000000        4.5343280282523039E-002
   1.4920000000000000        4.5306485962183375E-002
   1.4960000000000000        4.5271957169827536E-002
   1.5000000000000000        4.5240037802902817E-002
   1.5040000000000000        4.5210387476888381E-002
   1.5080000000000000        4.5182178907862011E-002
   1.5120000000000000        4.5154357044440777E-002
   1.5160000000000000        4.5125877991809990E-002
   1.5200000000000000        4.5095848306167495E-002
   1.5240000000000000        4.5063533860399088E-002
   1.5280000000000000        4.5028277979823360E-002
   1.5320000000000000        4.4989409935977109E-002
   1.5360000000000000        4.4946207287610521E-002
   1.5400000000000000        4.4897925504490573E-002
   1.5440000000000000        4.4843877504940351E-002
   1.5480000000000000        4.4783549738474725E-002
   1.5520000000000000        4.4716750677325952E-002
   1.5560000000000000        4.4643773325109409E-002
   1.5600000000000001        4.4565521070543034E-002
   1.5640000000000001        4.4483522801785524E-002
   1.5680000000000001        4.4399777327352161E-002
   1.5720000000000001        4.4316433459418221E-002
   1.5760000000000001        4.4235394727358476E-002
   1.5800000000000001        4.4157974056151510E-002
   1.5840000000000001        4.4084701505382635E-002
   1.5880000000000001        4.4015334234365329E-002
   1.5920000000000001        4.3949036660530481E-002
   1.5960000000000001        4.3884621583623752E-002
   1.6000000000000001        4.3820759872481754E-002
   1.6040000000000001        4.3756179058347611E-002
   1.6080000000000001        4.3689917740832210E-002
   1.6120000000000001        4.3621590146495311E-002
   1.6160000000000001        4.3551491039675434E-002
   1.6200000000000001        4.3480432178494052E-002
   1.6240000000000001        4.3409403676639494E-002
   1.6280000000000001        4.3339259262452502E-002
   1.6320000000000001        4.3270546535144554E-002
   1.6360000000000001        4.3203484824811247E-002
   1.6400000000000001        4.3138048851600337E-002
   1.6440000000000001        4.3074122800279009E-002
   1.6480000000000001        4.3011689341756601E-002
   1.6520000000000001        4.2950999644462258E-002
   1.6560000000000001        4.2892658149441688E-002
   1.6600000000000001        4.2837580232980059E-002
   1.6640000000000001        4.2786844830427349E-002
   1.6680000000000001        4.2741528616284309E-002
   1.6720000000000002        4.2702622389363724E-002
   1.6760000000000002        4.2671082423908484E-002
   1.6800000000000002        4.2647985406287461E-002
   1.6840000000000002        4.2634681297125436E-002
   1.6880000000000002        4.2632833718460023E-002
   1.6920000000000002        4.2644309405913995E-002
   1.6960000000000002        4.2670957153955712E-002
   1.7000000000000002        4.2714359018072072E-002
   1.7040000000000002        4.2775644455748836E-002
   1.7080000000000002        4.2855420799232428E-002
   1.7120000000000002        4.2953802453681016E-002
   1.7160000000000002        4.3070481733832572E-002
   1.7200000000000000        4.3204796870682259E-002
   1.7240000000000000        4.3355769486774234E-002
   1.7280000000000000        4.3522090301082735E-002
   1.7320000000000000        4.3702065385252190E-002
   1.7360000000000000        4.3893584431059472E-002
   1.7400000000000000        4.4094169696289813E-002
   1.7440000000000000        4.4301093033551633E-002
   1.7480000000000000        4.4511477658198691E-002
   1.7520000000000000        4.4722314082008378E-002
   1.7560000000000000        4.4930411917554557E-002
   1.7600000000000000        4.5132392704530094E-002
   1.7640000000000000        4.5324831129401180E-002
   1.7680000000000000        4.5504573851906212E-002
   1.7720000000000000        4.5669152986905999E-002
   1.7760000000000000        4.5817132321802505E-002
   1.7800000000000000        4.5948242070777884E-002
   1.7840000000000000        4.6063277548296623E-002
   1.7880000000000000        4.6163865532067055E-002
   1.7920000000000000        4.6252227744196274E-002
   1.7960000000000000        4.6330994481122011E-002
   1.8000000000000000        4.6403045265750419E-002
   1.8040000000000000        4.6471340021241703E-002
   1.8080000000000001        4.6538722486879458E-002
   1.8120000000000001        4.6607690956558444E-002
   1.8160000000000001        4.6680158640535686E-002
   1.8200000000000001        4.6757280591970457E-002
   1.8240000000000001        4.6839447238154863E-002
   1.8280000000000001        4.6926470559616185E-002
   1.8320000000000001        4.7017856498943980E-002
   1.8360000000000001        4.7112996680144299E-002
   1.8400000000000001        4.7211199688371203E-002
   1.8440000000000001        4.7311639388303357E-002
   1.8480000000000001        4.7413364911970131E-002
   1.8520000000000001        4.7515421160550381E-002
   1.8560000000000001        4.7617000663238818E-002
   1.8600000000000001        4.7717554883109081E-002
   1.8640000000000001        4.7816851477590204E-002
   1.8680000000000001        4.7914946532011456E-002
   1.8720000000000001        4.8012056003725496E-002
   1.8760000000000001        4.8108390480949968E-002
   1.8800000000000001        4.8204030143639547E-002
   1.8840000000000001        4.8298868084325569E-002
   1.8880000000000001        4.8392622743482654E-002
   1.8920000000000001        4.8484901680425449E-002
   1.8960000000000001        4.8575274813637451E-002
   1.9000000000000001        4.8663321542658261E-002
   1.9040000000000001        4.8748652432869667E-002
   1.9080000000000001        4.8830924731745648E-002
   1.9120000000000001        4.8909852079246439E-002
   1.9160000000000001        4.8985184945785458E-002
   1.9200000000000002        4.9056649698147180E-002
   1.9240000000000002        4.9123877116093860E-002
   1.9280000000000002        4.9186378430541730E-002
   1.9320000000000002        4.9243601390369846E-002
   1.9360000000000002        4.9295044953589030E-002
   1.9400000000000002        4.9340383006780508E-002
   1.9440000000000002        4.9379560882724778E-002
   1.9480000000000002        4.9412853012633887E-002
   1.9520000000000002        4.9440877486273745E-002
   1.9560000000000002        4.9464556870618404E-002
   1.9600000000000002        4.9485016167125501E-002
   1.9640000000000002        4.9503420398808111E-002
   1.9680000000000002        4.9520764926757305E-002
   1.9720000000000002        4.9537643786219353E-002
   1.9760000000000002        4.9554045980105273E-002
   1.9800000000000002        4.9569251156931463E-002
   1.9840000000000000        4.9581880018320194E-002
   1.9880000000000000        4.9590096641880042E-002
   1.9920000000000000        4.9591896362608266E-002
   1.9960000000000000        4.9585384345641213E-002
   2.0000000000000000        4.9568967762670016E-002
   2.0040000000000000        4.9541436748003834E-002
   2.0080000000000000        4.9501970251335278E-002
   2.0120000000000000        4.9450133565629655E-002
   2.0160000000000000        4.9385906205609058E-002
   2.0200000000000000        4.9309711036510336E-002
   2.0240000000000000        4.9222384555510985E-002
   2.0280000000000000        4.9125078758939268E-002
   2.0320000000000000        4.9019152764220267E-002
   2.0360000000000000        4.8906109084518305E-002
   2.0400000000000000        4.8787570252819872E-002
   2.0440000000000000        4.8665255811201458E-002
   2.0480000000000000        4.8540941267396193E-002
   2.0520000000000000        4.8416419543829782E-002
   2.0560000000000000        4.8293489039497248E-002
   2.0600000000000001        4.8173953817623849E-002
   2.0640000000000001        4.8059588010644035E-002
   2.0680000000000001        4.7952044657049137E-002
   2.0720000000000001        4.7852760603892819E-002
   2.0760000000000001        4.7762934631257352E-002
   2.0800000000000001        4.7683586528252206E-002
   2.0840000000000001        4.7615607261129712E-002
   2.0880000000000001        4.7559696575691937E-002
   2.0920000000000001        4.7516180206488338E-002
   2.0960000000000001        4.7484803938462279E-002
   2.1000000000000001        4.7464630167568293E-002
   2.1040000000000001        4.7454125424906207E-002
   2.1080000000000001        4.7451437067404047E-002
   2.1120000000000001        4.7454741313985235E-002
   2.1160000000000001        4.7462511048972561E-002
   2.1200000000000001        4.7473653185945826E-002
   2.1240000000000001        4.7487575595701104E-002
   2.1280000000000001        4.7504244049827553E-002
   2.1320000000000001        4.7524224853844527E-002
   2.1360000000000001        4.7548665745018023E-002
   2.1400000000000001        4.7579163090555307E-002
   2.1440000000000001        4.7617487957466974E-002
   2.1480000000000001        4.7665196682098836E-002
   2.1520000000000001        4.7723216569225672E-002
   2.1560000000000001        4.7791527983269556E-002
   2.1600000000000001        4.7869028940762316E-002
   2.1640000000000001        4.7953590865636629E-002
   2.1680000000000001        4.8042248289544918E-002
   2.1720000000000002        4.8131450574670963E-002
   2.1760000000000002        4.8217351373883562E-002
   2.1800000000000002        4.8296168347454330E-002
   2.1840000000000002        4.8364619674140609E-002
   2.1880000000000002        4.8420348925609029E-002
   2.1920000000000002        4.8462220764927046E-002
   2.1960000000000002        4.8490434864777970E-002
   2.2000000000000002        4.8506449929026363E-002
   2.2040000000000002        4.8512709067849685E-002
   2.2080000000000002        4.8512190801664697E-002
   2.2120000000000002        4.8507887224287990E-002
   2.2160000000000002        4.8502355167772244E-002
   2.2200000000000002        4.8497448797431834E-002
   2.2240000000000002        4.8494267627894293E-002
   2.2280000000000002        4.8493303894918370E-002
   2.2320000000000002        4.8494739737150447E-002
   2.2360000000000002        4.8498788752085444E-002
   2.2400000000000002        4.8505924327324756E-002
   2.2440000000000002        4.8516869289174952E-002
   2.2480000000000002        4.8532345149418669E-002
   2.2520000000000002        4.8552704489447290E-002
   2.2560000000000002        4.8577630684462539E-002
   2.2600000000000002        4.8606082559685904E-002
   2.2640000000000002        4.8636567325262531E-002
   2.2680000000000002        4.8667641059952409E-002
   2.2720000000000002        4.8698370635791959E-002
   2.2760000000000002        4.8728497085893274E-002
   2.2800000000000002        4.8758245768798225E-002
   2.2840000000000003        4.8787961828902722E-002
   2.2880000000000003        4.8817823754110888E-002
   2.2920000000000003        4.8847805100326436E-002
   2.2960000000000003        4.8877902407782524E-002
   2.3000000000000003        4.8908462354733666E-002
   2.3040000000000003        4.8940335033198265E-002
   2.3080000000000003        4.8974720687771207E-002
   2.3120000000000003        4.9012845219707328E-002
   2.3160000000000003        4.9055679460396899E-002
   2.3200000000000003        4.9103797604871352E-002
   2.3240000000000003        4.9157361885207466E-002
   2.3280000000000003        4.9216189564204517E-002
   2.3320000000000003        4.9279845636475771E-002
   2.3360000000000003        4.9347697303852418E-002
   2.3400000000000003        4.9418906261896996E-002
   2.3440000000000003        4.9492410534514780E-002
   2.3480000000000003        4.9566975031051043E-002
   2.3520000000000003        4.9641327509070701E-002
   2.3560000000000003        4.9714313878159277E-002
   2.3600000000000003        4.9784993028597548E-002
   2.3640000000000003        4.9852660791623662E-002
   2.3680000000000003        4.9916872135417796E-002
   2.3720000000000003        4.9977510323266743E-002
   2.3760000000000003        5.0034832438306850E-002
   2.3799999999999999        5.0089368671217965E-002
   2.3839999999999999        5.0141666183728235E-002
   2.3879999999999999        5.0192003634146380E-002
   2.3919999999999999        5.0240200459052045E-002
   2.3959999999999999        5.0285547958733509E-002
   2.3999999999999999        5.0326830385908010E-002
   2.4039999999999999        5.0362426200009705E-002
   2.4079999999999999        5.0390511914782624E-002
   2.4119999999999999        5.0409354489128207E-002
   2.4159999999999999        5.0417597776547883E-002
   2.4199999999999999        5.0414438037233639E-002
   2.4239999999999999        5.0399670906922760E-002
   2.4279999999999999        5.0373663756330622E-002
   2.4319999999999999        5.0337280920631812E-002
   2.4359999999999999        5.0291731508006705E-002
   2.4399999999999999        5.0238317305804400E-002
   2.4440000000000000        5.0178117882619888E-002
   2.4480000000000000        5.0111699040618692E-002
   2.4520000000000000        5.0038951498615182E-002
   2.4560000000000000        4.9959139952688858E-002
   2.4600000000000000        4.9871155309958393E-002
   2.4640000000000000        4.9773870144031278E-002
   2.4680000000000000        4.9666476456726776E-002
   2.4720000000000000        4.9548729352852303E-002
   2.4760000000000000        4.9421062286511636E-002
   2.4800000000000000        4.9284563189632820E-002
   2.4840000000000000        4.9140836961689999E-002
   2.4880000000000000        4.8991814782428915E-002
   2.4920000000000000        4.8839565238758445E-002
   2.4960000000000000        4.8686116521778726E-002
   2.5000000000000000        4.8533258537855471E-002
   2.5040000000000000        4.8382302216601974E-002
   2.5080000000000000        4.8233838602444776E-002
   2.5120000000000000        4.8087615187449355E-002
   2.5160000000000000        4.7942651230102891E-002
   2.5200000000000000        4.7797606771144432E-002
   2.5240000000000000        4.7651259283065954E-002
   2.5280000000000000        4.7502862561891443E-002
   2.5320000000000000        4.7352247396762526E-002
   2.5360000000000000        4.7199699680925224E-002
   2.5400000000000000        4.7045758003466207E-002
   2.5440000000000000        4.6891053405437387E-002
   2.5480000000000000        4.6736249197584484E-002
   2.5520000000000000        4.6582090872703548E-002
   2.5560000000000000        4.6429538326593849E-002
   2.5600000000000001        4.6279920040323316E-002
   2.5640000000000001        4.6135040947819082E-002
   2.5680000000000001        4.5997195124143880E-002
   2.5720000000000001        4.5869059829620265E-002
   2.5760000000000001        4.5753472950643859E-002
   2.5800000000000001        4.5653140110730621E-002
   2.5840000000000001        4.5570363547362915E-002
   2.5880000000000001        4.5506876241883820E-002
   2.5920000000000001        4.5463789971031301E-002
   2.5960000000000001        4.5441586828558062E-002
   2.6000000000000001        4.5440064857533949E-002
   2.6040000000000001        4.5458213547028913E-002
   2.6080000000000001        4.5494105495955353E-002
   2.6120000000000001        4.5544951689679591E-002
   2.6160000000000001        4.5607416501352374E-002
   2.6200000000000001        4.5678157560229672E-002
   2.6240000000000001        4.5754423192866767E-002
   2.6280000000000001        4.5834480034750207E-002
   2.6320000000000001        4.5917706353467896E-002
   2.6360000000000001        4.6004346473474740E-002
   2.6400000000000001        4.6095068071847413E-002
   2.6440000000000001        4.6190507839491850E-002
   2.6480000000000001        4.6290938662064213E-002
   2.6520000000000001        4.6396101703191660E-002
   2.6560000000000001        4.6505176802378471E-002
   2.6600000000000001        4.6616854511654628E-002
   2.6640000000000001        4.6729507732704297E-002
   2.6680000000000001        4.6841461005789134E-002
   2.6720000000000002        4.6951269929226498E-002
   2.6760000000000002        4.7057853812839043E-002
   2.6800000000000002        4.7160410372914040E-002
   2.6840000000000002        4.7258200966093782E-002
   2.6880000000000002        4.7350339773196630E-002
   2.6920000000000002        4.7435656214064835E-002
   2.6960000000000002        4.7512650430271891E-002
   2.7000000000000002        4.7579557630216589E-002
   2.7040000000000002        4.7634522215540355E-002
   2.7080000000000002        4.7675829059015309E-002
   2.7120000000000002        4.7702096967446886E-002
   2.7160000000000002        4.7712366703586445E-002
   2.7200000000000002        4.7706091774060808E-002
   2.7240000000000002        4.7683089512091881E-002
   2.7280000000000002        4.7643494602310037E-002
   2.7320000000000002        4.7587714465365853E-002
   2.7360000000000002        4.7516378642512493E-002
   2.7400000000000002        4.7430306190470936E-002
   2.7440000000000002        4.7330515606597276E-002
   2.7480000000000002        4.7218236484002772E-002
   2.7520000000000002        4.7094843673314957E-002
   2.7560000000000002        4.6961706158095355E-002
   2.7600000000000002        4.6820035301355464E-002
   2.7640000000000002        4.6670813539405165E-002
   2.7680000000000002        4.6514820742091401E-002
   2.7720000000000002        4.6352735332492408E-002
   2.7760000000000002        4.6185269267931130E-002
   2.7800000000000002        4.6013275829579973E-002
   2.7840000000000003        4.5837776503272920E-002
   2.7880000000000003        4.5659911654397478E-002
   2.7920000000000003        4.5480877757194019E-002
   2.7960000000000003        4.5301907958569879E-002
   2.8000000000000003        4.5124304181292332E-002
   2.8040000000000003        4.4949500853240017E-002
   2.8080000000000003        4.4779143682123525E-002
   2.8120000000000003        4.4615160565480226E-002
   2.8160000000000003        4.4459771879973714E-002
   2.8200000000000003        4.4315379029558739E-002
   2.8240000000000003        4.4184319907969803E-002
   2.8280000000000003        4.4068558518435420E-002
   2.8320000000000003        4.3969416595640319E-002
   2.8360000000000003        4.3887425426375908E-002
   2.8400000000000003        4.3822314247292569E-002
   2.8440000000000003        4.3773115386303858E-002
   2.8480000000000003        4.3738364651791560E-002
   2.8520000000000003        4.3716372537477843E-002
   2.8560000000000003        4.3705517285202417E-002
   2.8600000000000003        4.3704483549469458E-002
   2.8640000000000003        4.3712365255523918E-002
   2.8680000000000003        4.3728576447448340E-002
   2.8720000000000003        4.3752574173931531E-002
   2.8760000000000003        4.3783485191662024E-002
   2.8800000000000003        4.3819810319384409E-002
   2.8840000000000003        4.3859401632436970E-002
   2.8880000000000003        4.3899816678984988E-002
   2.8920000000000003        4.3938950176074083E-002
   2.8960000000000004        4.3975630897078052E-002
   2.9000000000000004        4.4009838616628466E-002
   2.9040000000000004        4.4042441695741931E-002
   2.9079999999999999        4.4074669435011551E-002
   2.9119999999999999        4.4107615546323552E-002
   2.9159999999999999        4.4141939016086387E-002
   2.9199999999999999        4.4177790044412732E-002
   2.9239999999999999        4.4214917937775017E-002
   2.9279999999999999        4.4252884578471985E-002
   2.9319999999999999        4.4291302594114075E-002
   2.9359999999999999        4.4330045371535745E-002
   2.9399999999999999        4.4369405924638720E-002
   2.9440000000000000        4.4410186928031281E-002
   2.9480000000000000        4.4453700581619827E-002
   2.9520000000000000        4.4501668081062859E-002
   2.9560000000000000        4.4556033737900423E-002
   2.9600000000000000        4.4618729139748139E-002
   2.9640000000000000        4.4691421337350816E-002
   2.9680000000000000        4.4775268424137517E-002
   2.9720000000000000        4.4870711241442145E-002
   2.9760000000000000        4.4977349961101351E-002
   2.9800000000000000        4.5093957784804260E-002
   2.9840000000000000        4.5218646341218159E-002
   2.9880000000000000        4.5349128852916872E-002
   2.9920000000000000        4.5482972273199321E-002
   2.9960000000000000        4.5617736958523392E-002
   3.0000000000000000        4.5750985663310435E-002
   3.0040000000000000        4.5880253156358380E-002
   3.0080000000000000        4.6003103645608744E-002
   3.0120000000000000        4.6117316159099801E-002
   3.0160000000000000        4.6221117236706549E-002
   3.0200000000000000        4.6313349283084268E-002
   3.0240000000000000        4.6393512014140298E-002
   3.0280000000000000        4.6461669487866501E-002
   3.0320000000000000        4.6518258476646708E-002
   3.0360000000000000        4.6563870024165059E-002
   3.0400000000000000        4.6599086939311016E-002
   3.0440000000000000        4.6624427180744062E-002
   3.0480000000000000        4.6640381163572241E-002
   3.0520000000000000        4.6647490206314042E-002
   3.0560000000000000        4.6646425787755651E-002
   3.0600000000000001        4.6638069513905742E-002
   3.0640000000000001        4.6623608630965825E-002
   3.0680000000000001        4.6604629994979829E-002
   3.0720000000000001        4.6583151387524238E-002
   3.0760000000000001        4.6561524208661852E-002
   3.0800000000000001        4.6542186338570171E-002
   3.0840000000000001        4.6527305135389059E-002
   3.0880000000000001        4.6518391916192461E-002
   3.0920000000000001        4.6515978810140662E-002
   3.0960000000000001        4.6519445020262298E-002
   3.1000000000000001        4.6527071853637678E-002
   3.1040000000000001        4.6536370993424156E-002
   3.1080000000000001        4.6544640020480872E-002
   3.1120000000000001        4.6549574141431418E-002
   3.1160000000000001        4.6549705113243071E-002
   3.1200000000000001        4.6544526573034012E-002
   3.1240000000000001        4.6534327524150196E-002
   3.1280000000000001        4.6519866123495922E-002
   3.1320000000000001        4.6502050823585710E-002
   3.1360000000000001        4.6481773268337523E-002
   3.1400000000000001        4.6459941255013487E-002
   3.1440000000000001        4.6437612230083108E-002
   3.1480000000000001        4.6416039577555079E-002
   3.1520000000000001        4.6396519796449862E-002
   3.1560000000000001        4.6380103405914815E-002
   3.1600000000000001        4.6367321762014330E-002
   3.1640000000000001        4.6358035676565719E-002
   3.1680000000000001        4.6351433263354350E-002
   3.1720000000000002        4.6346155585986211E-002
   3.1760000000000002        4.6340494227527541E-002
   3.1800000000000002        4.6332588746056787E-002
   3.1840000000000002        4.6320588618346606E-002
   3.1880000000000002        4.6302813985232609E-002
   3.1920000000000002        4.6277970069416953E-002
   3.1960000000000002        4.6245395541191461E-002
   3.2000000000000002        4.6205225423220177E-002
   3.2040000000000002        4.6158346425311782E-002
   3.2080000000000002        4.6106143918419058E-002
   3.2120000000000002        4.6050164829259665E-002
   3.2160000000000002        4.5991828331256424E-002
   3.2200000000000002        4.5932227690455650E-002
   3.2240000000000002        4.5872007705730015E-002
   3.2280000000000002        4.5811343307108489E-002
   3.2320000000000002        4.5750121385412082E-002
   3.2360000000000002        4.5688385757489416E-002
   3.2400000000000002        4.5626869241601177E-002
   3.2440000000000002        4.5567223777488487E-002
   3.2480000000000002        4.5511720312516289E-002
   3.2520000000000002        4.5462616068944854E-002
   3.2560000000000002        4.5421573924687528E-002
   3.2600000000000002        4.5389353148170754E-002
   3.2640000000000002        4.5365779704771479E-002
   3.2680000000000002        4.5349927679858897E-002
   3.2720000000000002        4.5340443301916313E-002
   3.2760000000000002        4.5335935757595501E-002
   3.2800000000000002        4.5335336436722017E-002
   3.2840000000000003        4.5338120994043940E-002
   3.2880000000000003        4.5344320753756093E-002
   3.2920000000000003        4.5354318831396193E-002
   3.2960000000000003        4.5368506874418596E-002
   3.3000000000000003        4.5386938161335294E-002
   3.3040000000000003        4.5409117688323931E-002
   3.3080000000000003        4.5434011704946334E-002
   3.3120000000000003        4.5460272382137838E-002
   3.3160000000000003        4.5486600622092602E-002
   3.3200000000000003        4.5512121445961048E-002
   3.3240000000000003        4.5536627258461651E-002
   3.3280000000000003        4.5560580253411948E-002
   3.3320000000000003        4.5584862947280737E-002
   3.3360000000000003        4.5610376016329543E-002
   3.3400000000000003        4.5637633817027776E-002
   3.3440000000000003        4.5666474590288254E-002
   3.3480000000000003        4.5695926270219692E-002
   3.3520000000000003        4.5724212023566628E-002
   3.3560000000000003        4.5748870592989099E-002
   3.3600000000000003        4.5766980770154057E-002
   3.3640000000000003        4.5775466951653306E-002
   3.3680000000000003        4.5771422348507736E-002
   3.3720000000000003        4.5752377948797510E-002
   3.3760000000000003        4.5716496055106713E-002
   3.3800000000000003        4.5662726143396518E-002
   3.3840000000000003        4.5590964800906707E-002
   3.3880000000000003        4.5502208687430379E-002
   3.3920000000000003        4.5398643876770721E-002
   3.3960000000000004        4.5283618171327478E-002
   3.4000000000000004        4.5161456146757872E-002
   3.4040000000000004        4.5037093548224320E-002
   3.4080000000000004        4.4915580495004735E-002
   3.4120000000000004        4.4801586576855901E-002
   3.4160000000000004        4.4699028194370487E-002
   3.4200000000000004        4.4610833552925971E-002
   3.4240000000000004        4.4538779139419088E-002
   3.4280000000000004        4.4483371234795593E-002
   3.4320000000000004        4.4443854813552335E-002
   3.4359999999999999        4.4418436283297703E-002
   3.4399999999999999        4.4404653871655250E-002
   3.4440000000000000        4.4399706459064790E-002
   3.4480000000000000        4.4400637271473066E-002
   3.4520000000000000        4.4404453641878346E-002
   3.4560000000000000        4.4408310885547711E-002
   3.4600000000000000        4.4409766142738547E-002
   3.4640000000000000        4.4406970972136584E-002
   3.4680000000000000        4.4398681295374186E-002
   3.4720000000000000        4.4384134963685415E-002
   3.4760000000000000        4.4362980861206311E-002
   3.4800000000000000        4.4335358329974803E-002
   3.4840000000000000        4.4302012412102403E-002
   3.4880000000000000        4.4264251318587772E-002
   3.4920000000000000        4.4223709824458168E-002
   3.4960000000000000        4.4182067470495918E-002
   3.5000000000000000        4.4140871141114646E-002
   3.5040000000000000        4.4101482299904154E-002
   3.5080000000000000        4.4065077198557200E-002
   3.5120000000000000        4.4032644316166998E-002
   3.5160000000000000        4.4004990686940089E-002
   3.5200000000000000        4.3982800060835263E-002
   3.5240000000000000        4.3966759874792309E-002
   3.5280000000000000        4.3957712874923768E-002
   3.5320000000000000        4.3956727635970874E-002
   3.5360000000000000        4.3964992446793291E-002
   3.5400000000000000        4.3983548834663364E-002
   3.5440000000000000        4.4012988827611836E-002
   3.5480000000000000        4.4053233363733124E-002
   3.5520000000000000        4.4103426307458435E-002
   3.5560000000000000        4.4161923461371981E-002
   3.5600000000000001        4.4226365407899433E-002
   3.5640000000000001        4.4293862511817224E-002
   3.5680000000000001        4.4361322876895599E-002
   3.5720000000000001        4.4425896071083479E-002
   3.5760000000000001        4.4485430954348093E-002
   3.5800000000000001        4.4538815992072829E-002
   3.5840000000000001        4.4586107656852780E-002
   3.5880000000000001        4.4628438050077095E-002
   3.5920000000000001        4.4667776305136755E-002
   3.5960000000000001        4.4706630496801514E-002
   3.6000000000000001        4.4747723587982770E-002
   3.6040000000000001        4.4793659746545395E-002
   3.6080000000000001        4.4846643895449158E-002
   3.6120000000000001        4.4908329092826528E-002
   3.6160000000000001        4.4979797031286239E-002
   3.6200000000000001        4.5061601622646517E-002
   3.6240000000000001        4.5153802594900171E-002
   3.6280000000000001        4.5255970653743129E-002
   3.6320000000000001        4.5367187603682073E-002
   3.6360000000000001        4.5486067279755668E-002
   3.6400000000000001        4.5610812994156945E-002
   3.6440000000000001        4.5739318290172380E-002
   3.6480000000000001        4.5869307347831956E-002
   3.6520000000000001        4.5998508320401435E-002
   3.6560000000000001        4.6124860267908831E-002
   3.6600000000000001        4.6246731804095449E-002
   3.6640000000000001        4.6363061096364983E-002
   3.6680000000000001        4.6473305612792601E-002
   3.6720000000000002        4.6577197804215716E-002
   3.6760000000000002        4.6674428234948703E-002
   3.6800000000000002        4.6764385086078469E-002
   3.6840000000000002        4.6846022752316210E-002
   3.6880000000000002        4.6917908814410499E-002
   3.6920000000000002        4.6978469094702456E-002
   3.6960000000000002        4.7026358744491598E-002
   3.7000000000000002        4.7060786263408025E-002
   3.7040000000000002        4.7081611744428958E-002
   3.7080000000000002        4.7089177632142938E-002
   3.7120000000000002        4.7084018635773814E-002
   3.7160000000000002        4.7066673161459724E-002
   3.7200000000000002        4.7037713095413693E-002
   3.7240000000000002        4.6997911229731903E-002
   3.7280000000000002        4.6948343561863837E-002
   3.7320000000000002        4.6890288110904781E-002
   3.7360000000000002        4.6824968994641711E-002
   3.7400000000000002        4.6753316972943701E-002
   3.7440000000000002        4.6675878257486078E-002
   3.7480000000000002        4.6592879227471774E-002
   3.7520000000000002        4.6504370652956269E-002
   3.7560000000000002        4.6410379209721492E-002
   3.7600000000000002        4.6311044114500967E-002
   3.7640000000000002        4.6206746288228712E-002
   3.7680000000000002        4.6098219308672361E-002
   3.7720000000000002        4.5986598009887560E-002
   3.7760000000000002        4.5873364699701824E-002
   3.7800000000000002        4.5760204631149444E-002
   3.7840000000000003        4.5648833021020199E-002
   3.7880000000000003        4.5540860743325293E-002
   3.7920000000000003        4.5437739320924680E-002
   3.7960000000000003        4.5340794479719025E-002
   3.8000000000000003        4.5251310419972587E-002
   3.8040000000000003        4.5170576614573681E-002
   3.8080000000000003        4.5099831498924485E-002
   3.8120000000000003        4.5040133341077253E-002
   3.8160000000000003        4.4992232748790287E-002
   3.8200000000000003        4.4956471701641659E-002
   3.8240000000000003        4.4932699108450450E-002
   3.8280000000000003        4.4920232364263672E-002
   3.8320000000000003        4.4917936415529137E-002
   3.8360000000000003        4.4924450277063190E-002
   3.8400000000000003        4.4938482517764611E-002
   3.8440000000000003        4.4959028665190741E-002
   3.8480000000000003        4.4985417920822002E-002
   3.8520000000000003        4.5017224452861000E-002
   3.8560000000000003        4.5054150198146604E-002
   3.8600000000000003        4.5095950806431015E-002
   3.8640000000000003        4.5142404289350985E-002
   3.8680000000000003        4.5193293238630215E-002
   3.8720000000000003        4.5248386664474317E-002
   3.8760000000000003        4.5307421969188390E-002
   3.8800000000000003        4.5370086704613538E-002
   3.8840000000000003        4.5436001508431245E-002
   3.8880000000000003        4.5504717451220790E-002
   3.8920000000000003        4.5575745870867393E-002
   3.8960000000000004        4.5648632622707498E-002
   3.9000000000000004        4.5723078973272546E-002
