  -1.7548768  -4.4396751   2.6847983
  -1.7548753  -4.4100992   2.6552239
  -1.7548760  -4.4114422   2.6565662
  -1.7548770  -4.4222815   2.6674045
  -1.7548763  -4.4085099   2.6536336
  -1.7548758  -4.3912891   2.6364133
  -1.7548764  -4.3901613   2.6352849
  -1.7548760  -4.3911302   2.6362542
  -1.7548761  -4.4014929   2.6466168
  -1.7548769  -4.4158825   2.6610057
  -1.7548771  -4.4072083   2.6523312
  -1.7548766  -4.3624939   2.6076173
  -1.7548754  -4.3080251   2.5531498
  -1.7548752  -4.2889722   2.5340970
  -1.7548762  -4.3123263   2.5574501
  -1.7548761  -4.3495111   2.5946350
  -1.7548763  -4.3919694   2.6370931
  -1.7548769  -4.4272621   2.6723852
  -1.7548768  -4.4322774   2.6774006
  -1.7548756  -4.4076268   2.6527511
  -1.7548752  -4.3924745   2.6375993
  -1.7548761  -4.4034094   2.6485333
  -1.7548768  -4.4115202   2.6566434
  -1.7548762  -4.3983427   2.6434666
  -1.7548762  -4.3791819   2.6243057
  -1.7548763  -4.3608130   2.6059367
  -1.7548758  -4.3445104   2.5896346
  -1.7548761  -4.3408713   2.5859953
  -1.7548761  -4.3441251   2.5892489
  -1.7548760  -4.3476947   2.5928187
  -1.7548755  -4.3580237   2.6031482
  -1.7548761  -4.3863230   2.6314469
  -1.7548763  -4.4220153   2.6671391
  -1.7548766  -4.4494028   2.6945262
  -1.7548769  -4.4588460   2.7039692
  -1.7548763  -4.4477910   2.6929147
  -1.7548756  -4.4382377   2.6833621
  -1.7548759  -4.4545722   2.6996963
  -1.7548771  -4.4799691   2.7250921
  -1.7548768  -4.4773529   2.7224761
  -1.7548757  -4.4485742   2.6936985
  -1.7548753  -4.4362724   2.6813971
  -1.7548761  -4.4567181   2.7018420
  -1.7548769  -4.4839986   2.7291218
  -1.7548766  -4.4941221   2.7392456
  -1.7548765  -4.4899239   2.7350474
  -1.7548768  -4.4741499   2.7192731
  -1.7548766  -4.4386070   2.6837303
  -1.7548766  -4.3907572   2.6358806
  -1.7548760  -4.3386443   2.5837683
  -1.7548753  -4.3086733   2.5537980
  -1.7548760  -4.3257660   2.5708900
  -1.7548764  -4.3644638   2.6095875
  -1.7548768  -4.4007815   2.6459047
  -1.7548770  -4.4154631   2.6605862
  -1.7548765  -4.3970274   2.6421509
  -1.7548755  -4.3660873   2.6112119
  -1.7548753  -4.3579814   2.6031061
  -1.7548762  -4.3803116   2.6254354
  -1.7548767  -4.4071447   2.6522680
  -1.7548766  -4.4195476   2.6646710
  -1.7548767  -4.4158116   2.6609349
  -1.7548767  -4.4004397   2.6455631
  -1.7548760  -4.3802049   2.6253290
  -1.7548760  -4.3821490   2.6272730
  -1.7548766  -4.4078493   2.6529727
  -1.7548764  -4.4408009   2.6859244
  -1.7548775  -4.4695949   2.7147174
  -1.7548772  -4.4579623   2.7030851
  -1.7548762  -4.4031132   2.6482369
  -1.7548751  -4.3455745   2.5906994
  -1.7548753  -4.3336485   2.5787732
  -1.7548762  -4.3573227   2.6024465
  -1.7548758  -4.3878640   2.6329882
  -1.7548765  -4.4238326   2.6689562
  -1.7548772  -4.4420633   2.6871861
  -1.7548767  -4.4177888   2.6629121
  -1.7548752  -4.3733870   2.6185118
  -1.7548754  -4.3637643   2.6088890
  -1.7548769  -4.3892270   2.6343502
  -1.7548766  -4.4030212   2.6481446
  -1.7548763  -4.4061751   2.6512989
  -1.7548771  -4.4090077   2.6541306
  -1.7548763  -4.3945495   2.6396732
  -1.7548757  -4.3847001   2.6298244
  -1.7548763  -4.3979153   2.6430391
  -1.7548765  -4.4125643   2.6576878
  -1.7548767  -4.4127607   2.6578840
  -1.7548763  -4.3974603   2.6425840
  -1.7548761  -4.3788696   2.6239935
  -1.7548765  -4.3626940   2.6078175
  -1.7548763  -4.3432789   2.5884026
  -1.7548758  -4.3304946   2.5756188
  -1.7548756  -4.3522512   2.5973756
  -1.7548769  -4.4080665   2.6531896
  -1.7548773  -4.4505054   2.6956281
  -1.7548772  -4.4504432   2.6955660
  -1.7548763  -4.4137260   2.6588497
  -1.7548759  -4.3722219   2.6173460
  -1.7548752  -4.3472462   2.5923711
  -1.7548755  -4.3627472   2.6078717
  -1.7548770  -4.4063755   2.6514985
  -1.7548768  -4.4272109   2.6723341
  -1.7548760  -4.4209014   2.6660254
  -1.7548759  -4.4179957   2.6631198
  -1.7548764  -4.4278268   2.6729504
  -1.7548763  -4.4357898   2.6809135
  -1.7548760  -4.4372220   2.6823460
  -1.7548764  -4.4378856   2.6830092
  -1.7548765  -4.4269047   2.6720282
  -1.7548758  -4.4023129   2.6474371
  -1.7548763  -4.3881962   2.6333199
  -1.7548765  -4.3780829   2.6232064
  -1.7548757  -4.3717335   2.6168578
  -1.7548766  -4.3897208   2.6348442
  -1.7548763  -4.4115059   2.6566296
  -1.7548771  -4.4282917   2.6734146
  -1.7548762  -4.4237883   2.6689121
  -1.7548760  -4.4169814   2.6621054
  -1.7548770  -4.4116607   2.6567837
  -1.7548765  -4.3813002   2.6264237
  -1.7548756  -4.3411160   2.5862404
  -1.7548751  -4.3285444   2.5736693
  -1.7548754  -4.3674730   2.6125976
  -1.7548774  -4.4363363   2.6814589
  -1.7548783  -4.4671616   2.7122832
  -1.7548765  -4.4289607   2.6740842
  -1.7548754  -4.3854100   2.6305346
  -1.7548760  -4.3773337   2.6224577
  -1.7548761  -4.3880483   2.6331722
  -1.7548767  -4.4048407   2.6499640
  -1.7548768  -4.4034252   2.6485485
  -1.7548760  -4.3805232   2.6256472
  -1.7548754  -4.3642164   2.6093410
  -1.7548759  -4.3710938   2.6162179
  -1.7548761  -4.3887730   2.6338969
  -1.7548759  -4.4085633   2.6536874
  -1.7548763  -4.4303655   2.6754892
  -1.7548770  -4.4394470   2.6845700
  -1.7548766  -4.4221265   2.6672499
  -1.7548768  -4.3855153   2.6306385
  -1.7548760  -4.3336753   2.5787993
  -1.7548749  -4.2981625   2.5432876
  -1.7548758  -4.3157514   2.5608756
  -1.7548768  -4.3606274   2.6057506
  -1.7548768  -4.3920575   2.6371807
  -1.7548760  -4.4040963   2.6492203
  -1.7548759  -4.4190398   2.6641638
  -1.7548764  -4.4415295   2.6866531
  -1.7548763  -4.4537379   2.6988617
  -1.7548763  -4.4589970   2.7041206
  -1.7548761  -4.4627386   2.7078625
  -1.7548765  -4.4710079   2.7161314
  -1.7548761  -4.4782294   2.7233533
  -1.7548763  -4.4890422   2.7341659
  -1.7548764  -4.4948529   2.7399765
  -1.7548765  -4.4884213   2.7335448
  -1.7548767  -4.4653438   2.7104671
  -1.7548766  -4.4225789   2.6677023
  -1.7548762  -4.3693738   2.6144976
  -1.7548761  -4.3225756   2.5676996
  -1.7548757  -4.2916550   2.5367793
  -1.7548759  -4.2959946   2.5411187
  -1.7548764  -4.3259574   2.5710811
  -1.7548765  -4.3658138   2.6109373
  -1.7548768  -4.4020803   2.6472035
  -1.7548766  -4.4272137   2.6723371
  -1.7548768  -4.4357292   2.6808524
  -1.7548764  -4.4238668   2.6689904
  -1.7548764  -4.4055338   2.6506574
  -1.7548758  -4.3872812   2.6324054
  -1.7548754  -4.3887569   2.6338815
  -1.7548763  -4.4206646   2.6657883
  -1.7548768  -4.4514427   2.6965658
  -1.7548768  -4.4609223   2.7060455
  -1.7548765  -4.4484166   2.6935402
  -1.7548763  -4.4234307   2.6685545
  -1.7548762  -4.3937711   2.6388949
  -1.7548758  -4.3658997   2.6110239
  -1.7548756  -4.3592233   2.6043477
  -1.7548762  -4.3776709   2.6227947
  -1.7548766  -4.4000718   2.6451953
  -1.7548768  -4.4144101   2.6595334
  -1.7548765  -4.4164694   2.6615928
  -1.7548760  -4.4140862   2.6592103
  -1.7548759  -4.4274241   2.6725482
  -1.7548766  -4.4545077   2.6996311
  -1.7548767  -4.4732298   2.7183531
  -1.7548763  -4.4748898   2.7200136
  -1.7548762  -4.4768179   2.7219417
  -1.7548769  -4.4750053   2.7201284
  -1.7548766  -4.4502459   2.6953693
  -1.7548754  -4.4241716   2.6692963
  -1.7548759  -4.4361966   2.6813207
  -1.7548767  -4.4658299   2.7109532
  -1.7548770  -4.4774147   2.7225377
  -1.7548771  -4.4507546   2.6958775
  -1.7548762  -4.3895441   2.6346679
  -1.7548754  -4.3388451   2.5839697
  -1.7548760  -4.3297294   2.5748534
  -1.7548762  -4.3500671   2.5951909
  -1.7548768  -4.3824783   2.6276015
  -1.7548765  -4.4036808   2.6488043
  -1.7548759  -4.4192038   2.6643279
  -1.7548761  -4.4422356   2.6873594
  -1.7548767  -4.4622523   2.7073756
  -1.7548764  -4.4620264   2.7071500
  -1.7548766  -4.4457466   2.6908700
  -1.7548766  -4.4119772   2.6571005
  -1.7548761  -4.3620083   2.6071322
  -1.7548755  -4.3185555   2.5636800
  -1.7548755  -4.3035858   2.5487104
  -1.7548757  -4.3239842   2.5691085
  -1.7548764  -4.3721928   2.6173164
  -1.7548769  -4.4206939   2.6658171
  -1.7548770  -4.4532719   2.6983949
  -1.7548765  -4.4655506   2.7106741
  -1.7548767  -4.4693546   2.7144779
  -1.7548764  -4.4595112   2.7046348
  -1.7548761  -4.4440574   2.6891812
  -1.7548766  -4.4340926   2.6792160
  -1.7548764  -4.4156823   2.6608059
  -1.7548760  -4.3968962   2.6420202
  -1.7548765  -4.3941218   2.6392453
  -1.7548768  -4.3961703   2.6412935
  -1.7548766  -4.3901970   2.6353204
  -1.7548761  -4.3818511   2.6269751
  -1.7548762  -4.3849872   2.6301110
  -1.7548764  -4.3913860   2.6365097
  -1.7548762  -4.3970031   2.6421269
  -1.7548760  -4.4068735   2.6519975
  -1.7548766  -4.4232134   2.6683368
  -1.7548763  -4.4297575   2.6748812
  -1.7548767  -4.4280449   2.6731682
  -1.7548771  -4.4088037   2.6539266
  -1.7548763  -4.3628024   2.6079261
  -1.7548753  -4.3235085   2.5686332
  -1.7548757  -4.3249707   2.5700949
  -1.7548766  -4.3562777   2.6014011
  -1.7548770  -4.3838705   2.6289936
  -1.7548762  -4.3897486   2.6348724
  -1.7548757  -4.3946415   2.6397657
  -1.7548761  -4.4144152   2.6595391
  -1.7548769  -4.4337819   2.6789051
  -1.7548767  -4.4283586   2.6734820
  -1.7548758  -4.4011390   2.6462632
  -1.7548755  -4.3831629   2.6282874
  -1.7548762  -4.3816756   2.6267994
  -1.7548761  -4.3833982   2.6285221
  -1.7548762  -4.3885438   2.6336676
  -1.7548767  -4.3957039   2.6408273
  -1.7548768  -4.3928194   2.6379426
  -1.7548759  -4.3783655   2.6234896
  -1.7548760  -4.3838189   2.6289429
  -1.7548769  -4.4104692   2.6555923
  -1.7548766  -4.4244103   2.6695336
  -1.7548763  -4.4293809   2.6745046
  -1.7548765  -4.4350740   2.6801975
  -1.7548764  -4.4349847   2.6801083
  -1.7548765  -4.4256297   2.6707532
  -1.7548760  -4.4046450   2.6497690
  -1.7548758  -4.3941097   2.6392339
  -1.7548764  -4.3956799   2.6408036
  -1.7548762  -4.3911140   2.6362377
  -1.7548762  -4.3792534   2.6243773
  -1.7548758  -4.3651654   2.6102896
  -1.7548762  -4.3556548   2.6007786
  -1.7548764  -4.3372765   2.5824001
  -1.7548758  -4.3070573   2.5521815
  -1.7548754  -4.2884180   2.5335426
  -1.7548754  -4.3020846   2.5472092
  -1.7548764  -4.3436670   2.5887906
  -1.7548768  -4.3782906   2.6234137
  -1.7548759  -4.3929126   2.6380366
  -1.7548761  -4.4064211   2.6515450
  -1.7548768  -4.4131308   2.6582540
  -1.7548770  -4.3916804   2.6368035
  -1.7548759  -4.3482919   2.5934160
  -1.7548754  -4.3202427   2.5653674
  -1.7548760  -4.3298469   2.5749709
  -1.7548762  -4.3533920   2.5985158
  -1.7548759  -4.3795409   2.6246650
  -1.7548766  -4.4173035   2.6624269
  -1.7548771  -4.4411717   2.6862946
  -1.7548766  -4.4348179   2.6799412
  -1.7548762  -4.4172882   2.6624120
  -1.7548762  -4.4072594   2.6523832
  -1.7548762  -4.4135038   2.6586276
  -1.7548771  -4.4296866   2.6748094
  -1.7548768  -4.4237296   2.6688528
  -1.7548764  -4.3974483   2.6425719
  -1.7548756  -4.3713870   2.6165114
  -1.7548758  -4.3693610   2.6144852
  -1.7548759  -4.3928508   2.6379749
  -1.7548764  -4.4320739   2.6771975
  -1.7548767  -4.4692878   2.7144112
  -1.7548761  -4.4913741   2.7364980
  -1.7548763  -4.5092321   2.7543558
  -1.7548766  -4.5225233   2.7676467
  -1.7548767  -4.5208342   2.7659575
  -1.7548769  -4.5029439   2.7480670
  -1.7548766  -4.4644576   2.7095810
  -1.7548759  -4.4158813   2.6610053
  -1.7548760  -4.3823878   2.6275118
  -1.7548762  -4.3684023   2.6135261
  -1.7548756  -4.3686612   2.6137856
  -1.7548758  -4.4004599   2.6455841
  -1.7548774  -4.4474534   2.6925761
  -1.7548767  -4.4658426   2.7109659
  -1.7548759  -4.4743400   2.7194641
  -1.7548768  -4.4942392   2.7393624
  -1.7548766  -4.4979409   2.7430643
  -1.7548764  -4.4807821   2.7259057
  -1.7548762  -4.4496128   2.6947366
  -1.7548759  -4.4193759   2.6645000
  -1.7548765  -4.3939338   2.6390573
  -1.7548761  -4.3625333   2.6076572
  -1.7548758  -4.3444414   2.5895657
  -1.7548763  -4.3526431   2.5977669
  -1.7548764  -4.3709401   2.6160637
  -1.7548760  -4.3899409   2.6350648
  -1.7548768  -4.4108574   2.6559807
  -1.7548765  -4.4188851   2.6640086
  -1.7548766  -4.4214531   2.6665765
  -1.7548770  -4.4165596   2.6616826
  -1.7548775  -4.3864952   2.6316177
  -1.7548764  -4.3219344   2.5670580
  -1.7548747  -4.2691226   2.5142479
  -1.7548752  -4.2850271   2.5301519
  -1.7548762  -4.3538583   2.5989821
  -1.7548776  -4.4271615   2.6722840
  -1.7548773  -4.4577239   2.7028466
  -1.7548764  -4.4452487   2.6903723
  -1.7548758  -4.4285528   2.6736770
  -1.7548758  -4.4346879   2.6798121
  -1.7548763  -4.4676338   2.7127575
  -1.7548770  -4.5009147   2.7460377
  -1.7548764  -4.5110539   2.7561776
  -1.7548767  -4.5104651   2.7555884
  -1.7548766  -4.4932799   2.7384033
  -1.7548762  -4.4649479   2.7100717
  -1.7548756  -4.4441425   2.6892669
  -1.7548762  -4.4458506   2.6909744
  -1.7548766  -4.4533360   2.6984594
  -1.7548761  -4.4503483   2.6954722
  -1.7548756  -4.4526339   2.6977583
  -1.7548761  -4.4743765   2.7195003
  -1.7548771  -4.4987885   2.7439114
  -1.7548775  -4.4909523   2.7360748
  -1.7548761  -4.4453016   2.6904255
  -1.7548754  -4.4111123   2.6562369
  -1.7548762  -4.4184853   2.6636091
  -1.7548766  -4.4394617   2.6845850
  -1.7548765  -4.4506517   2.6957751
  -1.7548765  -4.4527749   2.6978985
  -1.7548761  -4.4508001   2.6959241
  -1.7548766  -4.4524211   2.6975445
  -1.7548764  -4.4509872   2.6961108
  -1.7548764  -4.4451404   2.6902640
  -1.7548766  -4.4374567   2.6825801
  -1.7548771  -4.4218584   2.6669813
  -1.7548766  -4.3875506   2.6326740
  -1.7548759  -4.3555759   2.6007000
  -1.7548761  -4.3497585   2.5948824
  -1.7548771  -4.3620511   2.6071740
  -1.7548772  -4.3592917   2.6044145
  -1.7548763  -4.3405592   2.5856829
  -1.7548765  -4.3323795   2.5775030
  -1.7548765  -4.3338168   2.5789402
  -1.7548768  -4.3393184   2.5844416
  -1.7548768  -4.3376909   2.5828141
  -1.7548756  -4.3264489   2.5715733
  -1.7548758  -4.3382453   2.5833695
  -1.7548762  -4.3766333   2.6217572
  -1.7548762  -4.4247388   2.6698627
  -1.7548765  -4.4776892   2.7228127
  -1.7548770  -4.5185874   2.7637104
  -1.7548768  -4.5263830   2.7715062
  -1.7548762  -4.5082655   2.7533893
  -1.7548758  -4.4857840   2.7309082
  -1.7548759  -4.4747789   2.7199030
  -1.7548764  -4.4718999   2.7170235
  -1.7548764  -4.4618243   2.7069479
  -1.7548763  -4.4425246   2.6876483
  -1.7548760  -4.4137934   2.6589173
  -1.7548756  -4.3897278   2.6348521
  -1.7548758  -4.3881183   2.6332424
  -1.7548765  -4.3976813   2.6428048
  -1.7548765  -4.3944228   2.6395463
  -1.7548762  -4.3731473   2.6182711
  -1.7548759  -4.3475476   2.5926717
  -1.7548756  -4.3362247   2.5813491
  -1.7548757  -4.3505068   2.5956311
  -1.7548761  -4.3891631   2.6342870
  -1.7548771  -4.4288860   2.6740090
  -1.7548769  -4.4405707   2.6856939
  -1.7548761  -4.4305529   2.6756768
  -1.7548766  -4.4205368   2.6656602
  -1.7548763  -4.4002993   2.6454231
  -1.7548753  -4.3821243   2.6272490
