    0.004671    0.000000
    0.009342    0.000000
    0.014013    0.000000
    0.018684    0.000000
    0.023355    0.000000
    0.028026    0.000000
    0.032697    0.000000
    0.037368    0.000000
    0.042039    0.000000
    0.046710    0.000000
    0.051381    0.000000
    0.056052    0.000000
    0.060723    0.000000
    0.065394    0.000000
    0.070065    0.000000
    0.074736    0.000000
    0.079407    0.000000
    0.084078    0.000000
    0.088749    0.000000
    0.093420    0.000000
    0.098091    0.000000
    0.102762    0.000000
    0.107433    0.000000
    0.112104    0.000000
    0.116775    0.000000
    0.121446    0.000000
    0.126117    0.000000
    0.130788    0.000000
    0.135459    0.000000
    0.140130    0.000000
    0.144801    0.000000
    0.149472    0.000000
    0.154143    0.000000
    0.158814    0.000000
    0.163485    0.000000
    0.168156    0.000000
    0.172827    0.000000
    0.177498    0.000000
    0.182169    0.000000
    0.186840    0.000000
    0.191511    0.000000
    0.196182    0.000000
    0.200853    0.000000
    0.205524    0.000000
    0.210195    0.000000
    0.214866    0.000000
    0.219537    0.000000
    0.224208    0.000000
    0.228879    0.000000
    0.233550    0.000000
    0.238221    0.000000
    0.242892    0.000000
    0.247563    0.000000
    0.252234    0.000000
    0.256905    0.000000
    0.261576    0.000000
    0.266247    0.000000
    0.270918    0.000000
    0.275589    0.000000
    0.280260    0.000000
    0.284931    0.000000
    0.289602    0.000000
    0.294273    0.000000
    0.298944    0.000000
    0.303615    0.000000
    0.308286    0.000000
    0.312957    0.000000
    0.317628    0.000000
    0.322299    0.000000
    0.326970    0.000000
    0.331641    0.000000
    0.336312    0.000000
    0.340983    0.000000
    0.345654    0.000000
    0.350325    0.000000
    0.354996    0.000000
    0.359667    0.000000
    0.364338    0.000000
    0.369009    0.000000
    0.373680    0.000000
    0.378351    0.000000
    0.383022    0.000000
    0.387693    0.000000
    0.392364    0.000000
    0.397035    0.000000
    0.401706    0.000000
    0.406377    0.000000
    0.411048    0.000000
    0.415719    0.000000
    0.420390    0.000000
    0.425061    0.000000
    0.429732    0.000000
    0.434403    0.000000
    0.439074    0.000000
    0.443745    0.000000
    0.448416    0.000000
    0.453087    0.000000
    0.457758    0.000000
    0.462429    0.000000
    0.467100    0.000000
    0.471771    0.000000
    0.476442    0.000000
    0.481113    0.000000
    0.485784    0.000000
    0.490455    0.000000
    0.495126    0.000000
    0.499797    0.000000
    0.504468    0.000000
    0.509139    0.000000
    0.513810    0.000000
    0.518481    0.000000
    0.523152    0.000000
    0.527823    0.000000
    0.532494    0.000000
    0.537165    0.000000
    0.541836    0.000000
    0.546507    0.000000
    0.551178    0.000000
    0.555849    0.000000
    0.560520    0.000000
    0.565191    0.000000
    0.569862    0.000000
    0.574533    0.000000
    0.579204    0.000000
    0.583875    0.000000
    0.588546    0.000000
    0.593217    0.000000
    0.597888    0.000000
    0.602559    0.000000
    0.607230    0.000000
    0.611901    0.000000
    0.616572    0.000000
    0.621243    0.000000
    0.625914    0.000000
    0.630585    0.000000
    0.635256    0.000000
    0.639927    0.000000
    0.644598    0.000000
    0.649269    0.000000
    0.653940    0.000000
    0.658611    0.000000
    0.663282    0.000000
    0.667953    0.000000
    0.672624    0.000000
    0.677295    0.000000
    0.681966    0.000000
    0.686637    0.000000
    0.691308    0.000000
    0.695979    0.000000
    0.700650    0.000000
    0.705321    0.000000
    0.709992    0.000000
    0.714663    0.000000
    0.719334    0.000000
    0.724005    0.000000
    0.728676    0.000000
    0.733347    0.000000
    0.738018    0.000000
    0.742689    0.000000
    0.747360    0.000000
    0.752031    0.000000
    0.756702    0.000000
    0.761373    0.000000
    0.766044    0.000000
    0.770715    0.000000
    0.775386    0.000000
    0.780057    0.000000
    0.784728    0.000000
    0.789399    0.000000
    0.794070    0.000000
    0.798741    0.000000
    0.803412    0.000000
    0.808083    0.000000
    0.812754    0.000000
    0.817425    0.000000
    0.822096    0.000000
    0.826767    0.000000
    0.831438    0.000000
    0.836109    0.000000
    0.840780    0.000000
    0.845451    0.000000
    0.850122    0.000000
    0.854793    0.000136
    0.859464    0.001126
    0.864135    0.001914
    0.868806    0.003160
    0.873477    0.005225
    0.878148    0.008132
    0.882819    0.012745
    0.887490    0.021998
    0.892161    0.031330
    0.896832    0.046133
    0.901503    0.071528
    0.906174    0.104429
    0.910845    0.144418
    0.915516    0.191274
    0.920187    0.259480
    0.924858    0.333644
    0.929529    0.407457
    0.934200    0.499301
    0.938871    0.616568
    0.943542    0.735337
    0.948213    0.865483
    0.952884    1.014862
    0.957555    1.147764
    0.962226    1.286538
    0.966897    1.450117
    0.971568    1.614826
    0.976239    1.785038
    0.980910    1.929761
    0.985581    2.088515
    0.990252    2.224681
    0.994923    2.365138
    0.999594    2.492174
    1.004265    2.620659
    1.008936    2.729549
    1.013607    2.838634
    1.018278    2.944121
    1.022949    3.024658
    1.027620    3.088259
    1.032291    3.139788
    1.036962    3.172075
    1.041633    3.199160
    1.046304    3.223090
    1.050975    3.226832
    1.055646    3.239231
    1.060317    3.231801
    1.064988    3.219663
    1.069659    3.191101
    1.074330    3.154546
    1.079001    3.151657
    1.083672    3.106784
    1.088343    3.062235
    1.093014    3.012010
    1.097685    2.946804
    1.102356    2.889120
    1.107027    2.813938
    1.111698    2.739912
    1.116369    2.669692
    1.121040    2.575737
    1.125711    2.525772
    1.130382    2.450811
    1.135053    2.388577
    1.139724    2.312908
    1.144395    2.241482
    1.149066    2.156628
    1.153737    2.088938
    1.158408    2.017720
    1.163079    1.934423
    1.167750    1.859463
    1.172421    1.792462
    1.177092    1.727444
    1.181763    1.674085
    1.186434    1.600949
    1.191105    1.534714
    1.195776    1.474816
    1.200447    1.404172
    1.205118    1.348639
    1.209789    1.290027
    1.214460    1.233525
    1.219131    1.179869
    1.223802    1.136690
    1.228473    1.084974
    1.233144    1.034893
    1.237815    0.982384
    1.242486    0.938365
    1.247157    0.891953
    1.251828    0.853891
    1.256499    0.817369
    1.261170    0.777232
    1.265841    0.738234
    1.270512    0.702342
    1.275183    0.667930
    1.279854    0.641810
    1.284525    0.617446
    1.289196    0.588877
    1.293867    0.562973
    1.298538    0.543810
    1.303209    0.528079
    1.307880    0.506593
    1.312551    0.485922
    1.317222    0.468937
    1.321893    0.456979
    1.326564    0.443157
    1.331235    0.431270
    1.335906    0.418492
    1.340577    0.410439
    1.345248    0.401287
    1.349919    0.397453
    1.354590    0.394979
    1.359261    0.389233
    1.363932    0.382905
    1.368603    0.375612
    1.373274    0.374763
    1.377945    0.376423
    1.382616    0.380409
    1.387287    0.383782
    1.391958    0.382990
    1.396629    0.386038
    1.401300    0.386148
    1.405971    0.394878
    1.410642    0.398791
    1.415313    0.399941
    1.419984    0.408161
    1.424655    0.414533
    1.429326    0.421060
    1.433997    0.425369
    1.438668    0.434591
    1.443339    0.441026
    1.448010    0.452981
    1.452681    0.467462
    1.457352    0.470997
    1.462023    0.477698
    1.466694    0.482937
    1.471365    0.489980
    1.476036    0.498598
    1.480707    0.505186
    1.485378    0.515447
    1.490049    0.519512
    1.494720    0.531827
    1.499391    0.536969
    1.504062    0.541636
    1.508733    0.544855
    1.513404    0.548617
    1.518075    0.557310
    1.522746    0.567310
    1.527417    0.575101
    1.532088    0.583110
    1.536759    0.587254
    1.541430    0.586595
    1.546101    0.586702
    1.550772    0.588069
    1.555443    0.589377
    1.560114    0.596486
    1.564785    0.600818
    1.569456    0.603258
    1.574127    0.599709
    1.578798    0.600652
    1.583469    0.609033
    1.588140    0.607934
    1.592811    0.603433
    1.597482    0.604238
    1.602153    0.603930
    1.606824    0.605399
    1.611495    0.601860
    1.616166    0.599043
    1.620837    0.597258
    1.625508    0.602816
    1.630179    0.598657
    1.634850    0.598911
    1.639521    0.605795
    1.644192    0.608350
    1.648863    0.611601
    1.653534    0.614814
    1.658205    0.614358
    1.662876    0.615095
    1.667547    0.625623
    1.672218    0.634452
    1.676889    0.642587
    1.681560    0.644925
    1.686231    0.657456
    1.690902    0.671608
    1.695573    0.685783
    1.700244    0.694218
    1.704915    0.717947
    1.709586    0.734071
    1.714257    0.745188
    1.718928    0.762743
    1.723599    0.783832
    1.728270    0.811691
    1.732941    0.834038
    1.737612    0.861730
    1.742283    0.887936
    1.746954    0.912906
    1.751625    0.939577
    1.756296    0.971773
    1.760967    0.998398
    1.765638    1.032825
    1.770309    1.066906
    1.774980    1.100625
    1.779651    1.128375
    1.784322    1.155805
    1.788993    1.190224
    1.793664    1.230826
    1.798335    1.264351
    1.803006    1.292710
    1.807677    1.320094
    1.812348    1.345563
    1.817019    1.372367
    1.821690    1.402860
    1.826361    1.439579
    1.831032    1.468098
    1.835703    1.490845
    1.840374    1.512137
    1.845045    1.537005
    1.849716    1.559187
    1.854387    1.580856
    1.859058    1.590707
    1.863729    1.606730
    1.868400    1.617840
    1.873071    1.629904
    1.877742    1.639546
    1.882413    1.652220
    1.887084    1.650187
    1.891755    1.647181
    1.896426    1.654998
    1.901097    1.648768
    1.905768    1.644339
    1.910439    1.646404
    1.915110    1.630238
    1.919781    1.626602
    1.924452    1.611649
    1.929123    1.595569
    1.933794    1.581182
    1.938465    1.570689
    1.943136    1.558592
    1.947807    1.539168
    1.952478    1.518267
    1.957149    1.497378
    1.961820    1.482516
    1.966491    1.463965
    1.971162    1.444554
    1.975833    1.419662
    1.980504    1.392535
    1.985175    1.367649
    1.989846    1.343575
    1.994517    1.316017
    1.999188    1.294414
    2.003859    1.273188
    2.008530    1.261700
    2.013201    1.240035
    2.017872    1.218498
    2.022543    1.198108
    2.027214    1.173930
    2.031885    1.154912
    2.036556    1.136019
    2.041227    1.121694
    2.045898    1.106228
    2.050569    1.091298
    2.055240    1.078105
    2.059911    1.058742
    2.064582    1.040680
    2.069253    1.022701
    2.073924    1.016879
    2.078595    1.002036
    2.083266    0.990293
    2.087937    0.974128
    2.092608    0.962150
    2.097279    0.953295
    2.101950    0.937454
    2.106621    0.933307
    2.111292    0.929049
    2.115963    0.915866
    2.120634    0.910849
    2.125305    0.903778
    2.129976    0.897977
    2.134647    0.891719
    2.139318    0.887554
    2.143989    0.881673
    2.148660    0.882607
    2.153331    0.871779
    2.158002    0.871407
    2.162673    0.864717
    2.167344    0.860193
    2.172015    0.858616
    2.176686    0.855638
    2.181357    0.851042
    2.186028    0.851824
    2.190699    0.849276
    2.195370    0.842026
    2.200041    0.842059
    2.204712    0.838919
    2.209383    0.844465
    2.214054    0.838260
    2.218725    0.836856
    2.223396    0.838014
    2.228067    0.836729
    2.232738    0.835623
    2.237409    0.834428
    2.242080    0.827855
    2.246751    0.829598
    2.251422    0.837521
    2.256093    0.835989
    2.260764    0.836914
    2.265435    0.837620
    2.270106    0.842104
    2.274777    0.846029
    2.279448    0.840091
    2.284119    0.844423
    2.288790    0.848513
    2.293461    0.850460
    2.298132    0.851100
    2.302803    0.857985
    2.307474    0.864974
    2.312145    0.864456
    2.316816    0.872936
    2.321487    0.878091
    2.326158    0.882715
    2.330829    0.887480
    2.335500    0.892196
    2.340171    0.901432
    2.344842    0.905165
    2.349513    0.909193
    2.354184    0.918425
    2.358855    0.924074
    2.363526    0.926066
    2.368197    0.929679
    2.372868    0.936664
    2.377539    0.945676
    2.382210    0.950143
    2.386881    0.952665
    2.391552    0.958570
    2.396223    0.967236
    2.400894    0.972882
    2.405565    0.976923
    2.410236    0.978763
    2.414907    0.984594
    2.419578    0.987255
    2.424249    0.989192
    2.428920    0.987865
    2.433591    0.988869
    2.438262    0.988997
    2.442933    0.988199
    2.447604    0.989640
    2.452275    0.988690
    2.456946    0.990644
    2.461617    0.989973
    2.466288    0.983275
    2.470959    0.982258
    2.475630    0.976491
    2.480301    0.975991
    2.484972    0.975250
    2.489643    0.964510
    2.494314    0.962186
    2.498985    0.959356
    2.503656    0.954450
    2.508327    0.945595
    2.512998    0.942579
    2.517669    0.933048
    2.522340    0.928588
    2.527011    0.916554
    2.531682    0.907061
    2.536353    0.898535
    2.541024    0.893279
    2.545695    0.882310
    2.550366    0.874504
    2.555037    0.870789
    2.559708    0.861039
    2.564379    0.850246
    2.569050    0.837068
    2.573721    0.829203
    2.578392    0.823267
    2.583063    0.815591
    2.587734    0.809658
    2.592405    0.802558
    2.597076    0.794368
    2.601747    0.782319
    2.606418    0.777886
    2.611089    0.777534
    2.615760    0.771589
    2.620431    0.763008
    2.625102    0.754597
    2.629773    0.753129
    2.634444    0.754087
    2.639115    0.754832
    2.643786    0.750238
    2.648457    0.749973
    2.653128    0.749610
    2.657799    0.752582
    2.662470    0.754405
    2.667141    0.758607
    2.671812    0.764372
    2.676483    0.770290
    2.681154    0.775290
    2.685825    0.776406
    2.690496    0.785512
    2.695167    0.788621
    2.699838    0.799991
    2.704509    0.812563
    2.709180    0.822188
    2.713851    0.834198
    2.718522    0.845697
    2.723193    0.863073
    2.727864    0.878055
    2.732535    0.888991
    2.737206    0.905061
    2.741877    0.922192
    2.746548    0.938486
    2.751219    0.953827
    2.755890    0.972664
    2.760561    0.988028
    2.765232    1.006292
    2.769903    1.027052
    2.774574    1.047186
    2.779245    1.067479
    2.783916    1.086031
    2.788587    1.107779
    2.793258    1.127136
    2.797929    1.144258
    2.802600    1.162261
    2.807271    1.186318
    2.811942    1.199515
    2.816613    1.222135
    2.821284    1.237446
    2.825955    1.258150
    2.830626    1.273724
    2.835297    1.293789
    2.839968    1.312563
    2.844639    1.323990
    2.849310    1.338909
    2.853981    1.349984
    2.858652    1.363794
    2.863323    1.375750
    2.867994    1.381610
    2.872665    1.391010
    2.877336    1.398746
    2.882007    1.405000
    2.886678    1.408481
    2.891349    1.408442
    2.896020    1.415340
    2.900691    1.412676
    2.905362    1.412535
    2.910033    1.411551
    2.914704    1.409262
    2.919375    1.407035
    2.924046    1.399613
    2.928717    1.395706
    2.933388    1.386505
    2.938059    1.374853
    2.942730    1.368188
    2.947401    1.359157
    2.952072    1.345618
    2.956743    1.329959
    2.961414    1.320990
    2.966085    1.311412
    2.970756    1.288171
    2.975427    1.268474
    2.980098    1.251393
    2.984769    1.236144
    2.989440    1.214821
    2.994111    1.198610
    2.998782    1.184034
    3.003453    1.161988
    3.008124    1.143038
    3.012795    1.125704
    3.017466    1.105854
    3.022137    1.086086
    3.026808    1.070303
    3.031479    1.047120
    3.036150    1.030888
    3.040821    1.011931
    3.045492    0.995978
    3.050163    0.979360
    3.054834    0.963920
    3.059505    0.946981
    3.064176    0.929335
    3.068847    0.920138
    3.073518    0.903547
    3.078189    0.889597
    3.082860    0.876214
    3.087531    0.866158
    3.092202    0.856178
    3.096873    0.845454
    3.101544    0.836157
    3.106215    0.827413
    3.110886    0.824728
    3.115557    0.822089
    3.120228    0.815445
    3.124899    0.807335
    3.129570    0.808141
    3.134241    0.804281
    3.138912    0.801866
    3.143583    0.802128
    3.148254    0.803586
    3.152925    0.806294
    3.157596    0.804821
    3.162267    0.805492
    3.166938    0.806474
    3.171609    0.809721
    3.176280    0.813178
    3.180951    0.817712
    3.185622    0.823847
    3.190293    0.828862
    3.194964    0.838484
    3.199635    0.841624
    3.204306    0.847928
    3.208977    0.856477
    3.213648    0.860311
    3.218319    0.873373
    3.222990    0.880324
    3.227661    0.886734
    3.232332    0.895919
    3.237003    0.903010
    3.241674    0.908769
    3.246345    0.912751
    3.251016    0.923736
    3.255687    0.930858
    3.260358    0.940009
    3.265029    0.947767
    3.269700    0.950589
    3.274371    0.956559
    3.279042    0.965907
    3.283713    0.971673
    3.288384    0.974479
    3.293055    0.981371
    3.297726    0.987260
    3.302397    0.991982
    3.307068    0.992079
    3.311739    0.995589
    3.316410    1.003097
    3.321081    1.007372
    3.325752    1.007820
    3.330423    1.010350
    3.335094    1.009865
    3.339765    1.009374
    3.344436    1.010061
    3.349107    1.008511
    3.353778    1.008711
    3.358449    1.008784
    3.363120    1.012420
    3.367791    1.012271
    3.372462    1.012701
    3.377133    1.007167
    3.381804    1.003976
    3.386475    1.000627
    3.391146    1.002685
    3.395817    1.001287
    3.400488    0.992704
    3.405159    0.989844
    3.409830    0.991725
    3.414501    0.985485
    3.419172    0.979119
    3.423843    0.978300
    3.428514    0.975203
    3.433185    0.974095
    3.437856    0.969812
    3.442527    0.968279
    3.447198    0.961889
    3.451869    0.959091
    3.456540    0.953065
    3.461211    0.952200
    3.465882    0.949024
    3.470553    0.944203
    3.475224    0.941145
    3.479895    0.936941
    3.484566    0.935691
    3.489237    0.929691
    3.493908    0.924304
    3.498579    0.924079
    3.503250    0.923135
    3.507921    0.919287
    3.512592    0.919180
    3.517263    0.913874
    3.521934    0.913550
    3.526605    0.908702
    3.531276    0.906677
    3.535947    0.902479
    3.540618    0.901788
    3.545289    0.897960
    3.549960    0.893223
    3.554631    0.892215
    3.559302    0.889495
    3.563973    0.884490
    3.568644    0.885894
    3.573315    0.886894
    3.577986    0.883066
    3.582657    0.884168
    3.587328    0.886859
    3.591999    0.887734
    3.596670    0.885750
    3.601341    0.885284
    3.606012    0.885162
    3.610683    0.884850
    3.615354    0.884920
    3.620025    0.884707
    3.624696    0.884771
    3.629367    0.884282
    3.634038    0.886810
    3.638709    0.886141
    3.643380    0.882547
    3.648051    0.884614
    3.652722    0.889116
    3.657393    0.888176
    3.662064    0.892681
    3.666735    0.895621
    3.671406    0.899165
    3.676077    0.902137
    3.680748    0.903935
    3.685419    0.909953
    3.690090    0.914795
    3.694761    0.918184
    3.699432    0.926498
    3.704103    0.928791
    3.708774    0.935617
    3.713445    0.939690
    3.718116    0.944888
    3.722787    0.947277
    3.727458    0.954364
    3.732129    0.958485
    3.736800    0.966809
    3.741471    0.974782
    3.746142    0.981483
    3.750813    0.986543
    3.755484    0.996877
    3.760155    1.004560
    3.764826    1.011742
    3.769497    1.021395
    3.774168    1.030706
    3.778839    1.040915
    3.783510    1.050424
    3.788181    1.062993
    3.792852    1.071252
    3.797523    1.082651
    3.802194    1.091561
    3.806865    1.100111
    3.811536    1.110500
    3.816207    1.119975
    3.820878    1.130429
    3.825549    1.140660
    3.830220    1.150923
    3.834891    1.160096
    3.839562    1.171477
    3.844233    1.180697
    3.848904    1.189787
    3.853575    1.196412
    3.858246    1.204010
    3.862917    1.210031
    3.867588    1.221606
    3.872259    1.231200
    3.876930    1.238047
    3.881601    1.243892
    3.886272    1.250141
    3.890943    1.256598
    3.895614    1.265279
    3.900285    1.270578
    3.904956    1.275515
    3.909627    1.277333
    3.914298    1.278154
    3.918969    1.279004
    3.923640    1.279246
    3.928311    1.281123
    3.932982    1.283055
    3.937653    1.281784
    3.942324    1.283250
    3.946995    1.280857
    3.951666    1.275078
    3.956337    1.273093
    3.961008    1.269652
    3.965679    1.265872
    3.970350    1.259649
    3.975021    1.252438
    3.979692    1.247491
    3.984363    1.240618
    3.989034    1.233072
    3.993705    1.221841
    3.998376    1.210538
    4.003047    1.203640
    4.007718    1.191645
    4.012389    1.183215
    4.017060    1.173202
    4.021731    1.162455
    4.026402    1.147731
    4.031073    1.136451
    4.035744    1.125838
    4.040415    1.112654
    4.045086    1.102048
    4.049757    1.089406
    4.054428    1.076103
    4.059099    1.064277
    4.063770    1.050641
    4.068441    1.039253
    4.073112    1.027986
    4.077783    1.012436
    4.082454    1.001567
    4.087125    0.991379
    4.091796    0.980940
    4.096467    0.970408
    4.101138    0.959171
    4.105809    0.950793
    4.110480    0.939740
    4.115151    0.928802
    4.119822    0.921207
    4.124493    0.911908
    4.129164    0.903054
    4.133835    0.896707
    4.138506    0.887579
    4.143177    0.879558
    4.147848    0.873867
    4.152519    0.867127
    4.157190    0.859357
    4.161861    0.857008
    4.166532    0.852506
    4.171203    0.846224
    4.175874    0.844894
    4.180545    0.840978
    4.185216    0.836949
    4.189887    0.833164
    4.194558    0.832363
    4.199229    0.831216
    4.203900    0.829500
    4.208571    0.827767
    4.213242    0.823855
    4.217913    0.822942
    4.222584    0.821394
    4.227255    0.823832
    4.231926    0.821315
    4.236597    0.822618
    4.241268    0.823818
    4.245939    0.822848
    4.250610    0.824750
    4.255281    0.825582
    4.259952    0.824254
    4.264623    0.823069
    4.269294    0.821616
    4.273965    0.821536
    4.278636    0.824076
    4.283307    0.824612
    4.287978    0.825158
    4.292649    0.827144
    4.297320    0.825626
    4.301991    0.825048
    4.306662    0.826225
    4.311333    0.828165
    4.316004    0.828491
    4.320675    0.829972
    4.325346    0.828222
    4.330017    0.828928
    4.334688    0.830758
    4.339359    0.831735
    4.344030    0.832593
    4.348701    0.835973
    4.353372    0.836155
    4.358043    0.838535
    4.362714    0.837972
    4.367385    0.836537
    4.372056    0.840338
    4.376727    0.844062
    4.381398    0.845534
    4.386069    0.845897
    4.390740    0.847802
    4.395411    0.849125
    4.400082    0.851998
    4.404753    0.852999
    4.409424    0.858504
    4.414095    0.863417
    4.418766    0.865688
    4.423437    0.867971
    4.428108    0.874027
    4.432779    0.879776
    4.437450    0.885293
    4.442121    0.889265
    4.446792    0.892142
    4.451463    0.896403
    4.456134    0.900250
    4.460805    0.906227
    4.465476    0.909923
    4.470147    0.915293
    4.474818    0.919016
    4.479489    0.924579
    4.484160    0.927259
    4.488831    0.932798
    4.493502    0.935736
    4.498173    0.941876
    4.502844    0.948559
    4.507515    0.955844
    4.512186    0.963537
    4.516857    0.968592
    4.521528    0.974232
    4.526199    0.981837
    4.530870    0.985646
    4.535541    0.989469
    4.540212    0.996822
    4.544883    0.999839
    4.549554    1.005697
    4.554225    1.013466
    4.558896    1.019889
    4.563567    1.027242
    4.568238    1.033519
    4.572909    1.038244
    4.577580    1.042063
    4.582251    1.047253
    4.586922    1.055195
    4.591593    1.060791
    4.596264    1.065295
    4.600935    1.071712
    4.605606    1.075405
    4.610277    1.078751
    4.614948    1.084051
    4.619619    1.090196
    4.624290    1.094290
    4.628961    1.098950
    4.633632    1.106648
    4.638303    1.113517
    4.642974    1.118010
    4.647645    1.122208
    4.652316    1.126430
    4.656987    1.128905
    4.661658    1.134023
    4.666329    1.139130
    4.671000    1.145056
