   4.0000000000000001E-003   8.5107794336537488E-005
   8.0000000000000002E-003   3.3947392198230769E-004
   1.2000000000000000E-002   7.5986783080564044E-004
   1.6000000000000000E-002   1.3406620517184063E-003
   2.0000000000000000E-002   2.0739587912289408E-003
   2.4000000000000000E-002   2.9498804024478600E-003
   2.8000000000000001E-002   3.9570305146767980E-003
   3.2000000000000001E-002   5.0831025874114970E-003
   3.6000000000000004E-002   6.3155499556105553E-003
   4.0000000000000001E-002   7.6421768774856229E-003
   4.4000000000000004E-002   9.0514963370164920E-003
   4.8000000000000001E-002   1.0532771312809667E-002
   5.2000000000000005E-002   1.2075830166438177E-002
   5.6000000000000001E-002   1.3670889433264269E-002
   6.0000000000000005E-002   1.5308563837744696E-002
   6.4000000000000001E-002   1.6980046993592460E-002
   6.8000000000000005E-002   1.8677301709178872E-002
   7.2000000000000008E-002   2.0393102495531834E-002
   7.5999999999999998E-002   2.2120876902976323E-002
   8.0000000000000002E-002   2.3854396554397524E-002
   8.4000000000000005E-002   2.5587402280876796E-002
   8.8000000000000009E-002   2.7313235557288134E-002
   9.1999999999999998E-002   2.9024572347945785E-002
   9.6000000000000002E-002   3.0713415175592538E-002
  0.10000000000000001        3.2371483604755391E-002
  0.10400000000000001        3.3990976764309927E-002
  0.10800000000000000        3.5565447245737673E-002
  0.11200000000000000        3.7090427219708427E-002
  0.11600000000000001        3.8563586370838406E-002
  0.12000000000000001        3.9984420529354567E-002
  0.12400000000000000        4.1353606318442329E-002
  0.12800000000000000        4.2672232802731490E-002
  0.13200000000000001        4.3941152596783967E-002
  0.13600000000000001        4.5160637600543514E-002
  0.14000000000000001        4.6330399379817748E-002
  0.14400000000000002        4.7449903076517544E-002
  0.14800000000000002        4.8518787623872767E-002
  0.15200000000000000        4.9537139360383342E-002
  0.15600000000000000        5.0505461767123373E-002
  0.16000000000000000        5.1424422206112354E-002
  0.16400000000000001        5.2294620931814653E-002
  0.16800000000000001        5.3116586281955008E-002
  0.17200000000000001        5.3890988045646168E-002
  0.17600000000000002        5.4618840654646679E-002
  0.18000000000000002        5.5301503386951265E-002
  0.18400000000000000        5.5940541943326996E-002
  0.18800000000000000        5.6537590164570634E-002
  0.19200000000000000        5.7094206464177351E-002
  0.19600000000000001        5.7611712781821874E-002
  0.20000000000000001        5.8091122637295309E-002
  0.20400000000000001        5.8533264381702171E-002
  0.20800000000000002        5.8939106799415920E-002
  0.21200000000000002        5.9310191551972535E-002
  0.21600000000000000        5.9648984404603027E-002
  0.22000000000000000        5.9958946723323456E-002
  0.22400000000000000        6.0244261009704314E-002
  0.22800000000000001        6.0509322126120424E-002
  0.23200000000000001        6.0758193062043366E-002
  0.23600000000000002        6.0994199209608517E-002
  0.24000000000000002        6.1219730002709777E-002
  0.24400000000000002        6.1436194260338126E-002
  0.24800000000000000        6.1644043203203061E-002
  0.25200000000000000        6.1842833488637998E-002
  0.25600000000000001        6.2031342226798632E-002
  0.26000000000000001        6.2207760982584341E-002
  0.26400000000000001        6.2370025113678111E-002
  0.26800000000000002        6.2516304621429306E-002
  0.27200000000000002        6.2645559249781047E-002
  0.27600000000000002        6.2757967961899572E-002
  0.28000000000000003        6.2855074764776225E-002
  0.28400000000000003        6.2939582826894186E-002
  0.28800000000000003        6.3014826574596589E-002
  0.29200000000000004        6.3084071559285249E-002
  0.29600000000000004        6.3149877048324574E-002
  0.29999999999999999        6.3213705598859624E-002
  0.30399999999999999        6.3275818065057443E-002
  0.30800000000000000        6.3335408819811173E-002
  0.31200000000000000        6.3390962571889961E-002
  0.31600000000000000        6.3440823542824085E-002
  0.32000000000000001        6.3483831653208672E-002
  0.32400000000000001        6.3519722582335181E-002
  0.32800000000000001        6.3549126725997648E-002
  0.33200000000000002        6.3573376626313904E-002
  0.33600000000000002        6.3594387757815091E-002
  0.34000000000000002        6.3614512235277879E-002
  0.34400000000000003        6.3636173443000321E-002
  0.34800000000000003        6.3661466354427779E-002
  0.35200000000000004        6.3692029954283608E-002
  0.35600000000000004        6.3729172185321675E-002
  0.36000000000000004        6.3774018547512704E-002
  0.36399999999999999        6.3827571225995000E-002
  0.36799999999999999        6.3890691402491984E-002
  0.37200000000000000        6.3963973509671368E-002
  0.37600000000000000        6.4047486839869203E-002
  0.38000000000000000        6.4140529330064699E-002
  0.38400000000000001        6.4241580598903100E-002
  0.38800000000000001        6.4348416236314945E-002
  0.39200000000000002        6.4458213691880220E-002
  0.39600000000000002        6.4567627319765231E-002
  0.40000000000000002        6.4672946564020770E-002
  0.40400000000000003        6.4770451259123993E-002
  0.40800000000000003        6.4856999374393154E-002
  0.41200000000000003        6.4930703586376162E-002
  0.41600000000000004        6.4991379402650318E-002
  0.42000000000000004        6.5040507905944914E-002
  0.42400000000000004        6.5080760108508426E-002
  0.42800000000000005        6.5115387479529552E-002
  0.43200000000000000        6.5147762340368204E-002
  0.43600000000000000        6.5181134612017341E-002
  0.44000000000000000        6.5218480282943581E-002
  0.44400000000000001        6.5262295468305365E-002
  0.44800000000000001        6.5314316733036087E-002
  0.45200000000000001        6.5375266500980203E-002
  0.45600000000000002        6.5444729011421884E-002
  0.46000000000000002        6.5521204584837886E-002
  0.46400000000000002        6.5602338334688703E-002
  0.46800000000000003        6.5685285800077056E-002
  0.47200000000000003        6.5767156799594925E-002
  0.47600000000000003        6.5845464392375569E-002
  0.48000000000000004        6.5918479729500337E-002
  0.48400000000000004        6.5985373138519918E-002
  0.48800000000000004        6.6046074436041310E-002
  0.49200000000000005        6.6100919023148075E-002
  0.49600000000000000        6.6150250546437708E-002
  0.50000000000000000        6.6194128569110555E-002
  0.50400000000000000        6.6232177703518288E-002
  0.50800000000000001        6.6263536769519557E-002
  0.51200000000000001        6.6286885622064959E-002
  0.51600000000000001        6.6300573400199236E-002
  0.52000000000000002        6.6302847878878426E-002
  0.52400000000000002        6.6292099497965676E-002
  0.52800000000000002        6.6266981614534010E-002
  0.53200000000000003        6.6226360940962833E-002
  0.53600000000000003        6.6169249696059765E-002
  0.54000000000000004        6.6094904050075440E-002
  0.54400000000000004        6.6003080435988501E-002
  0.54800000000000004        6.5894296256692866E-002
  0.55200000000000005        6.5769944917861978E-002
  0.55600000000000005        6.5632179173497576E-002
  0.56000000000000005        6.5483601298279251E-002
  0.56400000000000006        6.5326968607579472E-002
  0.56800000000000006        6.5165152395775638E-002
  0.57200000000000006        6.5001328663548186E-002
  0.57600000000000007        6.4839030082668586E-002
  0.58000000000000007        6.4681749939519737E-002
  0.58400000000000007        6.4532274298173764E-002
  0.58800000000000008        6.4392159284784770E-002
  0.59200000000000008        6.4261548972438368E-002
  0.59599999999999997        6.4139271986540236E-002
  0.59999999999999998        6.4023109071806514E-002
  0.60399999999999998        6.3910196411762141E-002
  0.60799999999999998        6.3797565127165487E-002
  0.61199999999999999        6.3682752814489027E-002
  0.61599999999999999        6.3564322576566204E-002
  0.62000000000000000        6.3442107600057460E-002
  0.62400000000000000        6.3317098154177673E-002
  0.62800000000000000        6.3191040362804221E-002
  0.63200000000000001        6.3065951571108392E-002
  0.63600000000000001        6.2943796456999671E-002
  0.64000000000000001        6.2826452367992516E-002
  0.64400000000000002        6.2715886221885092E-002
  0.64800000000000002        6.2614317836434466E-002
  0.65200000000000002        6.2524153371566235E-002
  0.65600000000000003        6.2447632635074676E-002
  0.66000000000000003        6.2386319880465418E-002
  0.66400000000000003        6.2340639243688364E-002
  0.66800000000000004        6.2309614729665591E-002
  0.67200000000000004        6.2290896984091404E-002
  0.67600000000000005        6.2281084726931689E-002
  0.68000000000000005        6.2276303088327760E-002
  0.68400000000000005        6.2272970503022676E-002
  0.68800000000000006        6.2268582922905533E-002
  0.69200000000000006        6.2262198188529537E-002
  0.69600000000000006        6.2254353269964424E-002
  0.70000000000000007        6.2246458989738677E-002
  0.70400000000000007        6.2240001755950493E-002
  0.70800000000000007        6.2235916384298380E-002
  0.71200000000000008        6.2234348413878905E-002
  0.71600000000000008        6.2234835492040737E-002
  0.72000000000000008        6.2236740091791629E-002
  0.72400000000000009        6.2239610579946640E-002
  0.72799999999999998        6.2243196200400065E-002
  0.73199999999999998        6.2247145773645679E-002
  0.73599999999999999        6.2250705575133153E-002
  0.73999999999999999        6.2252706895532431E-002
  0.74399999999999999        6.2251887463121595E-002
  0.74800000000000000        6.2247393036443360E-002
  0.75200000000000000        6.2239201261791430E-002
  0.75600000000000001        6.2228210312219499E-002
  0.76000000000000001        6.2215956388269288E-002
  0.76400000000000001        6.2204177116304202E-002
  0.76800000000000002        6.2194445630255904E-002
  0.77200000000000002        6.2187948873221398E-002
  0.77600000000000002        6.2185376399690968E-002
  0.78000000000000003        6.2186876837765359E-002
  0.78400000000000003        6.2192078858667753E-002
  0.78800000000000003        6.2200199011048909E-002
  0.79200000000000004        6.2210239478609583E-002
  0.79600000000000004        6.2221223083492247E-002
  0.80000000000000004        6.2232366173401582E-002
  0.80400000000000005        6.2243108679934385E-002
  0.80800000000000005        6.2252998040741275E-002
  0.81200000000000006        6.2261496413814239E-002
  0.81600000000000006        6.2267809647496009E-002
  0.82000000000000006        6.2270816224899952E-002
  0.82400000000000007        6.2269127008071037E-002
  0.82800000000000007        6.2261270142239707E-002
  0.83200000000000007        6.2245990048234008E-002
  0.83600000000000008        6.2222647548797839E-002
  0.84000000000000008        6.2191625546313599E-002
  0.84400000000000008        6.2154523536808219E-002
  0.84800000000000009        6.2113962621553505E-002
  0.85200000000000009        6.2073053136706503E-002
  0.85600000000000009        6.2034781294182544E-002
  0.85999999999999999        6.2001563673501188E-002
  0.86399999999999999        6.1975030918487946E-002
  0.86799999999999999        6.1955933307738638E-002
  0.87200000000000000        6.1944068063302320E-002
  0.87600000000000000        6.1938261596731596E-002
  0.88000000000000000        6.1936521146715613E-002
  0.88400000000000001        6.1936379618043852E-002
  0.88800000000000001        6.1935277986215238E-002
  0.89200000000000002        6.1930797504315280E-002
  0.89600000000000002        6.1920753199180140E-002
  0.90000000000000002        6.1903346929052513E-002
  0.90400000000000003        6.1877506075040375E-002
  0.90800000000000003        6.1843291907304226E-002
  0.91200000000000003        6.1802105247708371E-002
  0.91600000000000004        6.1756478892431771E-002
  0.92000000000000004        6.1709475674186040E-002
  0.92400000000000004        6.1663936099139428E-002
  0.92800000000000005        6.1621875846908224E-002
  0.93200000000000005        6.1584218354090545E-002
  0.93600000000000005        6.1550874507881936E-002
  0.94000000000000006        6.1521044293777145E-002
  0.94400000000000006        6.1493575839571150E-002
  0.94800000000000006        6.1467276448504304E-002
  0.95200000000000007        6.1441133953352045E-002
  0.95600000000000007        6.1414418723497011E-002
  0.96000000000000008        6.1386659278072742E-002
  0.96400000000000008        6.1357541623414412E-002
  0.96800000000000008        6.1326805218276541E-002
  0.97200000000000009        6.1294189662501310E-002
  0.97600000000000009        6.1259470463567264E-002
  0.98000000000000009        6.1222591310534646E-002
  0.98400000000000010        6.1183834049438474E-002
  0.98800000000000010        6.1143916447140442E-002
  0.99199999999999999        6.1103924885668320E-002
  0.99600000000000000        6.1065074490241837E-002
   1.0000000000000000        6.1028388584677594E-002
   1.0040000000000000        6.0994442289487596E-002
   1.0080000000000000        6.0963304134148306E-002
   1.0120000000000000        6.0934726875850886E-002
   1.0160000000000000        6.0908472872022751E-002
   1.0200000000000000        6.0884524563733097E-002
   1.0240000000000000        6.0863018393842443E-002
   1.0280000000000000        6.0843993539333577E-002
   1.0320000000000000        6.0827206165722222E-002
   1.0360000000000000        6.0812239394955191E-002
   1.0400000000000000        6.0798970214243790E-002
   1.0440000000000000        6.0788124246420952E-002
   1.0480000000000000        6.0781404476773285E-002
   1.0520000000000000        6.0780983852102524E-002
   1.0560000000000000        6.0788786021752472E-002
   1.0600000000000001        6.0806094589508627E-002
   1.0640000000000001        6.0833531787397553E-002
   1.0680000000000001        6.0871072500570611E-002
   1.0720000000000001        6.0917902018780223E-002
   1.0760000000000001        6.0972287066803084E-002
   1.0800000000000001        6.1031768206983833E-002
   1.0840000000000001        6.1093766812768707E-002
   1.0880000000000001        6.1156339711303707E-002
   1.0920000000000001        6.1218636816299736E-002
   1.0960000000000001        6.1280778384255247E-002
   1.1000000000000001        6.1343227019655930E-002
   1.1040000000000001        6.1406013210879851E-002
   1.1080000000000001        6.1468205632472475E-002
   1.1120000000000001        6.1527826302472499E-002
   1.1160000000000001        6.1582171412521237E-002
   1.1200000000000001        6.1628351821299283E-002
   1.1240000000000001        6.1663844030432756E-002
   1.1280000000000001        6.1686931216383460E-002
   1.1320000000000001        6.1697058096972991E-002
   1.1360000000000001        6.1695164558701193E-002
   1.1400000000000001        6.1683916918175735E-002
   1.1440000000000001        6.1667612026783773E-002
   1.1480000000000001        6.1651629580343897E-002
   1.1520000000000001        6.1641556036458163E-002
   1.1560000000000001        6.1642219135683171E-002
   1.1600000000000001        6.1656824706650647E-002
   1.1640000000000001        6.1686338234683176E-002
   1.1680000000000001        6.1729297276094060E-002
   1.1720000000000002        6.1782269042610825E-002
   1.1760000000000002        6.1840922188746469E-002
   1.1800000000000002        6.1901226652117204E-002
   1.1840000000000002        6.1960180653197687E-002
   1.1880000000000002        6.2015889692045682E-002
   1.1919999999999999        6.2067267733973315E-002
   1.1960000000000000        6.2113714617739124E-002
   1.2000000000000000        6.2154965772529741E-002
   1.2040000000000000        6.2191097895293923E-002
   1.2080000000000000        6.2222520928843672E-002
   1.2120000000000000        6.2249794319363470E-002
   1.2160000000000000        6.2273277139752448E-002
   1.2200000000000000        6.2292797640352490E-002
   1.2240000000000000        6.2307547625149701E-002
   1.2280000000000000        6.2316274822612351E-002
   1.2320000000000000        6.2317671662001119E-002
   1.2360000000000000        6.2310768610154860E-002
   1.2400000000000000        6.2295202361205879E-002
   1.2440000000000000        6.2271348410071946E-002
   1.2480000000000000        6.2240331251126796E-002
   1.2520000000000000        6.2203886144475813E-002
   1.2560000000000000        6.2164092286924488E-002
   1.2600000000000000        6.2123109987618282E-002
   1.2640000000000000        6.2083060288801166E-002
   1.2680000000000000        6.2046042383815114E-002
   1.2720000000000000        6.2014161381071908E-002
   1.2760000000000000        6.1989460644474893E-002
   1.2800000000000000        6.1973746893948460E-002
   1.2840000000000000        6.1968352655053099E-002
   1.2880000000000000        6.1973889124275774E-002
   1.2920000000000000        6.1990051439297318E-002
   1.2960000000000000        6.2015567870724500E-002
   1.3000000000000000        6.2048369132816000E-002
   1.3040000000000000        6.2085901869149265E-002
   1.3080000000000001        6.2125351398006963E-002
   1.3120000000000001        6.2163646015650859E-002
   1.3160000000000001        6.2197371196066567E-002
   1.3200000000000001        6.2222785717026698E-002
   1.3240000000000001        6.2236053431961626E-002
   1.3280000000000001        6.2233746725014999E-002
   1.3320000000000001        6.2213544008271560E-002
   1.3360000000000001        6.2174810839740004E-002
   1.3400000000000001        6.2118712984497990E-002
   1.3440000000000001        6.2047808328257528E-002
   1.3480000000000001        6.1965374344418768E-002
   1.3520000000000001        6.1874760464817935E-002
   1.3560000000000001        6.1778926066231650E-002
   1.3600000000000001        6.1680211479380159E-002
   1.3640000000000001        6.1580326283987220E-002
   1.3680000000000001        6.1480513847889183E-002
   1.3720000000000001        6.1381848849301486E-002
   1.3760000000000001        6.1285594831992529E-002
   1.3800000000000001        6.1193480726026935E-002
   1.3840000000000001        6.1107739167475868E-002
   1.3880000000000001        6.1030861307932727E-002
   1.3920000000000001        6.0965197308129340E-002
   1.3960000000000001        6.0912614749098315E-002
   1.4000000000000001        6.0874347122009238E-002
   1.4040000000000001        6.0851003247562666E-002
   1.4080000000000001        6.0842604804536723E-002
   1.4120000000000001        6.0848561508455398E-002
   1.4160000000000001        6.0867652184949418E-002
   1.4200000000000002        6.0898181905725150E-002
   1.4240000000000002        6.0938353049726113E-002
   1.4280000000000002        6.0986610995089723E-002
   1.4320000000000002        6.1041688372889272E-002
   1.4360000000000002        6.1102433924032855E-002
   1.4400000000000002        6.1167787219113028E-002
   1.4440000000000002        6.1237027107213390E-002
   1.4480000000000002        6.1310025756687633E-002
   1.4520000000000002        6.1387222749382443E-002
   1.4560000000000000        6.1469345113504985E-002
   1.4600000000000000        6.1557088222707494E-002
   1.4640000000000000        6.1650900940404214E-002
   1.4680000000000000        6.1750880007161245E-002
   1.4720000000000000        6.1856708747809290E-002
   1.4760000000000000        6.1967586150934180E-002
   1.4800000000000000        6.2082149099481052E-002
   1.4840000000000000        6.2198426320421121E-002
   1.4880000000000000        6.2313841519326667E-002
   1.4920000000000000        6.2425276706768278E-002
   1.4960000000000000        6.2529247818189762E-002
   1.5000000000000000        6.2622223382296990E-002
   1.5040000000000000        6.2700986629535396E-002
   1.5080000000000000        6.2762851844278544E-002
   1.5120000000000000        6.2805657941633508E-002
   1.5160000000000000        6.2827683858941108E-002
   1.5200000000000000        6.2827717371406369E-002
   1.5240000000000000        6.2805364193198071E-002
   1.5280000000000000        6.2761394243432828E-002
   1.5320000000000000        6.2697762479794847E-002
   1.5360000000000000        6.2617193941001126E-002
   1.5400000000000000        6.2522628225118657E-002
   1.5440000000000000        6.2416850094575788E-002
   1.5480000000000000        6.2302338255936583E-002
   1.5520000000000000        6.2181178526725223E-002
   1.5560000000000000        6.2054963014645852E-002
   1.5600000000000001        6.1924744255043594E-002
   1.5640000000000001        6.1791122289748757E-002
   1.5680000000000001        6.1654413856497892E-002
   1.5720000000000001        6.1514759975417152E-002
   1.5760000000000001        6.1372109888612199E-002
   1.5800000000000001        6.1226170723571983E-002
   1.5840000000000001        6.1076434777827933E-002
   1.5880000000000001        6.0922331769178856E-002
   1.5920000000000001        6.0763479087393449E-002
   1.5960000000000001        6.0599886343429471E-002
   1.6000000000000001        6.0431941364250862E-002
   1.6040000000000001        6.0260175832107174E-002
   1.6080000000000001        6.0085003856414326E-002
   1.6120000000000001        5.9906658447519114E-002
   1.6160000000000001        5.9725437417884872E-002
   1.6200000000000001        5.9542161610333495E-002
   1.6240000000000001        5.9358528307381725E-002
   1.6280000000000001        5.9177058313707238E-002
   1.6320000000000001        5.9000660436776105E-002
   1.6360000000000001        5.8832110641726221E-002
   1.6400000000000001        5.8673702240370863E-002
   1.6440000000000001        5.8527124170576178E-002
   1.6480000000000001        5.8393478289971129E-002
   1.6520000000000001        5.8273315100614051E-002
   1.6560000000000001        5.8166631877390872E-002
   1.6600000000000001        5.8072867874341690E-002
   1.6640000000000001        5.7990957006301580E-002
   1.6680000000000001        5.7919442154092782E-002
   1.6720000000000002        5.7856596491733608E-002
   1.6760000000000002        5.7800508933448284E-002
   1.6800000000000002        5.7749141767687431E-002
   1.6840000000000002        5.7700397573782335E-002
   1.6880000000000002        5.7652249483716000E-002
   1.6920000000000002        5.7602984416687431E-002
   1.6960000000000002        5.7551517107658191E-002
   1.7000000000000002        5.7497624328917418E-002
   1.7040000000000002        5.7441997324912820E-002
   1.7080000000000002        5.7386118699822887E-002
   1.7120000000000002        5.7331966267978422E-002
   1.7160000000000002        5.7281587048242183E-002
   1.7200000000000000        5.7236709721053824E-002
   1.7240000000000000        5.7198533882715126E-002
   1.7280000000000000        5.7167657128730689E-002
   1.7320000000000000        5.7144022320214170E-002
   1.7360000000000000        5.7126851780717400E-002
   1.7400000000000000        5.7114644927309534E-002
   1.7440000000000000        5.7105334350959894E-002
   1.7480000000000000        5.7096626851831457E-002
   1.7520000000000000        5.7086465485115138E-002
   1.7560000000000000        5.7073481283060890E-002
   1.7600000000000000        5.7057279823878287E-002
   1.7640000000000000        5.7038458546796622E-002
   1.7680000000000000        5.7018373352811139E-002
   1.7720000000000000        5.6998785498890037E-002
   1.7760000000000000        5.6981523855379274E-002
   1.7800000000000000        5.6968218492390671E-002
   1.7840000000000000        5.6960119913095096E-002
   1.7880000000000000        5.6958046271388570E-002
   1.7920000000000000        5.6962506752058259E-002
   1.7960000000000000        5.6973950573705939E-002
   1.8000000000000000        5.6992941756861031E-002
   1.8040000000000000        5.7020063179372693E-002
   1.8080000000000001        5.7055582604641497E-002
   1.8120000000000001        5.7099084576063587E-002
   1.8160000000000001        5.7149219169400023E-002
   1.8200000000000001        5.7203651619678095E-002
   1.8240000000000001        5.7259347615226233E-002
   1.8280000000000001        5.7313315001664970E-002
   1.8320000000000001        5.7363623780236642E-002
   1.8360000000000001        5.7410146294254220E-002
   1.8400000000000001        5.7454559279278873E-002
   1.8440000000000001        5.7499705585089350E-002
   1.8480000000000001        5.7548751783559018E-002
   1.8520000000000001        5.7604486549357785E-002
   1.8560000000000001        5.7668890134521693E-002
   1.8600000000000001        5.7742936908493726E-002
   1.8640000000000001        5.7826504913401480E-002
   1.8680000000000001        5.7918295684263113E-002
   1.8720000000000001        5.8015775411299590E-002
   1.8760000000000001        5.8115235824178019E-002
   1.8800000000000001        5.8212088322240577E-002
   1.8840000000000001        5.8301440254953499E-002
   1.8880000000000001        5.8378858196116400E-002
   1.8920000000000001        5.8441062642182649E-002
   1.8960000000000001        5.8486242413019890E-002
   1.9000000000000001        5.8513850777057959E-002
   1.9040000000000001        5.8524142422066168E-002
   1.9080000000000001        5.8517886516575947E-002
   1.9120000000000001        5.8496325733157023E-002
   1.9160000000000001        5.8461098052395417E-002
   1.9200000000000002        5.8413987138295029E-002
   1.9240000000000002        5.8356644467243930E-002
   1.9280000000000002        5.8290434776809723E-002
   1.9320000000000002        5.8216441849261016E-002
   1.9360000000000002        5.8135625123803471E-002
   1.9400000000000002        5.8049084865475567E-002
   1.9440000000000002        5.7958323471204040E-002
   1.9480000000000002        5.7865368678170055E-002
   1.9520000000000002        5.7772703267383957E-002
   1.9560000000000002        5.7683026717689295E-002
   1.9600000000000002        5.7598895282692457E-002
   1.9640000000000002        5.7522347874564499E-002
   1.9680000000000002        5.7454689105343223E-002
   1.9720000000000002        5.7396501668615887E-002
   1.9760000000000002        5.7347794349147961E-002
   1.9800000000000002        5.7308138237359814E-002
   1.9840000000000000        5.7276704506458727E-002
   1.9880000000000000        5.7252219205559077E-002
   1.9920000000000000        5.7232905278311694E-002
   1.9960000000000000        5.7216479621690838E-002
   2.0000000000000000        5.7200258681791828E-002
   2.0040000000000000        5.7181381488484201E-002
   2.0080000000000000        5.7157097007783431E-002
   2.0120000000000000        5.7125039333584642E-002
   2.0160000000000000        5.7083427878572374E-002
   2.0200000000000000        5.7031166098736499E-002
   2.0240000000000000        5.6967872055782624E-002
   2.0280000000000000        5.6893900658737624E-002
   2.0320000000000000        5.6810363109929034E-002
   2.0360000000000000        5.6719079262300215E-002
   2.0400000000000000        5.6622415934358211E-002
   2.0440000000000000        5.6523055630324934E-002
   2.0480000000000000        5.6423794748365778E-002
   2.0520000000000000        5.6327433891027338E-002
   2.0560000000000000        5.6236718981798661E-002
   2.0600000000000001        5.6154203744001270E-002
   2.0640000000000001        5.6081970552562727E-002
   2.0680000000000001        5.6021358238638908E-002
   2.0720000000000001        5.5972930005569209E-002
   2.0760000000000001        5.5936695755865011E-002
   2.0800000000000001        5.5912309953307780E-002
   2.0840000000000001        5.5899004395757242E-002
   2.0880000000000001        5.5895382583388359E-002
   2.0920000000000001        5.5899403191278924E-002
   2.0960000000000001        5.5908683356883822E-002
   2.1000000000000001        5.5920959802046429E-002
   2.1040000000000001        5.5934442997287163E-002
   2.1080000000000001        5.5947901249325534E-002
   2.1120000000000001        5.5960509662496688E-002
   2.1160000000000001        5.5971639026586556E-002
   2.1200000000000001        5.5980740728431178E-002
   2.1240000000000001        5.5987381654733964E-002
   2.1280000000000001        5.5991396960425870E-002
   2.1320000000000001        5.5993047964118629E-002
   2.1360000000000001        5.5993030649716342E-002
   2.1400000000000001        5.5992265346462129E-002
   2.1440000000000001        5.5991559538239026E-002
   2.1480000000000001        5.5991322853596738E-002
   2.1520000000000001        5.5991454473226739E-002
   2.1560000000000001        5.5991381103019142E-002
   2.1600000000000001        5.5990153000448260E-002
   2.1640000000000001        5.5986586677844709E-002
   2.1680000000000001        5.5979522897039620E-002
   2.1720000000000002        5.5968177357912811E-002
   2.1760000000000002        5.5952412341986363E-002
   2.1800000000000002        5.5932768105591807E-002
   2.1840000000000002        5.5910263813166966E-002
   2.1880000000000002        5.5886131116586496E-002
   2.1920000000000002        5.5861643620668082E-002
   2.1960000000000002        5.5838073027408230E-002
   2.2000000000000002        5.5816683868474645E-002
   2.2040000000000002        5.5798705713287211E-002
   2.2080000000000002        5.5785355825926836E-002
   2.2120000000000002        5.5778005195316713E-002
   2.2160000000000002        5.5778342598912414E-002
   2.2200000000000002        5.5788228368251432E-002
   2.2240000000000002        5.5809241908542077E-002
   2.2280000000000002        5.5842285173120752E-002
   2.2320000000000002        5.5887504407766714E-002
   2.2360000000000002        5.5944490183725749E-002
   2.2400000000000002        5.6012522960366747E-002
   2.2440000000000002        5.6090624606885069E-002
   2.2480000000000002        5.6177366691824118E-002
   2.2520000000000002        5.6270607065987556E-002
   2.2560000000000002        5.6367373479677449E-002
   2.2600000000000002        5.6464009634611276E-002
   2.2640000000000002        5.6556582092881780E-002
   2.2680000000000002        5.6641454250850799E-002
   2.2720000000000002        5.6715857518054677E-002
   2.2760000000000002        5.6778273023271514E-002
   2.2800000000000002        5.6828538897465170E-002
   2.2840000000000003        5.6867760346134992E-002
   2.2880000000000003        5.6898137541017843E-002
   2.2920000000000003        5.6922692390525706E-002
   2.2960000000000003        5.6944799950192942E-002
   2.3000000000000003        5.6967585006235132E-002
   2.3040000000000003        5.6993430460769559E-002
   2.3080000000000003        5.7023803538939558E-002
   2.3120000000000003        5.7059403478094739E-002
   2.3160000000000003        5.7100512927413437E-002
   2.3200000000000003        5.7147431144893721E-002
   2.3240000000000003        5.7200843725022973E-002
   2.3280000000000003        5.7261968284227992E-002
   2.3320000000000003        5.7332423538111972E-002
   2.3360000000000003        5.7413916571877541E-002
   2.3400000000000003        5.7507859181393686E-002
   2.3440000000000003        5.7614955946937059E-002
   2.3480000000000003        5.7734826950612994E-002
   2.3520000000000003        5.7865812873307887E-002
   2.3560000000000003        5.8005103047590947E-002
   2.3600000000000003        5.8149197583915874E-002
   2.3640000000000003        5.8294551834093544E-002
   2.3680000000000003        5.8438153906192274E-002
   2.3720000000000003        5.8577832816703750E-002
   2.3760000000000003        5.8712254905806199E-002
   2.3799999999999999        5.8840706471958493E-002
   2.3839999999999999        5.8962815473991542E-002
   2.3879999999999999        5.9078350868825860E-002
   2.3919999999999999        5.9187168547381548E-002
   2.3959999999999999        5.9289276414566230E-002
   2.3999999999999999        5.9384925172260315E-002
   2.4039999999999999        5.9474636283256894E-002
   2.4079999999999999        5.9559139875378045E-002
   2.4119999999999999        5.9639248786775165E-002
   2.4159999999999999        5.9715695275875634E-002
   2.4199999999999999        5.9788940125163975E-002
   2.4239999999999999        5.9858995430604252E-002
   2.4279999999999999        5.9925383188151209E-002
   2.4319999999999999        5.9987384354996828E-002
   2.4359999999999999        6.0044586439187787E-002
   2.4399999999999999        6.0097441216847347E-002
   2.4440000000000000        6.0147419487592536E-002
   2.4480000000000000        6.0196638038598066E-002
   2.4520000000000000        6.0247235910169741E-002
   2.4560000000000000        6.0300870675209367E-002
   2.4600000000000000        6.0358539728126985E-002
   2.4640000000000000        6.0420748378433350E-002
   2.4680000000000000        6.0487891753275444E-002
   2.4720000000000000        6.0560600252197165E-002
   2.4760000000000000        6.0639835504943729E-002
   2.4800000000000000        6.0726724947798190E-002
   2.4840000000000000        6.0822291408352443E-002
   2.4880000000000000        6.0927229932040743E-002
   2.4920000000000000        6.1041781836224912E-002
   2.4960000000000000        6.1165681805376189E-002
   2.5000000000000000        6.1298147628344540E-002
   2.5040000000000000        6.1437906755033189E-002
   2.5080000000000000        6.1583278442377043E-002
   2.5120000000000000        6.1732377120787642E-002
   2.5160000000000000        6.1883494162498963E-002
   2.5200000000000000        6.2035515975862467E-002
   2.5240000000000000        6.2188070992876439E-002
   2.5280000000000000        6.2341300766137558E-002
   2.5320000000000000        6.2495472400955314E-002
   2.5360000000000000        6.2650692937951613E-002
   2.5400000000000000        6.2806804764264049E-002
   2.5440000000000000        6.2963377189022091E-002
   2.5480000000000000        6.3119697783439871E-002
   2.5520000000000000        6.3274775636182723E-002
   2.5560000000000000        6.3427443345112078E-002
   2.5600000000000001        6.3576580606307734E-002
   2.5640000000000001        6.3721353318036633E-002
   2.5680000000000001        6.3861315123481574E-002
   2.5720000000000001        6.3996291762215635E-002
   2.5760000000000001        6.4126089727898669E-002
   2.5800000000000001        6.4250162520505208E-002
   2.5840000000000001        6.4367382525864755E-002
   2.5880000000000001        6.4475998832264000E-002
   2.5920000000000001        6.4573770875890210E-002
   2.5960000000000001        6.4658218974655651E-002
   2.6000000000000001        6.4726936789309089E-002
   2.6040000000000001        6.4777941024104363E-002
   2.6080000000000001        6.4810033181812735E-002
   2.6120000000000001        6.4823084481018020E-002
   2.6160000000000001        6.4818108557019430E-002
   2.6200000000000001        6.4797046409067485E-002
   2.6240000000000001        6.4762324248288455E-002
   2.6280000000000001        6.4716359225308190E-002
   2.6320000000000001        6.4661205954161041E-002
   2.6360000000000001        6.4598455334472130E-002
   2.6400000000000001        6.4529392647727224E-002
   2.6440000000000001        6.4455338741536944E-002
   2.6480000000000001        6.4377994989981202E-002
   2.6520000000000001        6.4299539454400881E-002
   2.6560000000000001        6.4222340412228032E-002
   2.6600000000000001        6.4148423892435677E-002
   2.6640000000000001        6.4078963688928153E-002
   2.6680000000000001        6.4013954290962335E-002
   2.6720000000000002        6.3952090412123408E-002
   2.6760000000000002        6.3890852035314138E-002
   2.6800000000000002        6.3826823115710515E-002
   2.6840000000000002        6.3756260788846719E-002
   2.6880000000000002        6.3675829257734393E-002
   2.6920000000000002        6.3583277565989083E-002
   2.6960000000000002        6.3477833141218729E-002
   2.7000000000000002        6.3360213769709003E-002
   2.7040000000000002        6.3232287427366210E-002
   2.7080000000000002        6.3096519377961222E-002
   2.7120000000000002        6.2955464731908578E-002
   2.7160000000000002        6.2811554731548425E-002
   2.7200000000000002        6.2667211690952462E-002
   2.7240000000000002        6.2525071047314931E-002
   2.7280000000000002        6.2388012943312948E-002
   2.7320000000000002        6.2258871194439264E-002
   2.7360000000000002        6.2139937676629897E-002
   2.7400000000000002        6.2032510138111278E-002
   2.7440000000000002        6.1936681360948868E-002
   2.7480000000000002        6.1851427245044686E-002
   2.7520000000000002        6.1774937471787486E-002
   2.7560000000000002        6.1705075696326876E-002
   2.7600000000000002        6.1639817415818587E-002
   2.7640000000000002        6.1577501243376798E-002
   2.7680000000000002        6.1516825882444816E-002
   2.7720000000000002        6.1456718840854581E-002
   2.7760000000000002        6.1396309704224598E-002
   2.7800000000000002        6.1335096516942439E-002
   2.7840000000000003        6.1273085478629905E-002
   2.7880000000000003        6.1210581173313953E-002
   2.7920000000000003        6.1147655798950408E-002
   2.7960000000000003        6.1083705551990622E-002
   2.8000000000000003        6.1017358724755361E-002
   2.8040000000000003        6.0946616241198008E-002
   2.8080000000000003        6.0869030741005407E-002
   2.8120000000000003        6.0781897964710348E-002
   2.8160000000000003        6.0682522903094664E-002
   2.8200000000000003        6.0568577059439431E-002
   2.8240000000000003        6.0438473253522286E-002
   2.8280000000000003        6.0291622451873569E-002
   2.8320000000000003        6.0128469433350117E-002
   2.8360000000000003        5.9950329285462858E-002
   2.8400000000000003        5.9759151437355974E-002
   2.8440000000000003        5.9557325287076038E-002
   2.8480000000000003        5.9347543177091740E-002
   2.8520000000000003        5.9132658158293480E-002
   2.8560000000000003        5.8915484399343659E-002
   2.8600000000000003        5.8698568454292534E-002
   2.8640000000000003        5.8484033133164311E-002
   2.8680000000000003        5.8273594457679066E-002
   2.8720000000000003        5.8068760638708423E-002
   2.8760000000000003        5.7871096838300363E-002
   2.8800000000000003        5.7682383323110271E-002
   2.8840000000000003        5.7504558905899263E-002
   2.8880000000000003        5.7339476828943345E-002
   2.8920000000000003        5.7188612996645245E-002
   2.8960000000000004        5.7052882737109338E-002
   2.9000000000000004        5.6932631462916557E-002
   2.9040000000000004        5.6827737889598127E-002
   2.9079999999999999        5.6737705447355596E-002
   2.9119999999999999        5.6661659873283678E-002
   2.9159999999999999        5.6598277142173199E-002
   2.9199999999999999        5.6545736857245225E-002
   2.9239999999999999        5.6501771666182359E-002
   2.9279999999999999        5.6463814492952562E-002
   2.9319999999999999        5.6429215327582993E-002
   2.9359999999999999        5.6395499758015243E-002
   2.9399999999999999        5.6360607862176948E-002
   2.9440000000000000        5.6323000916491082E-002
   2.9480000000000000        5.6281565665308765E-002
   2.9520000000000000        5.6235411318984692E-002
   2.9560000000000000        5.6183775787010982E-002
   2.9600000000000000        5.6126178419285473E-002
   2.9640000000000000        5.6062754116611185E-002
   2.9680000000000000        5.5994561781905809E-002
   2.9720000000000000        5.5923642155619104E-002
   2.9760000000000000        5.5852682178187556E-002
   2.9800000000000000        5.5784326544240953E-002
   2.9840000000000000        5.5720415823382399E-002
   2.9880000000000000        5.5661559730275215E-002
   2.9920000000000000        5.5607326171925910E-002
   2.9960000000000000        5.5556972026401946E-002
   3.0000000000000000        5.5510283812052919E-002
   3.0040000000000000        5.5468049643364471E-002
   3.0080000000000000        5.5431999101022152E-002
   3.0120000000000000        5.5404342116533604E-002
   3.0160000000000000        5.5387125775096135E-002
   3.0200000000000000        5.5381708348355332E-002
   3.0240000000000000        5.5388604788430086E-002
   3.0280000000000000        5.5407628455197998E-002
   3.0320000000000000        5.5438015105222428E-002
   3.0360000000000000        5.5478408273200289E-002
   3.0400000000000000        5.5526906223860549E-002
   3.0440000000000000        5.5581371249871968E-002
   3.0480000000000000        5.5639937631552838E-002
   3.0520000000000000        5.5701398961718891E-002
   3.0560000000000000        5.5765162959276346E-002
   3.0600000000000001        5.5830819384783896E-002
   3.0640000000000001        5.5897704492787262E-002
   3.0680000000000001        5.5964783846647832E-002
   3.0720000000000001        5.6030868274701995E-002
   3.0760000000000001        5.6094975403173354E-002
   3.0800000000000001        5.6156652965669969E-002
   3.0840000000000001        5.6216168718837833E-002
   3.0880000000000001        5.6274518917660686E-002
   3.0920000000000001        5.6333237365471869E-002
   3.0960000000000001        5.6394066827534221E-002
   3.1000000000000001        5.6458634110554767E-002
   3.1040000000000001        5.6528283174844624E-002
   3.1080000000000001        5.6604141910639241E-002
   3.1120000000000001        5.6687324220916636E-002
   3.1160000000000001        5.6779025102599849E-002
   3.1200000000000001        5.6880335198177159E-002
   3.1240000000000001        5.6991867985739957E-002
   3.1280000000000001        5.7113491313398615E-002
   3.1320000000000001        5.7244363293000138E-002
   3.1360000000000001        5.7383212391378051E-002
   3.1400000000000001        5.7528641969055022E-002
   3.1440000000000001        5.7679253752394376E-002
   3.1480000000000001        5.7833564317279908E-002
   3.1520000000000001        5.7989844281181709E-002
   3.1560000000000001        5.8145938996342954E-002
   3.1600000000000001        5.8299025876836365E-002
   3.1640000000000001        5.8445330766157259E-002
   3.1680000000000001        5.8579982070872824E-002
   3.1720000000000002        5.8697259518277860E-002
   3.1760000000000002        5.8791365680727646E-002
   3.1800000000000002        5.8857534182763349E-002
   3.1840000000000002        5.8893027281489950E-002
   3.1880000000000002        5.8897618975122627E-002
   3.1920000000000002        5.8873486635470866E-002
   3.1960000000000002        5.8824740027982617E-002
   3.2000000000000002        5.8756852397741116E-002
   3.2040000000000002        5.8676086549055748E-002
   3.2080000000000002        5.8588867922696998E-002
   3.2120000000000002        5.8501087117846268E-002
   3.2160000000000002        5.8417449239038438E-002
   3.2200000000000002        5.8341056324426786E-002
   3.2240000000000002        5.8273335279985822E-002
   3.2280000000000002        5.8214280987282575E-002
   3.2320000000000002        5.8162891035876810E-002
   3.2360000000000002        5.8117663347393711E-002
   3.2400000000000002        5.8077056503238883E-002
   3.2440000000000002        5.8039815560236227E-002
   3.2480000000000002        5.8005097271949420E-002
   3.2520000000000002        5.7972500928279914E-002
   3.2560000000000002        5.7942218174248029E-002
   3.2600000000000002        5.7915224893358645E-002
   3.2640000000000002        5.7893118283347846E-002
   3.2680000000000002        5.7877498808201158E-002
   3.2720000000000002        5.7869334887088897E-002
   3.2760000000000002        5.7868744307123993E-002
   3.2800000000000002        5.7875229919561372E-002
   3.2840000000000003        5.7888095306701436E-002
   3.2880000000000003        5.7906668364520929E-002
   3.2920000000000003        5.7930167233250340E-002
   3.2960000000000003        5.7957428628983183E-002
   3.3000000000000003        5.7986809773516168E-002
   3.3040000000000003        5.8016310278035284E-002
   3.3080000000000003        5.8043762836970852E-002
   3.3120000000000003        5.8066990997353823E-002
   3.3160000000000003        5.8083972308373956E-002
   3.3200000000000003        5.8093088369965171E-002
   3.3240000000000003        5.8093430825844179E-002
   3.3280000000000003        5.8084999581268629E-002
   3.3320000000000003        5.8068656327393282E-002
   3.3360000000000003        5.8045853352969023E-002
   3.3400000000000003        5.8018263151338803E-002
   3.3440000000000003        5.7987427790626059E-002
   3.3480000000000003        5.7954530175042908E-002
   3.3520000000000003        5.7920396611685139E-002
   3.3560000000000003        5.7885759403441532E-002
   3.3600000000000003        5.7851623049102102E-002
   3.3640000000000003        5.7819508989654989E-002
   3.3680000000000003        5.7791501002208617E-002
   3.3720000000000003        5.7770123901546823E-002
   3.3760000000000003        5.7758046840486924E-002
   3.3800000000000003        5.7757608035018268E-002
   3.3840000000000003        5.7770260458323903E-002
   3.3880000000000003        5.7796093145649777E-002
   3.3920000000000003        5.7833564727285493E-002
   3.3960000000000004        5.7879580240317266E-002
   3.4000000000000004        5.7930004025122390E-002
   3.4040000000000004        5.7980509574150900E-002
   3.4080000000000004        5.8027453186147687E-002
   3.4120000000000004        5.8068478117446899E-002
   3.4160000000000004        5.8102748596542665E-002
   3.4200000000000004        5.8130811957836884E-002
   3.4240000000000004        5.8154114535517713E-002
   3.4280000000000004        5.8174343080333833E-002
   3.4320000000000004        5.8192903566395254E-002
   3.4359999999999999        5.8210734832923966E-002
   3.4399999999999999        5.8228389158809436E-002
   3.4440000000000000        5.8246186225103809E-002
   3.4480000000000000        5.8264327376956540E-002
   3.4520000000000000        5.8282982070409155E-002
   3.4560000000000000        5.8302401163218290E-002
   3.4600000000000000        5.8323070428093080E-002
   3.4640000000000000        5.8345828955208977E-002
   3.4680000000000000        5.8371837399917109E-002
   3.4720000000000000        5.8402400888194587E-002
   3.4760000000000000        5.8438794150767255E-002
   3.4800000000000000        5.8482173412952462E-002
   3.4840000000000000        5.8533521213985730E-002
   3.4880000000000000        5.8593590701340806E-002
   3.4920000000000000        5.8662905774124668E-002
   3.4960000000000000        5.8741856038038345E-002
   3.5000000000000000        5.8830817169514694E-002
   3.5040000000000000        5.8930156235414144E-002
   3.5080000000000000        5.9040030637870410E-002
   3.5120000000000000        5.9160023382012220E-002
   3.5160000000000000        5.9288792813022378E-002
   3.5200000000000000        5.9423970693219502E-002
   3.5240000000000000        5.9562433215837748E-002
   3.5280000000000000        5.9700822022523019E-002
   3.5320000000000000        5.9836045118246292E-002
   3.5360000000000000        5.9965616450007565E-002
   3.5400000000000000        6.0087863222655399E-002
   3.5440000000000000        6.0201979319229215E-002
   3.5480000000000000        6.0307826295182401E-002
   3.5520000000000000        6.0405506698927802E-002
   3.5560000000000000        6.0494892603091724E-002
   3.5600000000000001        6.0575311422076776E-002
   3.5640000000000001        6.0645524958401573E-002
   3.5680000000000001        6.0704034635765937E-002
   3.5720000000000001        6.0749579442440534E-002
   3.5760000000000001        6.0781541841496277E-002
   3.5800000000000001        6.0800027902082554E-002
   3.5840000000000001        6.0805643475439659E-002
   3.5880000000000001        6.0799172397564064E-002
   3.5920000000000001        6.0781336967727903E-002
   3.5960000000000001        6.0752722146463399E-002
   3.6000000000000001        6.0713815481295681E-002
   3.6040000000000001        6.0664964363038226E-002
   3.6080000000000001        6.0606130838546116E-002
   3.6120000000000001        6.0536630411541732E-002
   3.6160000000000001        6.0455158292277315E-002
   3.6200000000000001        6.0360196295259523E-002
   3.6240000000000001        6.0250624241547465E-002
   3.6280000000000001        6.0126246212665428E-002
   3.6320000000000001        5.9987998513770069E-002
   3.6360000000000001        5.9837777321263240E-002
   3.6400000000000001        5.9678031896852314E-002
   3.6440000000000001        5.9511378289578677E-002
   3.6480000000000001        5.9340401577524751E-002
   3.6520000000000001        5.9167638004618349E-002
   3.6560000000000001        5.8995633310316480E-002
   3.6600000000000001        5.8826962530460630E-002
   3.6640000000000001        5.8664120852895747E-002
   3.6680000000000001        5.8509261670602886E-002
   3.6720000000000002        5.8363843138836233E-002
   3.6760000000000002        5.8228315972089169E-002
   3.6800000000000002        5.8102006626338604E-002
   3.6840000000000002        5.7983261723712765E-002
   3.6880000000000002        5.7869777603513924E-002
   3.6920000000000002        5.7758991837101356E-002
   3.6960000000000002        5.7648469591411233E-002
   3.7000000000000002        5.7536249353303370E-002
   3.7040000000000002        5.7421097760687309E-002
   3.7080000000000002        5.7302638741460833E-002
   3.7120000000000002        5.7181356643663327E-002
   3.7160000000000002        5.7058464686877350E-002
   3.7200000000000002        5.6935624671708845E-002
   3.7240000000000002        5.6814590021207825E-002
   3.7280000000000002        5.6696934410850858E-002
   3.7320000000000002        5.6583965339266740E-002
   3.7360000000000002        5.6476753261317840E-002
   3.7400000000000002        5.6376129697436404E-002
   3.7440000000000002        5.6282591614708839E-002
   3.7480000000000002        5.6196183774780424E-002
   3.7520000000000002        5.6116482581931665E-002
   3.7560000000000002        5.6042739247722934E-002
   3.7600000000000002        5.5974133430060524E-002
   3.7640000000000002        5.5910035785400686E-002
   3.7680000000000002        5.5850183798460497E-002
   3.7720000000000002        5.5794702029557317E-002
   3.7760000000000002        5.5743953873130664E-002
   3.7800000000000002        5.5698290959053501E-002
   3.7840000000000003        5.5657797438871351E-002
   3.7880000000000003        5.5622086045070997E-002
   3.7920000000000003        5.5590158332157552E-002
   3.7960000000000003        5.5560343288444794E-002
   3.8000000000000003        5.5530343328496067E-002
   3.8040000000000003        5.5497395457950439E-002
   3.8080000000000003        5.5458521618503467E-002
   3.8120000000000003        5.5410838559745094E-002
   3.8160000000000003        5.5351894605999305E-002
   3.8200000000000003        5.5279966136962524E-002
   3.8240000000000003        5.5194243315002743E-002
   3.8280000000000003        5.5094914526997045E-002
   3.8320000000000003        5.4983227215193435E-002
   3.8360000000000003        5.4861546586383675E-002
   3.8400000000000003        5.4733320479133735E-002
   3.8440000000000003        5.4602842867544146E-002
   3.8480000000000003        5.4474806581619732E-002
   3.8520000000000003        5.4353732486260277E-002
   3.8560000000000003        5.4243405359102534E-002
   3.8600000000000003        5.4146471269034921E-002
   3.8640000000000003        5.4064339957471591E-002
   3.8680000000000003        5.3997431611964540E-002
   3.8720000000000003        5.3945626978989740E-002
   3.8760000000000003        5.3908637754937566E-002
   3.8800000000000003        5.3886056167182610E-002
   3.8840000000000003        5.3877086107572233E-002
   3.8880000000000003        5.3880205873620121E-002
   3.8920000000000003        5.3893052950281101E-002
   3.8960000000000004        5.3912661483860140E-002
   3.9000000000000004        5.3935977433899843E-002
