    0.004671    0.000000
    0.009342    0.000000
    0.014013    0.000000
    0.018684    0.000000
    0.023355    0.000000
    0.028026    0.000000
    0.032697    0.000000
    0.037368    0.000000
    0.042039    0.000000
    0.046710    0.000000
    0.051381    0.000000
    0.056052    0.000000
    0.060723    0.000000
    0.065394    0.000000
    0.070065    0.000000
    0.074736    0.000000
    0.079407    0.000000
    0.084078    0.000000
    0.088749    0.000000
    0.093420    0.000000
    0.098091    0.000000
    0.102762    0.000000
    0.107433    0.000000
    0.112104    0.000000
    0.116775    0.000000
    0.121446    0.000000
    0.126117    0.000000
    0.130788    0.000000
    0.135459    0.000000
    0.140130    0.000000
    0.144801    0.000000
    0.149472    0.000000
    0.154143    0.000000
    0.158814    0.000000
    0.163485    0.000000
    0.168156    0.000000
    0.172827    0.000000
    0.177498    0.000000
    0.182169    0.000000
    0.186840    0.000000
    0.191511    0.000000
    0.196182    0.000000
    0.200853    0.000000
    0.205524    0.000000
    0.210195    0.000000
    0.214866    0.000000
    0.219537    0.000000
    0.224208    0.000000
    0.228879    0.000000
    0.233550    0.000000
    0.238221    0.000000
    0.242892    0.000000
    0.247563    0.000000
    0.252234    0.000000
    0.256905    0.000000
    0.261576    0.000000
    0.266247    0.000000
    0.270918    0.000000
    0.275589    0.000000
    0.280260    0.000000
    0.284931    0.000000
    0.289602    0.000000
    0.294273    0.000000
    0.298944    0.000000
    0.303615    0.000000
    0.308286    0.000000
    0.312957    0.000000
    0.317628    0.000000
    0.322299    0.000000
    0.326970    0.000000
    0.331641    0.000000
    0.336312    0.000000
    0.340983    0.000000
    0.345654    0.000000
    0.350325    0.000000
    0.354996    0.000000
    0.359667    0.000000
    0.364338    0.000000
    0.369009    0.000000
    0.373680    0.000000
    0.378351    0.000000
    0.383022    0.000000
    0.387693    0.000000
    0.392364    0.000000
    0.397035    0.000000
    0.401706    0.000000
    0.406377    0.000000
    0.411048    0.000000
    0.415719    0.000000
    0.420390    0.000000
    0.425061    0.000000
    0.429732    0.000000
    0.434403    0.000000
    0.439074    0.000000
    0.443745    0.000000
    0.448416    0.000000
    0.453087    0.000000
    0.457758    0.000000
    0.462429    0.000000
    0.467100    0.000000
    0.471771    0.000000
    0.476442    0.000000
    0.481113    0.000000
    0.485784    0.000000
    0.490455    0.000000
    0.495126    0.000000
    0.499797    0.000000
    0.504468    0.000000
    0.509139    0.000000
    0.513810    0.000000
    0.518481    0.000000
    0.523152    0.000000
    0.527823    0.000000
    0.532494    0.000000
    0.537165    0.000000
    0.541836    0.000000
    0.546507    0.000000
    0.551178    0.000000
    0.555849    0.000000
    0.560520    0.000000
    0.565191    0.000000
    0.569862    0.000000
    0.574533    0.000000
    0.579204    0.000000
    0.583875    0.000000
    0.588546    0.000000
    0.593217    0.000000
    0.597888    0.000000
    0.602559    0.000000
    0.607230    0.000000
    0.611901    0.000000
    0.616572    0.000000
    0.621243    0.000000
    0.625914    0.000000
    0.630585    0.000000
    0.635256    0.000000
    0.639927    0.000000
    0.644598    0.000000
    0.649269    0.000000
    0.653940    0.000000
    0.658611    0.000000
    0.663282    0.000000
    0.667953    0.000000
    0.672624    0.000000
    0.677295    0.000000
    0.681966    0.000000
    0.686637    0.000000
    0.691308    0.000000
    0.695979    0.000000
    0.700650    0.000000
    0.705321    0.000000
    0.709992    0.000000
    0.714663    0.000000
    0.719334    0.000000
    0.724005    0.000000
    0.728676    0.000000
    0.733347    0.000000
    0.738018    0.000000
    0.742689    0.000000
    0.747360    0.000000
    0.752031    0.000000
    0.756702    0.000000
    0.761373    0.000000
    0.766044    0.000000
    0.770715    0.000000
    0.775386    0.000000
    0.780057    0.000000
    0.784728    0.000000
    0.789399    0.000000
    0.794070    0.000000
    0.798741    0.000000
    0.803412    0.000000
    0.808083    0.000000
    0.812754    0.000000
    0.817425    0.000000
    0.822096    0.000000
    0.826767    0.000000
    0.831438    0.000000
    0.836109    0.000000
    0.840780    0.000000
    0.845451    0.000000
    0.850122    0.000000
    0.854793    0.000006
    0.859464    0.000058
    0.864135    0.000147
    0.868806    0.000295
    0.873477    0.000543
    0.878148    0.000933
    0.882819    0.001551
    0.887490    0.002629
    0.892161    0.004180
    0.896832    0.006488
    0.901503    0.010104
    0.906174    0.015438
    0.910845    0.022891
    0.915516    0.032863
    0.920187    0.046530
    0.924858    0.064282
    0.929529    0.086181
    0.934200    0.113287
    0.938871    0.147094
    0.943542    0.187815
    0.948213    0.236219
    0.952884    0.293539
    0.957555    0.359001
    0.962226    0.433097
    0.966897    0.517426
    0.971568    0.612243
    0.976239    0.718064
    0.980910    0.833563
    0.985581    0.959756
    0.990252    1.095454
    0.994923    1.241083
    0.999594    1.395979
    1.004265    1.560386
    1.008936    1.733221
    1.013607    1.914632
    1.018278    2.104522
    1.022949    2.301400
    1.027620    2.504259
    1.032291    2.712381
    1.036962    2.924550
    1.041633    3.140464
    1.046304    3.359947
    1.050975    3.581652
    1.055646    3.806191
    1.060317    4.032203
    1.064988    4.259353
    1.069659    4.486468
    1.074330    4.712946
    1.079001    4.941188
    1.083672    5.168133
    1.088343    5.393757
    1.093014    5.617588
    1.097685    5.838450
    1.102356    6.056835
    1.107027    6.271344
    1.111698    6.481976
    1.116369    6.688938
    1.121040    6.890291
    1.125711    7.089387
    1.130382    7.284180
    1.135053    7.475599
    1.139724    7.662483
    1.144395    7.845083
    1.149066    8.022208
    1.153737    8.195170
    1.158408    8.363592
    1.163079    8.526366
    1.167750    8.684091
    1.172421    8.837352
    1.177092    8.986232
    1.181763    9.131662
    1.186434    9.271839
    1.191105    9.407278
    1.195776    9.538453
    1.200447    9.664322
    1.205118    9.786156
    1.209789    9.903601
    1.214460   10.016770
    1.219131   10.125851
    1.223802   10.231746
    1.228473   10.333597
    1.233144   10.431487
    1.237815   10.525115
    1.242486   10.615224
    1.247157   10.701521
    1.251828   10.784756
    1.256499   10.865027
    1.261170   10.941924
    1.265841   11.015505
    1.270512   11.086027
    1.275183   11.153587
    1.279854   11.218981
    1.284525   11.282353
    1.289196   11.343233
    1.293867   11.401858
    1.298538   11.458897
    1.303209   11.514685
    1.307880   11.568588
    1.312551   11.620661
    1.317222   11.671272
    1.321893   11.720943
    1.326564   11.769452
    1.331235   11.816994
    1.335906   11.863451
    1.340577   11.909333
    1.345248   11.954506
    1.349919   11.999558
    1.354590   12.044640
    1.359261   12.089373
    1.363932   12.133682
    1.368603   12.177445
    1.373274   12.221408
    1.377945   12.265866
    1.382616   12.311101
    1.387287   12.357045
    1.391958   12.403203
    1.396629   12.450042
    1.401300   12.497208
    1.405971   12.545763
    1.410642   12.595125
    1.415313   12.644958
    1.419984   12.696151
    1.424655   12.748486
    1.429326   12.801994
    1.433997   12.856404
    1.438668   12.912356
    1.443339   12.969506
    1.448010   13.028585
    1.452681   13.089947
    1.457352   13.152172
    1.462023   13.215687
    1.466694   13.280309
    1.471365   13.346292
    1.476036   13.413863
    1.480707   13.482760
    1.485378   13.553502
    1.490049   13.625250
    1.494720   13.699160
    1.499391   13.774252
    1.504062   13.850469
    1.508733   13.927616
    1.513404   14.005777
    1.518075   14.085668
    1.522746   14.167494
    1.527417   14.250953
    1.532088   14.336093
    1.536759   14.422361
    1.541430   14.509057
    1.546101   14.596295
    1.550772   14.684266
    1.555443   14.772964
    1.560114   14.863272
    1.564785   14.954782
    1.569456   15.047212
    1.574127   15.139647
    1.578798   15.232777
    1.583469   15.327766
    1.588140   15.423144
    1.592811   15.518373
    1.597482   15.614290
    1.602153   15.710719
    1.606824   15.807947
    1.611495   15.905170
    1.616166   16.002499
    1.620837   16.100100
    1.625508   16.199178
    1.630179   16.298139
    1.634850   16.397710
    1.639521   16.499001
    1.644192   16.601300
    1.648863   16.704732
    1.653534   16.809296
    1.658205   16.914374
    1.662876   17.020172
    1.667547   17.128385
    1.672218   17.238742
    1.676889   17.351139
    1.681560   17.464574
    1.686231   17.580857
    1.690902   17.700301
    1.695573   17.822942
    1.700244   17.947776
    1.704915   18.077587
    1.709586   18.211041
    1.714257   18.347258
    1.718928   18.487445
    1.723599   18.632292
    1.728270   18.783101
    1.732941   18.938901
    1.737612   19.100743
    1.742283   19.268404
    1.746954   19.441706
    1.751625   19.621026
    1.756296   19.807481
    1.760967   20.000065
    1.765638   20.200348
    1.770309   20.408336
    1.774980   20.624031
    1.779651   20.846330
    1.784322   21.075229
    1.788993   21.312181
    1.793664   21.558497
    1.798335   21.812842
    1.803006   22.074244
    1.807677   22.342569
    1.812348   22.617485
    1.817019   22.899326
    1.821690   23.188911
    1.826361   23.487603
    1.831032   23.793771
    1.835703   24.106272
    1.840374   24.424851
    1.845045   24.750315
    1.849716   25.082150
    1.854387   25.420298
    1.859058   25.762270
    1.863729   26.109424
    1.868400   26.460733
    1.873071   26.816434
    1.877742   27.176025
    1.882413   27.540201
    1.887084   27.905737
    1.891755   28.272415
    1.896426   28.642655
    1.901097   29.013320
    1.905768   29.384808
    1.910439   29.758589
    1.915110   30.130511
    1.919781   30.503416
    1.924452   30.874694
    1.929123   31.244053
    1.933794   31.611857
    1.938465   31.978987
    1.943136   32.345047
    1.947807   32.708286
    1.952478   33.068312
    1.957149   33.425086
    1.961820   33.780007
    1.966491   34.132158
    1.971162   34.481292
    1.975833   34.826038
    1.980504   35.165797
    1.985175   35.501061
    1.989846   35.831974
    1.994517   36.157624
    1.999188   36.479430
    2.003859   36.797440
    2.008530   37.114052
    2.013201   37.426676
    2.017872   37.735297
    2.022543   38.040160
    2.027214   38.340253
    2.031885   38.636846
    2.036556   38.929930
    2.041227   39.220648
    2.045898   39.508670
    2.050569   39.794104
    2.055240   40.077374
    2.059911   40.356822
    2.064582   40.632749
    2.069253   40.905138
    2.073924   41.177201
    2.078595   41.446501
    2.083266   41.713843
    2.087937   41.978002
    2.092608   42.240081
    2.097279   42.500909
    2.101950   42.758546
    2.106621   43.016185
    2.111292   43.273787
    2.115963   43.528858
    2.120634   43.783654
    2.125305   44.037587
    2.129976   44.290999
    2.134647   44.543751
    2.139318   44.796424
    2.143989   45.048521
    2.148660   45.301985
    2.153331   45.553429
    2.158002   45.805858
    2.162673   46.057434
    2.167344   46.308776
    2.172015   46.560740
    2.176686   46.812912
    2.181357   47.064806
    2.186028   47.318012
    2.190699   47.571542
    2.195370   47.823980
    2.200041   48.077503
    2.204712   48.331155
    2.209383   48.587566
    2.214054   48.843171
    2.218725   49.099425
    2.223396   49.357116
    2.228067   49.615494
    2.232738   49.874613
    2.237409   50.134446
    2.242080   50.393309
    2.246751   50.653799
    2.251422   50.917872
    2.256093   51.182556
    2.260764   51.448632
    2.265435   51.716034
    2.270106   51.985976
    2.274777   52.258295
    2.279448   52.529813
    2.284119   52.803851
    2.288790   53.080344
    2.293461   53.358604
    2.298132   53.638209
    2.302803   53.921222
    2.307474   54.207700
    2.312145   54.495166
    2.316816   54.786627
    2.321487   55.080992
    2.326158   55.378099
    2.330829   55.678010
    2.335500   55.980725
    2.340171   56.287798
    2.344842   56.597375
    2.349513   56.909570
    2.354184   57.226190
    2.358855   57.546023
    2.363526   57.867816
    2.368197   58.192142
    2.372868   58.520196
    2.377539   58.852711
    2.382210   59.188111
    2.386881   59.525721
    2.391552   59.866755
    2.396223   60.212218
    2.400894   60.561053
    2.405565   60.912701
    2.410236   61.266381
    2.414907   61.623548
    2.419578   61.983068
    2.424249   62.344685
    2.428920   62.707210
    2.433591   63.071500
    2.438262   63.437238
    2.442933   63.804081
    2.447604   64.172866
    2.452275   64.542705
    2.456946   64.914688
    2.461617   65.287833
    2.466288   65.659862
    2.470959   66.032915
    2.475630   66.405181
    2.480301   66.778662
    2.484972   67.153267
    2.489643   67.525140
    2.494314   67.897510
    2.498985   68.270177
    2.503656   68.642325
    2.508327   69.012399
    2.512998   69.382666
    2.517669   69.750554
    2.522340   70.118043
    2.527011   70.482114
    2.531682   70.843747
    2.536353   71.203305
    2.541024   71.562077
    2.545695   71.917748
    2.550366   72.271566
    2.555037   72.625173
    2.559708   72.976101
    2.564379   73.323896
    2.569050   73.667548
    2.573721   74.009211
    2.578392   74.349660
    2.583063   74.688158
    2.587734   75.025410
    2.592405   75.360913
    2.597076   75.694190
    2.601747   76.023593
    2.606418   76.352307
    2.611089   76.682051
    2.615760   77.010445
    2.620431   77.336348
    2.625102   77.659808
    2.629773   77.983790
    2.634444   78.309336
    2.639115   78.636361
    2.643786   78.962547
    2.648457   79.289772
    2.653128   79.617992
    2.657799   79.948675
    2.662470   80.281325
    2.667141   80.617003
    2.671812   80.956417
    2.676483   81.299657
    2.681154   81.646331
    2.685825   81.994715
    2.690496   82.348412
    2.695167   82.704743
    2.699838   83.067466
    2.704509   83.437164
    2.709180   83.812535
    2.713851   84.194704
    2.718522   84.583475
    2.723193   84.981599
    2.727864   85.388025
    2.732535   85.800923
    2.737206   86.222723
    2.741877   86.653975
    2.746548   87.094343
    2.751219   87.543434
    2.755890   88.002950
    2.760561   88.471308
    2.765232   88.949939
    2.769903   89.440096
    2.774574   89.941549
    2.779245   90.454443
    2.783916   90.978005
    2.788587   91.513845
    2.793258   92.060877
    2.797929   92.618076
    2.802600   93.185935
    2.807271   93.767480
    2.811942   94.357453
    2.816613   94.960551
    2.821284   95.573231
    2.825955   96.198226
    2.830626   96.833051
    2.835297   97.480006
    2.839968   98.138514
    2.844639   98.804942
    2.849310   99.481093
    2.853981  100.165075
    2.858652  100.858318
    2.863323  101.559925
    2.867994  102.266822
    2.872665  102.980848
    2.877336  103.701182
    2.882007  104.427087
    2.886678  105.157153
    2.891349  105.889562
    2.896020  106.627938
    2.900691  107.367304
    2.905362  108.108979
    2.910033  108.852522
    2.914704  109.597245
    2.919375  110.343175
    2.924046  111.087547
    2.928717  111.832215
    2.933388  112.574336
    2.938059  113.312565
    2.942730  114.049553
    2.947401  114.784003
    2.952072  115.513443
    2.956743  116.236678
    2.961414  116.957307
    2.966085  117.674969
    2.970756  118.382135
    2.975427  119.080680
    2.980098  119.771983
    2.984769  120.457005
    2.989440  121.132319
    2.994111  121.800705
    2.998782  122.463025
    3.003453  123.115040
    3.008124  123.758417
    3.012795  124.394008
    3.017466  125.020328
    3.022137  125.637358
    3.026808  126.247303
    3.031479  126.845879
    3.036150  127.436993
    3.040821  128.019025
    3.045492  128.593642
    3.050163  129.160406
    3.054834  129.719945
    3.059505  130.271333
    3.064176  130.814100
    3.068847  131.353135
    3.073518  131.884064
    3.078189  132.408386
    3.082860  132.926388
    3.087531  133.439998
    3.092202  133.949228
    3.096873  134.453600
    3.101544  134.953931
    3.106215  135.450522
    3.110886  135.946992
    3.115557  136.443360
    3.120228  136.937194
    3.124899  137.427582
    3.129570  137.919928
    3.134241  138.411386
    3.138912  138.902830
    3.143583  139.395899
    3.148254  139.891333
    3.152925  140.389913
    3.157596  140.889057
    3.162267  141.390097
    3.166938  141.893230
    3.171609  142.399881
    3.176280  142.910195
    3.180951  143.424864
    3.185622  143.944919
    3.190293  144.469675
    3.194964  145.002078
    3.199635  145.538038
    3.204306  146.079591
    3.208977  146.628200
    3.213648  147.180870
    3.218319  147.743564
    3.222990  148.312383
    3.227661  148.887006
    3.232332  149.469263
    3.237003  150.057825
    3.241674  150.651852
    3.246345  151.250203
    3.251016  151.857498
    3.255687  152.471235
    3.260358  153.092786
    3.265029  153.721263
    3.269700  154.353416
    3.274371  154.991359
    3.279042  155.637375
    3.283713  156.289100
    3.288384  156.944568
    3.293055  157.606548
    3.297726  158.274392
    3.302397  158.947331
    3.307068  159.622242
    3.311739  160.301456
    3.316410  160.987722
    3.321081  161.678857
    3.325752  162.372246
    3.330423  163.069329
    3.335094  163.768034
    3.339765  164.468356
    3.344436  165.171116
    3.349107  165.874759
    3.353778  166.580507
    3.358449  167.288273
    3.363120  168.000567
    3.367791  168.714736
    3.372462  169.431192
    3.377133  170.145708
    3.381804  170.859931
    3.386475  171.573740
    3.391146  172.290991
    3.395817  173.009217
    3.400488  173.723246
    3.405159  174.437175
    3.409830  175.154425
    3.414501  175.869116
    3.419172  176.581134
    3.423843  177.294502
    3.428514  178.007553
    3.433185  178.721737
    3.437856  179.434716
    3.442527  180.148503
    3.447198  180.859506
    3.451869  181.570364
    3.456540  182.278668
    3.461211  182.988242
    3.465882  183.697361
    3.470553  184.404780
    3.475224  185.111807
    3.479895  185.817569
    3.484566  186.524282
    3.489237  187.228349
    3.493908  187.930211
    3.498579  188.633779
    3.503250  189.338507
    3.507921  190.042170
    3.512592  190.747626
    3.517263  191.450877
    3.521934  192.155746
    3.526605  192.858736
    3.531276  193.562019
    3.535947  194.263898
    3.540618  194.967094
    3.545289  195.669154
    3.549960  196.369351
    3.554631  197.070601
    3.559302  197.771551
    3.563973  198.470387
    3.568644  199.172169
    3.573315  199.876584
    3.577986  200.579792
    3.582657  201.285718
    3.587328  201.995640
    3.591999  202.708115
    3.596670  203.420846
    3.601341  204.135055
    3.606012  204.851018
    3.610683  205.568585
    3.615354  206.288067
    3.620025  207.009234
    3.624696  207.732317
    3.629367  208.456863
    3.634038  209.185353
    3.638709  209.915166
    3.643380  210.643886
    3.648051  211.376186
    3.652722  212.114100
    3.657393  212.853120
    3.662064  213.597787
    3.666735  214.346813
    3.671406  215.100720
    3.676077  215.859046
    3.680748  216.620815
    3.685419  217.389602
    3.690090  218.164441
    3.694761  218.944121
    3.699432  219.732851
    3.704103  220.525532
    3.708774  221.326053
    3.713445  222.132086
    3.718116  222.944617
    3.722787  223.761251
    3.727458  224.586061
    3.732129  225.416509
    3.736800  226.256267
    3.741471  227.105068
    3.746142  227.961840
    3.750813  228.825178
    3.755484  229.699733
    3.760155  230.583223
    3.764826  231.475241
    3.769497  232.378005
    3.774168  233.291257
    3.778839  234.215841
    3.783510  235.151178
    3.788181  236.100046
    3.792852  237.058646
    3.797523  238.029834
    3.802194  239.011425
    3.806865  240.003136
    3.811536  241.006671
    3.816207  242.021250
    3.820878  243.047809
    3.825549  244.086192
    3.830220  245.136478
    3.834891  246.197719
    3.839562  247.271983
    3.844233  248.357338
    3.848904  249.453709
    3.853575  250.558861
    3.858246  251.673730
    3.862917  252.796889
    3.867588  253.933535
    3.872259  255.081877
    3.876930  256.239393
    3.881601  257.405178
    3.886272  258.579641
    3.890943  259.763010
    3.895614  260.957416
    3.900285  262.159702
    3.904956  263.369552
    3.909627  264.584027
    3.914298  265.802189
    3.918969  267.024071
    3.923640  268.249100
    3.928311  269.478849
    3.932982  270.713383
    3.937653  271.949625
    3.942324  273.190220
    3.946995  274.431437
    3.951666  275.669980
    3.956337  276.909520
    3.961008  278.148630
    3.965679  279.386967
    3.970350  280.622120
    3.975021  281.853094
    3.979692  283.082089
    3.984363  284.307184
    3.989034  285.527684
    3.993705  286.739901
    3.998376  287.943716
    4.003047  289.143469
    4.007718  290.334040
    4.012389  291.518945
    4.017060  292.696560
    4.021731  293.866103
    4.026402  295.023515
    4.031073  296.172214
    4.035744  297.312824
    4.040415  298.442687
    4.045086  299.564370
    4.049757  300.675748
    4.054428  301.776088
    4.059099  302.866845
    4.063770  303.946106
    4.068441  305.016125
    4.073112  306.076974
    4.077783  307.124175
    4.082454  308.162507
    4.087125  309.192631
    4.091796  310.214238
    4.096467  311.227186
    4.101138  312.230689
    4.105809  313.227695
    4.110480  314.215353
    4.115151  315.193736
    4.119822  316.166322
    4.124493  317.131275
    4.129164  318.089024
    4.133835  319.042195
    4.138506  319.987796
    4.143177  320.926969
    4.147848  321.862169
    4.152519  322.792249
    4.157190  323.716069
    4.161861  324.639435
    4.166532  325.560014
    4.171203  326.475859
    4.175874  327.392313
    4.180545  328.306562
    4.185216  329.218465
    4.189887  330.128271
    4.194558  331.039230
    4.199229  331.950962
    4.203900  332.862836
    4.208571  333.774829
    4.213242  334.684528
    4.217913  335.595234
    4.222584  336.506242
    4.227255  337.421976
    4.231926  338.336930
    4.236597  339.255361
    4.241268  340.177161
    4.245939  341.099904
    4.250610  342.026817
    4.255281  342.956704
    4.259952  343.887136
    4.264623  344.818268
    4.269294  345.749793
    4.273965  346.683268
    4.278636  347.621676
    4.283307  348.562746
    4.287978  349.506493
    4.292649  350.454575
    4.297320  351.402977
    4.301991  352.352777
    4.306662  353.305998
    4.311333  354.263531
    4.316004  355.223518
    4.320675  356.187303
    4.325346  357.151137
    4.330017  358.117878
    4.334688  359.088844
    4.339359  360.063048
    4.344030  361.040358
    4.348701  362.023747
    4.353372  363.009464
    4.358043  364.000109
    4.362714  364.992212
    4.367385  365.984738
    4.372056  366.983908
    4.376727  367.989651
    4.381398  368.999300
    4.386069  370.011537
    4.390740  371.028216
    4.395411  372.048649
    4.400082  373.074713
    4.404753  374.104164
    4.409424  375.142456
    4.414095  376.188904
    4.418766  377.240327
    4.423437  378.296753
    4.428108  379.362797
    4.432779  380.438118
    4.437450  381.522463
    4.442121  382.613968
    4.446792  383.711309
    4.451463  384.816208
    4.456134  385.928178
    4.460805  387.049880
    4.465476  388.178516
    4.470147  389.316189
    4.474818  390.460879
    4.479489  391.614903
    4.484160  392.774687
    4.488831  393.943830
    4.493502  395.119099
    4.498173  396.304540
    4.502844  397.500874
    4.507515  398.708896
    4.512186  399.929168
    4.516857  401.158382
    4.521528  402.397312
    4.526199  403.648493
    4.530870  404.907124
    4.535541  406.173242
    4.540212  407.451398
    4.544883  408.736061
    4.549554  410.030909
    4.554225  411.338440
    4.558896  412.656958
    4.563567  413.987705
    4.568238  415.329325
    4.572909  416.679837
    4.577580  418.038086
    4.582251  419.405888
    4.586922  420.786874
    4.591593  422.178013
    4.596264  423.577903
    4.600935  424.989088
    4.605606  426.408014
    4.610277  427.834242
    4.614948  429.270384
    4.619619  430.717591
    4.624290  432.173172
    4.628961  433.637906
    4.633632  435.115879
    4.638303  436.606025
    4.642974  438.105199
    4.647645  439.613032
    4.652316  441.129580
    4.656987  442.652515
    4.661658  444.185425
    4.666329  445.728325
    4.671000  447.282358
