  -5.8599786  -6.4695972   0.6096186
  -5.8599785  -6.4616648   0.6016862
  -5.8599785  -6.4373859   0.5774074
  -5.8599784  -6.4004453   0.5404670
  -5.8599782  -6.3565732   0.4965950
  -5.8599781  -6.3128582   0.4528802
  -5.8599780  -6.2761748   0.4161968
  -5.8599779  -6.2509950   0.3910171
  -5.8599780  -6.2383461   0.3783681
  -5.8599781  -6.2367428   0.3767648
  -5.8599781  -6.2437168   0.3837387
  -5.8599782  -6.2566079   0.3966297
  -5.8599782  -6.2726937   0.4127155
  -5.8599783  -6.2892868   0.4293085
  -5.8599783  -6.3041382   0.4441598
  -5.8599783  -6.3160110   0.4560328
  -5.8599782  -6.3248736   0.4648954
  -5.8599782  -6.3314680   0.4714898
  -5.8599782  -6.3366589   0.4766806
  -5.8599782  -6.3409041   0.4809259
