    0.004671    0.000000
    0.009342    0.000000
    0.014013    0.000000
    0.018684    0.000000
    0.023355    0.000000
    0.028026    0.000000
    0.032697    0.000000
    0.037368    0.000000
    0.042039    0.000000
    0.046710    0.000000
    0.051381    0.000000
    0.056052    0.000000
    0.060723    0.000000
    0.065394    0.000000
    0.070065    0.000000
    0.074736    0.000000
    0.079407    0.000000
    0.084078    0.000000
    0.088749    0.000000
    0.093420    0.000000
    0.098091    0.000000
    0.102762    0.000000
    0.107433    0.000000
    0.112104    0.000000
    0.116775    0.000000
    0.121446    0.000000
    0.126117    0.000000
    0.130788    0.000000
    0.135459    0.000000
    0.140130    0.000000
    0.144801    0.000000
    0.149472    0.000000
    0.154143    0.000000
    0.158814    0.000000
    0.163485    0.000000
    0.168156    0.000000
    0.172827    0.000000
    0.177498    0.000000
    0.182169    0.000000
    0.186840    0.000000
    0.191511    0.000000
    0.196182    0.000000
    0.200853    0.000000
    0.205524    0.000000
    0.210195    0.000000
    0.214866    0.000000
    0.219537    0.000000
    0.224208    0.000000
    0.228879    0.000000
    0.233550    0.000000
    0.238221    0.000000
    0.242892    0.000000
    0.247563    0.000000
    0.252234    0.000000
    0.256905    0.000000
    0.261576    0.000000
    0.266247    0.000000
    0.270918    0.000000
    0.275589    0.000000
    0.280260    0.000000
    0.284931    0.000000
    0.289602    0.000000
    0.294273    0.000000
    0.298944    0.000000
    0.303615    0.000000
    0.308286    0.000000
    0.312957    0.000000
    0.317628    0.000000
    0.322299    0.000000
    0.326970    0.000000
    0.331641    0.000000
    0.336312    0.000000
    0.340983    0.000000
    0.345654    0.000000
    0.350325    0.000000
    0.354996    0.000000
    0.359667    0.000000
    0.364338    0.000000
    0.369009    0.000000
    0.373680    0.000000
    0.378351    0.000000
    0.383022    0.000000
    0.387693    0.000000
    0.392364    0.000000
    0.397035    0.000000
    0.401706    0.000000
    0.406377    0.000000
    0.411048    0.000000
    0.415719    0.000000
    0.420390    0.000000
    0.425061    0.000000
    0.429732    0.000000
    0.434403    0.000000
    0.439074    0.000000
    0.443745    0.000000
    0.448416    0.000000
    0.453087    0.000000
    0.457758    0.000000
    0.462429    0.000000
    0.467100    0.000000
    0.471771    0.000000
    0.476442    0.000000
    0.481113    0.000000
    0.485784    0.000000
    0.490455    0.000000
    0.495126    0.000000
    0.499797    0.000000
    0.504468    0.000000
    0.509139    0.000000
    0.513810    0.000000
    0.518481    0.000000
    0.523152    0.000000
    0.527823    0.000000
    0.532494    0.000000
    0.537165    0.000000
    0.541836    0.000000
    0.546507    0.000000
    0.551178    0.000000
    0.555849    0.000000
    0.560520    0.000000
    0.565191    0.000000
    0.569862    0.000000
    0.574533    0.000000
    0.579204    0.000000
    0.583875    0.000000
    0.588546    0.000000
    0.593217    0.000000
    0.597888    0.000000
    0.602559    0.000000
    0.607230    0.000000
    0.611901    0.000000
    0.616572    0.000000
    0.621243    0.000000
    0.625914    0.000000
    0.630585    0.000000
    0.635256    0.000000
    0.639927    0.000000
    0.644598    0.000000
    0.649269    0.000000
    0.653940    0.000000
    0.658611    0.000000
    0.663282    0.000000
    0.667953    0.000000
    0.672624    0.000000
    0.677295    0.000000
    0.681966    0.000000
    0.686637    0.000000
    0.691308    0.000000
    0.695979    0.000000
    0.700650    0.000000
    0.705321    0.000000
    0.709992    0.000000
    0.714663    0.000000
    0.719334    0.000000
    0.724005    0.000000
    0.728676    0.000000
    0.733347    0.000000
    0.738018    0.000000
    0.742689    0.000000
    0.747360    0.000000
    0.752031    0.000000
    0.756702    0.000000
    0.761373    0.000000
    0.766044    0.000000
    0.770715    0.000000
    0.775386    0.000000
    0.780057    0.000000
    0.784728    0.000000
    0.789399    0.000000
    0.794070    0.000000
    0.798741    0.000000
    0.803412    0.000000
    0.808083    0.000000
    0.812754    0.000000
    0.817425    0.000000
    0.822096    0.000000
    0.826767    0.000000
    0.831438    0.000000
    0.836109    0.000000
    0.840780    0.000000
    0.845451    0.000000
    0.850122    0.000000
    0.854793    0.000000
    0.859464    0.000000
    0.864135    0.000000
    0.868806    0.000000
    0.873477    0.000000
    0.878148    0.000000
    0.882819    0.000000
    0.887490    0.000000
    0.892161    0.000000
    0.896832    0.000000
    0.901503    0.000000
    0.906174    0.000000
    0.910845    0.000000
    0.915516    0.000000
    0.920187    0.000000
    0.924858    0.000000
    0.929529    0.000000
    0.934200    0.000000
    0.938871    0.000000
    0.943542    0.000000
    0.948213    0.000000
    0.952884    0.000000
    0.957555    0.000000
    0.962226    0.000000
    0.966897    0.002229
    0.971568    0.011039
    0.976239    0.024053
    0.980910    0.046489
    0.985581    0.078843
    0.990252    0.091763
    0.994923    0.127971
    0.999594    0.250800
    1.004265    0.383889
    1.008936    0.530594
    1.013607    0.742970
    1.018278    0.903559
    1.022949    1.256003
    1.027620    1.523360
    1.032291    1.961704
    1.036962    2.404980
    1.041633    2.886341
    1.046304    3.405124
    1.050975    3.982714
    1.055646    4.480779
    1.060317    5.084062
    1.064988    5.326327
    1.069659    5.890136
    1.074330    6.256503
    1.079001    6.688110
    1.083672    6.621452
    1.088343    6.655910
    1.093014    6.481087
    1.097685    6.491399
    1.102356    6.426398
    1.107027    6.367544
    1.111698    6.201772
    1.116369    5.993339
    1.121040    5.651766
    1.125711    5.250980
    1.130382    4.905482
    1.135053    4.695059
    1.139724    4.053429
    1.144395    3.486827
    1.149066    3.245743
    1.153737    2.833710
    1.158408    2.504078
    1.163079    2.298205
    1.167750    2.029171
    1.172421    1.830617
    1.177092    1.516699
    1.181763    1.295024
    1.186434    1.145682
    1.191105    1.031530
    1.195776    0.893099
    1.200447    0.702969
    1.205118    0.624452
    1.209789    0.529376
    1.214460    0.483327
    1.219131    0.372517
    1.223802    0.303535
    1.228473    0.259016
    1.233144    0.229648
    1.237815    0.169481
    1.242486    0.134413
    1.247157    0.111684
    1.251828    0.073901
    1.256499    0.052139
    1.261170    0.057790
    1.265841    0.046960
    1.270512    0.038362
    1.275183    0.025540
    1.279854    0.005907
    1.284525    0.006495
    1.289196    0.011106
    1.293867    0.006446
    1.298538    0.009402
    1.303209    0.003594
    1.307880    0.005613
    1.312551    0.003370
    1.317222    0.001201
    1.321893    0.001874
    1.326564    0.000592
    1.331235    0.000000
    1.335906    0.000000
    1.340577    0.000000
    1.345248    0.000000
    1.349919    0.003472
    1.354590    0.002758
    1.359261    0.001853
    1.363932    0.002681
    1.368603    0.018755
    1.373274    0.011327
    1.377945    0.011328
    1.382616    0.012108
    1.387287    0.013883
    1.391958    0.023048
    1.396629    0.020566
    1.401300    0.024144
    1.405971    0.051394
    1.410642    0.054458
    1.415313    0.058298
    1.419984    0.063378
    1.424655    0.067070
    1.429326    0.102772
    1.433997    0.127511
    1.438668    0.129489
    1.443339    0.205287
    1.448010    0.206556
    1.452681    0.216622
    1.457352    0.243340
    1.462023    0.267519
    1.466694    0.312941
    1.471365    0.407390
    1.476036    0.415679
    1.480707    0.488285
    1.485378    0.580415
    1.490049    0.592067
    1.494720    0.696240
    1.499391    0.826649
    1.504062    0.861135
    1.508733    0.966163
    1.513404    1.090450
    1.518075    1.078809
    1.522746    1.105390
    1.527417    1.093024
    1.532088    1.092077
    1.536759    1.139812
    1.541430    1.270524
    1.546101    1.343095
    1.550772    1.289986
    1.555443    1.271760
    1.560114    1.306263
    1.564785    1.350211
    1.569456    1.377961
    1.574127    1.243521
    1.578798    1.283441
    1.583469    1.302328
    1.588140    1.191132
    1.592811    1.106121
    1.597482    1.098000
    1.602153    0.925378
    1.606824    0.852522
    1.611495    0.761293
    1.616166    0.724643
    1.620837    0.657182
    1.625508    0.598905
    1.630179    0.551844
    1.634850    0.486067
    1.639521    0.443015
    1.644192    0.353365
    1.648863    0.306579
    1.653534    0.263337
    1.658205    0.255765
    1.662876    0.233740
    1.667547    0.184013
    1.672218    0.165100
    1.676889    0.134405
    1.681560    0.134607
    1.686231    0.116770
    1.690902    0.091578
    1.695573    0.081625
    1.700244    0.078860
    1.704915    0.057176
    1.709586    0.041814
    1.714257    0.033862
    1.718928    0.032318
    1.723599    0.027107
    1.728270    0.023149
    1.732941    0.026072
    1.737612    0.027116
    1.742283    0.030035
    1.746954    0.035094
    1.751625    0.034494
    1.756296    0.064207
    1.760967    0.074691
    1.765638    0.083942
    1.770309    0.127434
    1.774980    0.176586
    1.779651    0.208043
    1.784322    0.306915
    1.788993    0.300082
    1.793664    0.370699
    1.798335    0.470865
    1.803006    0.585490
    1.807677    0.657358
    1.812348    0.792469
    1.817019    0.913243
    1.821690    1.025840
    1.826361    1.151153
    1.831032    1.276175
    1.835703    1.454796
    1.840374    1.651630
    1.845045    1.881480
    1.849716    2.083104
    1.854387    2.359510
    1.859058    2.483189
    1.863729    2.601806
    1.868400    2.822761
    1.873071    3.048270
    1.877742    3.166108
    1.882413    3.279296
    1.887084    3.449636
    1.891755    3.569218
    1.896426    3.717670
    1.901097    3.703337
    1.905768    3.589301
    1.910439    3.636313
    1.915110    3.683249
    1.919781    3.493393
    1.924452    3.449587
    1.929123    3.269009
    1.933794    3.304684
    1.938465    3.132837
    1.943136    2.966742
    1.947807    2.723223
    1.952478    2.595527
    1.957149    2.401516
    1.961820    2.106326
    1.966491    1.917168
    1.971162    1.695603
    1.975833    1.451040
    1.980504    1.394584
    1.985175    1.292372
    1.989846    1.163359
    1.994517    1.052471
    1.999188    0.917559
    2.003859    0.794902
    2.008530    0.664168
    2.013201    0.562661
    2.017872    0.486506
    2.022543    0.382718
    2.027214    0.307047
    2.031885    0.280381
    2.036556    0.234988
    2.041227    0.206780
    2.045898    0.188340
    2.050569    0.135337
    2.055240    0.113279
    2.059911    0.106574
    2.064582    0.095459
    2.069253    0.108465
    2.073924    0.122114
    2.078595    0.116743
    2.083266    0.120884
    2.087937    0.137570
    2.092608    0.144452
    2.097279    0.198768
    2.101950    0.233127
    2.106621    0.281485
    2.111292    0.352839
    2.115963    0.402366
    2.120634    0.426331
    2.125305    0.470052
    2.129976    0.517274
    2.134647    0.607885
    2.139318    0.640799
    2.143989    0.746040
    2.148660    0.855584
    2.153331    0.944861
    2.158002    1.020141
    2.162673    1.099314
    2.167344    1.190250
    2.172015    1.294766
    2.176686    1.326491
    2.181357    1.370572
    2.186028    1.408424
    2.190699    1.395415
    2.195370    1.363895
    2.200041    1.379622
    2.204712    1.349421
    2.209383    1.337927
    2.214054    1.231397
    2.218725    1.291064
    2.223396    1.229924
    2.228067    1.225087
    2.232738    1.131418
    2.237409    1.054620
    2.242080    1.063082
    2.246751    0.967208
    2.251422    0.897477
    2.256093    0.819102
    2.260764    0.758711
    2.265435    0.676491
    2.270106    0.588124
    2.274777    0.539398
    2.279448    0.470983
    2.284119    0.420483
    2.288790    0.405229
    2.293461    0.338434
    2.298132    0.313822
    2.302803    0.280101
    2.307474    0.268819
    2.312145    0.244554
    2.316816    0.241129
    2.321487    0.236334
    2.326158    0.218137
    2.330829    0.215647
    2.335500    0.236918
    2.340171    0.232765
    2.344842    0.280164
    2.349513    0.305518
    2.354184    0.355244
    2.358855    0.418806
    2.363526    0.441307
    2.368197    0.491842
    2.372868    0.562636
    2.377539    0.673846
    2.382210    0.743916
    2.386881    0.857027
    2.391552    0.920282
    2.396223    0.992475
    2.400894    1.167665
    2.405565    1.270748
    2.410236    1.346965
    2.414907    1.497065
    2.419578    1.618791
    2.424249    1.662886
    2.428920    1.774490
    2.433591    1.806994
    2.438262    1.935960
    2.442933    2.047913
    2.447604    2.058690
    2.452275    2.144717
    2.456946    2.178897
    2.461617    2.125951
    2.466288    2.203082
    2.470959    2.101447
    2.475630    2.107745
    2.480301    2.007939
    2.484972    1.984367
    2.489643    1.902637
    2.494314    1.814207
    2.498985    1.662281
    2.503656    1.536434
    2.508327    1.457398
    2.512998    1.368509
    2.517669    1.273212
    2.522340    1.153459
    2.527011    1.090130
    2.531682    0.992238
    2.536353    0.871458
    2.541024    0.797205
    2.545695    0.718425
    2.550366    0.643948
    2.555037    0.554390
    2.559708    0.509646
    2.564379    0.455355
    2.569050    0.407116
    2.573721    0.363921
    2.578392    0.322513
    2.583063    0.285061
    2.587734    0.246944
    2.592405    0.245435
    2.597076    0.223366
    2.601747    0.228172
    2.606418    0.237412
    2.611089    0.242983
    2.615760    0.278556
    2.620431    0.280891
    2.625102    0.302962
    2.629773    0.324799
    2.634444    0.344603
    2.639115    0.392711
    2.643786    0.389621
    2.648457    0.417926
    2.653128    0.433976
    2.657799    0.472174
    2.662470    0.469416
    2.667141    0.521959
    2.671812    0.517613
    2.676483    0.546166
    2.681154    0.556368
    2.685825    0.565763
    2.690496    0.561240
    2.695167    0.564819
    2.699838    0.570933
    2.704509    0.572249
    2.709180    0.564620
    2.713851    0.540172
    2.718522    0.538288
    2.723193    0.565056
    2.727864    0.541348
    2.732535    0.491315
    2.737206    0.502037
    2.741877    0.440680
    2.746548    0.428961
    2.751219    0.406286
    2.755890    0.389338
    2.760561    0.369954
    2.765232    0.369571
    2.769903    0.372158
    2.774574    0.369659
    2.779245    0.370566
    2.783916    0.402954
    2.788587    0.421226
    2.793258    0.446395
    2.797929    0.467628
    2.802600    0.502694
    2.807271    0.571391
    2.811942    0.627882
    2.816613    0.684455
    2.821284    0.815249
    2.825955    0.908018
    2.830626    1.035432
    2.835297    1.127282
    2.839968    1.267875
    2.844639    1.470258
    2.849310    1.607859
    2.853981    1.731595
    2.858652    1.869078
    2.863323    1.997457
    2.867994    2.146789
    2.872665    2.329999
    2.877336    2.459023
    2.882007    2.588605
    2.886678    2.748848
    2.891349    2.846541
    2.896020    2.902884
    2.900691    2.956612
    2.905362    2.998932
    2.910033    3.051072
    2.914704    3.097431
    2.919375    3.009282
    2.924046    2.920782
    2.928717    2.841613
    2.933388    2.788337
    2.938059    2.729298
    2.942730    2.647396
    2.947401    2.497631
    2.952072    2.358817
    2.956743    2.191914
    2.961414    2.088350
    2.966085    1.968906
    2.970756    1.824590
    2.975427    1.695546
    2.980098    1.562918
    2.984769    1.408454
    2.989440    1.242988
    2.994111    1.083645
    2.998782    1.008507
    3.003453    0.865861
    3.008124    0.789371
    3.012795    0.702739
    3.017466    0.634428
    3.022137    0.559477
    3.026808    0.510658
    3.031479    0.428688
    3.036150    0.398998
    3.040821    0.368603
    3.045492    0.358021
    3.050163    0.368621
    3.054834    0.362717
    3.059505    0.329035
    3.064176    0.316253
    3.068847    0.309443
    3.073518    0.316657
    3.078189    0.330857
    3.082860    0.315446
    3.087531    0.307942
    3.092202    0.321732
    3.096873    0.311015
    3.101544    0.326264
    3.106215    0.332628
    3.110886    0.347595
    3.115557    0.351231
    3.120228    0.340762
    3.124899    0.311802
    3.129570    0.320470
    3.134241    0.324827
    3.138912    0.317908
    3.143583    0.312995
    3.148254    0.300337
    3.152925    0.292059
    3.157596    0.293442
    3.162267    0.310334
    3.166938    0.294971
    3.171609    0.313629
    3.176280    0.310147
    3.180951    0.336526
    3.185622    0.357073
    3.190293    0.360108
    3.194964    0.390460
    3.199635    0.429974
    3.204306    0.477230
    3.208977    0.525612
    3.213648    0.575202
    3.218319    0.614018
    3.222990    0.663605
    3.227661    0.774587
    3.232332    0.812349
    3.237003    0.907382
    3.241674    0.989888
    3.246345    1.061513
    3.251016    1.144510
    3.255687    1.199067
    3.260358    1.312239
    3.265029    1.365297
    3.269700    1.455132
    3.274371    1.543067
    3.279042    1.612270
    3.283713    1.661629
    3.288384    1.700473
    3.293055    1.713085
    3.297726    1.725558
    3.302397    1.738424
    3.307068    1.767025
    3.311739    1.760708
    3.316410    1.725110
    3.321081    1.663565
    3.325752    1.652751
    3.330423    1.595598
    3.335094    1.515579
    3.339765    1.473362
    3.344436    1.398943
    3.349107    1.327945
    3.353778    1.264238
    3.358449    1.173893
    3.363120    1.112944
    3.367791    1.050492
    3.372462    0.968677
    3.377133    0.911757
    3.381804    0.881660
    3.386475    0.815492
    3.391146    0.784660
    3.395817    0.764799
    3.400488    0.765210
    3.405159    0.754254
    3.409830    0.770823
    3.414501    0.787101
    3.419172    0.772779
    3.423843    0.818106
    3.428514    0.844402
    3.433185    0.856459
    3.437856    0.872081
    3.442527    0.870689
    3.447198    0.929097
    3.451869    0.974306
    3.456540    0.990251
    3.461211    1.011176
    3.465882    1.088472
    3.470553    1.092866
    3.475224    1.127085
    3.479895    1.085298
    3.484566    1.067722
    3.489237    1.057908
    3.493908    1.043571
    3.498579    1.025761
    3.503250    0.991419
    3.507921    0.986616
    3.512592    0.932973
    3.517263    0.915799
    3.521934    0.901167
    3.526605    0.861247
    3.531276    0.818677
    3.535947    0.794853
    3.540618    0.766794
    3.545289    0.720133
    3.549960    0.689997
    3.554631    0.670113
    3.559302    0.647705
    3.563973    0.650995
    3.568644    0.633682
    3.573315    0.644092
    3.577986    0.643819
    3.582657    0.682163
    3.587328    0.701804
    3.591999    0.716841
    3.596670    0.713306
    3.601341    0.751001
    3.606012    0.784510
    3.610683    0.806658
    3.615354    0.823531
    3.620025    0.847028
    3.624696    0.883560
    3.629367    0.902272
    3.634038    0.938339
    3.638709    0.970773
    3.643380    0.958422
    3.648051    0.963503
    3.652722    0.956896
    3.657393    0.979686
    3.662064    0.970517
    3.666735    0.934743
    3.671406    0.925586
    3.676077    0.929508
    3.680748    0.879361
    3.685419    0.873183
    3.690090    0.852149
    3.694761    0.819563
    3.699432    0.794659
    3.704103    0.745945
    3.708774    0.729166
    3.713445    0.704513
    3.718116    0.696768
    3.722787    0.695627
    3.727458    0.695936
    3.732129    0.673853
    3.736800    0.666573
    3.741471    0.642930
    3.746142    0.671324
    3.750813    0.688767
    3.755484    0.703974
    3.760155    0.685533
    3.764826    0.722507
    3.769497    0.735442
    3.774168    0.772126
    3.778839    0.818253
    3.783510    0.836818
    3.788181    0.839631
    3.792852    0.844062
    3.797523    0.887698
    3.802194    0.898018
    3.806865    0.931519
    3.811536    0.937798
    3.816207    0.950130
    3.820878    0.991325
    3.825549    0.950871
    3.830220    0.940278
    3.834891    0.949199
    3.839562    0.965278
    3.844233    0.976839
    3.848904    0.971681
    3.853575    0.980513
    3.858246    0.995085
    3.862917    1.002391
    3.867588    1.021770
    3.872259    1.081824
    3.876930    1.133044
    3.881601    1.188732
    3.886272    1.259529
    3.890943    1.291775
    3.895614    1.326653
    3.900285    1.394298
    3.904956    1.471987
    3.909627    1.568832
    3.914298    1.663248
    3.918969    1.772509
    3.923640    1.837396
    3.928311    1.902891
    3.932982    1.999812
    3.937653    2.057328
    3.942324    2.212594
    3.946995    2.241872
    3.951666    2.295257
    3.956337    2.305075
    3.961008    2.361064
    3.965679    2.399050
    3.970350    2.409957
    3.975021    2.361380
    3.979692    2.382001
    3.984363    2.336527
    3.989034    2.299365
    3.993705    2.204367
    3.998376    2.109033
    4.003047    1.997929
    4.007718    1.874236
    4.012389    1.844860
    4.017060    1.687827
    4.021731    1.567682
    4.026402    1.463979
    4.031073    1.329025
    4.035744    1.261509
    4.040415    1.173621
    4.045086    1.046558
    4.049757    0.960971
    4.054428    0.831345
    4.059099    0.752965
    4.063770    0.671824
    4.068441    0.572942
    4.073112    0.492196
    4.077783    0.413832
    4.082454    0.367045
    4.087125    0.314197
    4.091796    0.297517
    4.096467    0.256386
    4.101138    0.216720
    4.105809    0.194408
    4.110480    0.178293
    4.115151    0.155320
    4.119822    0.144330
    4.124493    0.139562
    4.129164    0.151238
    4.133835    0.160831
    4.138506    0.163958
    4.143177    0.182705
    4.147848    0.192633
    4.152519    0.210198
    4.157190    0.251293
    4.161861    0.285921
    4.166532    0.320132
    4.171203    0.351562
    4.175874    0.419028
    4.180545    0.472994
    4.185216    0.519750
    4.189887    0.581630
    4.194558    0.642799
    4.199229    0.713456
    4.203900    0.790743
    4.208571    0.844347
    4.213242    0.924553
    4.217913    0.986773
    4.222584    1.041377
    4.227255    1.103231
    4.231926    1.161787
    4.236597    1.199951
    4.241268    1.240692
    4.245939    1.303737
    4.250610    1.322064
    4.255281    1.373156
    4.259952    1.384353
    4.264623    1.380578
    4.269294    1.415036
    4.273965    1.391319
    4.278636    1.387442
    4.283307    1.347448
    4.287978    1.312965
    4.292649    1.266435
    4.297320    1.226548
    4.301991    1.182967
    4.306662    1.120101
    4.311333    1.058803
    4.316004    1.021380
    4.320675    0.988893
    4.325346    0.923214
    4.330017    0.884333
    4.334688    0.801677
    4.339359    0.738873
    4.344030    0.713498
    4.348701    0.674341
    4.353372    0.627556
    4.358043    0.606633
    4.362714    0.580758
    4.367385    0.553517
    4.372056    0.530063
    4.376727    0.528781
    4.381398    0.507377
    4.386069    0.493792
    4.390740    0.492847
    4.395411    0.473932
    4.400082    0.466214
    4.404753    0.454159
    4.409424    0.468165
    4.414095    0.473997
    4.418766    0.463771
    4.423437    0.475930
    4.428108    0.468265
    4.432779    0.492346
    4.437450    0.532963
    4.442121    0.569568
    4.446792    0.578603
    4.451463    0.624283
    4.456134    0.656543
    4.460805    0.712433
    4.465476    0.716654
    4.470147    0.740287
    4.474818    0.775179
    4.479489    0.836935
    4.484160    0.880187
    4.488831    0.919282
    4.493502    0.997337
    4.498173    1.040802
    4.502844    1.068352
    4.507515    1.077828
    4.512186    1.132215
    4.516857    1.166574
    4.521528    1.184250
    4.526199    1.230053
    4.530870    1.278946
    4.535541    1.267478
    4.540212    1.304656
    4.544883    1.319430
    4.549554    1.310753
    4.554225    1.298449
    4.558896    1.272777
    4.563567    1.242498
    4.568238    1.215903
    4.572909    1.212691
    4.577580    1.189559
    4.582251    1.155676
    4.586922    1.119803
    4.591593    1.099486
    4.596264    1.066186
    4.600935    1.028265
    4.605606    1.015921
    4.610277    0.997430
    4.614948    0.971474
    4.619619    0.934007
    4.624290    0.950115
    4.628961    0.930998
    4.633632    0.914265
    4.638303    0.916627
    4.642974    0.912768
    4.647645    0.914662
    4.652316    0.924497
    4.656987    0.913457
    4.661658    0.908664
    4.666329    0.922169
    4.671000    0.915264
