   4.0000000000000001E-003   1.2074941778020603E-005
   8.0000000000000002E-003   4.8358219774807978E-005
   1.2000000000000000E-002   1.0889582303065324E-004
   1.6000000000000000E-002   1.9366583484728124E-004
   2.0000000000000000E-002   3.0256466851370594E-004
   2.4000000000000000E-002   4.3539490574933868E-004
   2.8000000000000001E-002   5.9185440174033984E-004
   3.2000000000000001E-002   7.7152648848615802E-004
   3.6000000000000004E-002   9.7387134413056526E-004
   4.0000000000000001E-002   1.1982188680029040E-003
   4.4000000000000004E-002   1.4437636709046838E-003
   4.8000000000000001E-002   1.7095629809886896E-003
   5.2000000000000005E-002   1.9945382504716214E-003
   5.6000000000000001E-002   2.2974810033550711E-003
   6.0000000000000005E-002   2.6170630508140164E-003
   6.4000000000000001E-002   2.9518507058163912E-003
   6.8000000000000005E-002   3.3003221953734011E-003
   7.2000000000000008E-002   3.6608872024252530E-003
   7.5999999999999998E-002   4.0319074256446414E-003
   8.0000000000000002E-002   4.4117171697106508E-003
   8.4000000000000005E-002   4.7986431233071076E-003
   8.8000000000000009E-002   5.1910225067728919E-003
   9.1999999999999998E-002   5.5872187158940044E-003
   9.6000000000000002E-002   5.9856334462225526E-003
  0.10000000000000001        6.3847143270231391E-003
