    0.004671    0.000000
    0.009342    0.000000
    0.014013    0.000000
    0.018684    0.000000
    0.023355    0.000000
    0.028026    0.000000
    0.032697    0.000000
    0.037368    0.000000
    0.042039    0.000000
    0.046710    0.000000
    0.051381    0.000000
    0.056052    0.000000
    0.060723    0.000000
    0.065394    0.000000
    0.070065    0.000000
    0.074736    0.000000
    0.079407    0.000000
    0.084078    0.000000
    0.088749    0.000000
    0.093420    0.000000
    0.098091    0.000000
    0.102762    0.000000
    0.107433    0.000000
    0.112104    0.000000
    0.116775    0.000000
    0.121446    0.000000
    0.126117    0.000000
    0.130788    0.000000
    0.135459    0.000000
    0.140130    0.000000
    0.144801    0.000000
    0.149472    0.000000
    0.154143    0.000000
    0.158814    0.000000
    0.163485    0.000000
    0.168156    0.000000
    0.172827    0.000000
    0.177498    0.000000
    0.182169    0.000000
    0.186840    0.000000
    0.191511    0.000000
    0.196182    0.000000
    0.200853    0.000000
    0.205524    0.000000
    0.210195    0.000000
    0.214866    0.000000
    0.219537    0.000000
    0.224208    0.000000
    0.228879    0.000000
    0.233550    0.000000
    0.238221    0.000000
    0.242892    0.000000
    0.247563    0.000000
    0.252234    0.000000
    0.256905    0.000000
    0.261576    0.000000
    0.266247    0.000000
    0.270918    0.000000
    0.275589    0.000000
    0.280260    0.000000
    0.284931    0.000000
    0.289602    0.000000
    0.294273    0.000000
    0.298944    0.000000
    0.303615    0.000000
    0.308286    0.000000
    0.312957    0.000000
    0.317628    0.000000
    0.322299    0.000000
    0.326970    0.000000
    0.331641    0.000000
    0.336312    0.000000
    0.340983    0.000000
    0.345654    0.000000
    0.350325    0.000000
    0.354996    0.000000
    0.359667    0.000000
    0.364338    0.000000
    0.369009    0.000000
    0.373680    0.000000
    0.378351    0.000000
    0.383022    0.000000
    0.387693    0.000000
    0.392364    0.000000
    0.397035    0.000000
    0.401706    0.000000
    0.406377    0.000000
    0.411048    0.000000
    0.415719    0.000000
    0.420390    0.000000
    0.425061    0.000000
    0.429732    0.000000
    0.434403    0.000000
    0.439074    0.000000
    0.443745    0.000000
    0.448416    0.000000
    0.453087    0.000000
    0.457758    0.000000
    0.462429    0.000000
    0.467100    0.000000
    0.471771    0.000000
    0.476442    0.000000
    0.481113    0.000000
    0.485784    0.000000
    0.490455    0.000000
    0.495126    0.000000
    0.499797    0.000000
    0.504468    0.000000
    0.509139    0.000000
    0.513810    0.000000
    0.518481    0.000000
    0.523152    0.000000
    0.527823    0.000000
    0.532494    0.000000
    0.537165    0.000000
    0.541836    0.000000
    0.546507    0.000000
    0.551178    0.000000
    0.555849    0.000000
    0.560520    0.000000
    0.565191    0.000000
    0.569862    0.000000
    0.574533    0.000000
    0.579204    0.000000
    0.583875    0.000000
    0.588546    0.000000
    0.593217    0.000000
    0.597888    0.000000
    0.602559    0.000000
    0.607230    0.000000
    0.611901    0.000000
    0.616572    0.000000
    0.621243    0.000000
    0.625914    0.000000
    0.630585    0.000000
    0.635256    0.000000
    0.639927    0.000000
    0.644598    0.000000
    0.649269    0.000000
    0.653940    0.000000
    0.658611    0.000000
    0.663282    0.000000
    0.667953    0.000000
    0.672624    0.000000
    0.677295    0.000000
    0.681966    0.000000
    0.686637    0.000000
    0.691308    0.000000
    0.695979    0.000000
    0.700650    0.000000
    0.705321    0.000000
    0.709992    0.000000
    0.714663    0.000000
    0.719334    0.000000
    0.724005    0.000000
    0.728676    0.000000
    0.733347    0.000000
    0.738018    0.000000
    0.742689    0.000000
    0.747360    0.000000
    0.752031    0.000000
    0.756702    0.000000
    0.761373    0.000000
    0.766044    0.000000
    0.770715    0.000000
    0.775386    0.000000
    0.780057    0.000000
    0.784728    0.000000
    0.789399    0.000000
    0.794070    0.000000
    0.798741    0.000000
    0.803412    0.000000
    0.808083    0.000000
    0.812754    0.000000
    0.817425    0.000000
    0.822096    0.000000
    0.826767    0.000000
    0.831438    0.000000
    0.836109    0.000000
    0.840780    0.000000
    0.845451    0.000000
    0.850122    0.000000
    0.854793    0.000000
    0.859464    0.000000
    0.864135    0.000000
    0.868806    0.000000
    0.873477    0.000000
    0.878148    0.000000
    0.882819    0.000000
    0.887490    0.000000
    0.892161    0.000000
    0.896832    0.000000
    0.901503    0.000000
    0.906174    0.000000
    0.910845    0.000000
    0.915516    0.000000
    0.920187    0.000000
    0.924858    0.000000
    0.929529    0.000000
    0.934200    0.000000
    0.938871    0.000000
    0.943542    0.000000
    0.948213    0.000000
    0.952884    0.000000
    0.957555    0.000000
    0.962226    0.000000
    0.966897    0.000130
    0.971568    0.000778
    0.976239    0.002204
    0.980910    0.004986
    0.985581    0.009750
    0.990252    0.015347
    0.994923    0.023227
    0.999594    0.038815
    1.004265    0.062898
    1.008936    0.096495
    1.013607    0.143977
    1.018278    0.202255
    1.022949    0.284009
    1.027620    0.384074
    1.032291    0.514106
    1.036962    0.674968
    1.041633    0.869769
    1.046304    1.101648
    1.050975    1.375287
    1.055646    1.685889
    1.060317    2.041435
    1.064988    2.417213
    1.069659    2.836421
    1.074330    3.285602
    1.079001    3.769954
    1.083672    4.253639
    1.088343    4.744042
    1.093014    5.225671
    1.097685    5.712199
    1.102356    6.197963
    1.107027    6.683366
    1.111698    7.160130
    1.116369    7.624750
    1.121040    8.066565
    1.125711    8.480477
    1.130382    8.870370
    1.135053    9.246630
    1.139724    9.574148
    1.144395    9.858199
    1.149066   10.124773
    1.153737   10.359403
    1.158408   10.568421
    1.163079   10.761806
    1.167750   10.933926
    1.172421   11.090449
    1.177092   11.221167
    1.181763   11.333667
    1.186434   11.433981
    1.191105   11.525014
    1.195776   11.604449
    1.200447   11.667463
    1.205118   11.723875
    1.209789   11.772069
    1.214460   11.816412
    1.219131   11.850852
    1.223802   11.879130
    1.228473   11.903444
    1.233144   11.925167
    1.237815   11.941319
    1.242486   11.954227
    1.247157   11.965032
    1.251828   11.972236
    1.256499   11.977356
    1.261170   11.983074
    1.265841   11.987755
    1.270512   11.991606
    1.275183   11.994190
    1.279854   11.994792
    1.284525   11.995458
    1.289196   11.996606
    1.293867   11.997278
    1.298538   11.998264
    1.303209   11.998644
    1.307880   11.999241
    1.312551   11.999602
    1.317222   11.999731
    1.321893   11.999935
    1.326564   12.000000
    1.331235   12.000000
    1.335906   12.000000
    1.340577   12.000000
    1.345248   12.000000
    1.349919   12.000394
    1.354590   12.000708
    1.359261   12.000921
    1.363932   12.001231
    1.368603   12.003417
    1.373274   12.004745
    1.377945   12.006083
    1.382616   12.007523
    1.387287   12.009185
    1.391958   12.011963
    1.396629   12.014458
    1.401300   12.017407
    1.405971   12.023727
    1.410642   12.030468
    1.415313   12.037731
    1.419984   12.045681
    1.424655   12.054148
    1.429326   12.067208
    1.433997   12.083519
    1.438668   12.100190
    1.443339   12.126792
    1.448010   12.153731
    1.452681   12.182167
    1.457352   12.214315
    1.462023   12.249884
    1.466694   12.291759
    1.471365   12.346620
    1.476036   12.402954
    1.480707   12.469546
    1.485378   12.549204
    1.490049   12.630972
    1.494720   12.727731
    1.499391   12.843333
    1.504062   12.964509
    1.508733   13.101310
    1.513404   13.256667
    1.518075   13.411315
    1.522746   13.570750
    1.527417   13.729370
    1.532088   13.888824
    1.536759   14.056264
    1.541430   14.244042
    1.546101   14.443750
    1.550772   14.636722
    1.555443   14.828116
    1.560114   15.025884
    1.564785   15.231532
    1.569456   15.442662
    1.574127   15.634329
    1.578798   15.833324
    1.583469   16.036444
    1.588140   16.223319
    1.592811   16.397880
    1.597482   16.572176
    1.602153   16.719931
    1.606824   16.856847
    1.611495   16.979824
    1.616166   17.097560
    1.620837   17.204954
    1.625508   17.303389
    1.630179   17.394611
    1.634850   17.475421
    1.639521   17.549495
    1.644192   17.608917
    1.648863   17.660764
    1.653534   17.705551
    1.658205   17.749296
    1.662876   17.789500
    1.667547   17.821329
    1.672218   17.850046
    1.676889   17.873556
    1.681560   17.897231
    1.686231   17.917884
    1.690902   17.934171
    1.695573   17.948769
    1.700244   17.962949
    1.704915   17.973287
    1.709586   17.980889
    1.714257   17.987079
    1.718928   17.993019
    1.723599   17.998028
    1.728270   18.002329
    1.732941   18.007199
    1.737612   18.012292
    1.742283   18.017963
    1.746954   18.024625
    1.751625   18.031208
    1.756296   18.043528
    1.760967   18.057935
    1.765638   18.074213
    1.770309   18.099056
    1.774980   18.133662
    1.779651   18.174648
    1.784322   18.235431
    1.788993   18.295171
    1.793664   18.369356
    1.798335   18.464079
    1.803006   18.582472
    1.807677   18.716088
    1.812348   18.878000
    1.817019   19.065551
    1.821690   19.277310
    1.826361   19.516157
    1.831032   19.782301
    1.835703   20.087245
    1.840374   20.435213
    1.845045   20.833620
    1.849716   21.276958
    1.854387   21.781662
    1.859058   22.315500
    1.863729   22.877653
    1.868400   23.490606
    1.873071   24.155843
    1.877742   24.850245
    1.882413   25.573056
    1.887084   26.337190
    1.891755   27.131731
    1.896426   27.963412
    1.901097   28.795972
    1.905768   29.606866
    1.910439   30.432412
    1.915110   31.272708
    1.919781   32.073583
    1.924452   32.868269
    1.929123   33.625014
    1.933794   34.393727
    1.938465   35.125991
    1.943136   35.822778
    1.947807   36.465449
    1.952478   37.080926
    1.957149   37.653125
    1.961820   38.157389
    1.966491   38.618556
    1.971162   39.028366
    1.975833   39.380731
    1.980504   39.720991
    1.985175   40.037801
    1.989846   40.324329
    1.994517   40.584764
    1.999188   40.812880
    2.003859   41.011426
    2.008530   41.178093
    2.013201   41.319944
    2.017872   41.443167
    2.022543   41.540551
    2.027214   41.619042
    2.031885   41.691046
    2.036556   41.751671
    2.041227   41.805264
    2.045898   41.854301
    2.050569   41.889699
    2.055240   41.919463
    2.059911   41.947593
    2.064582   41.972903
    2.069253   42.001792
    2.073924   42.034463
    2.078595   42.065838
    2.083266   42.098472
    2.087937   42.135778
    2.092608   42.175125
    2.097279   42.229509
    2.101950   42.293579
    2.106621   42.371282
    2.111292   42.469116
    2.115963   42.581176
    2.120634   42.700435
    2.125305   42.832505
    2.129976   42.978481
    2.134647   43.150782
    2.139318   43.333208
    2.143989   43.546523
    2.148660   43.792227
    2.153331   44.064750
    2.158002   44.360264
    2.162673   44.680093
    2.167344   45.027875
    2.172015   45.407829
    2.176686   45.798769
    2.181357   46.204435
    2.186028   46.623093
    2.190699   47.039657
    2.195370   47.448551
    2.200041   47.863921
    2.204712   48.271926
    2.209383   48.678171
    2.214054   49.053653
    2.218725   49.448991
    2.223396   49.827194
    2.228067   50.205495
    2.232738   50.556338
    2.237409   50.884736
    2.242080   51.217153
    2.246751   51.520852
    2.251422   51.803829
    2.256093   52.063167
    2.260764   52.304380
    2.265435   52.520343
    2.270106   52.708870
    2.274777   52.882491
    2.279448   53.034713
    2.284119   53.171171
    2.288790   53.303218
    2.293461   53.413949
    2.298132   53.517046
    2.302803   53.609440
    2.307474   53.698472
    2.312145   53.779796
    2.316816   53.860306
    2.321487   53.939532
    2.326158   54.012954
    2.330829   54.085829
    2.335500   54.166213
    2.340171   54.245505
    2.344842   54.341324
    2.349513   54.446231
    2.354184   54.568699
    2.358855   54.713653
    2.363526   54.867000
    2.368197   55.038583
    2.372868   55.235639
    2.377539   55.472574
    2.382210   55.735176
    2.386881   56.038894
    2.391552   56.366306
    2.396223   56.720782
    2.400894   57.139458
    2.405565   57.596870
    2.410236   58.083602
    2.414907   58.626671
    2.419578   59.216171
    2.424249   59.824069
    2.428920   60.475269
    2.433591   61.140949
    2.438262   61.856880
    2.442933   62.617116
    2.447604   63.384278
    2.452275   64.186551
    2.456946   65.004718
    2.461617   65.806042
    2.466288   66.639593
    2.470959   67.437704
    2.475630   68.241236
    2.480301   69.009611
    2.484972   69.771829
    2.489643   70.505403
    2.494314   71.207509
    2.498985   71.853231
    2.503656   72.452301
    2.508327   73.022676
    2.512998   73.560259
    2.517669   74.062269
    2.522340   74.518750
    2.527011   74.951769
    2.531682   75.347361
    2.536353   75.696083
    2.541024   76.016269
    2.545695   76.305875
    2.550366   76.566412
    2.555037   76.791537
    2.559708   76.999250
    2.564379   77.185514
    2.569050   77.352653
    2.573721   77.502602
    2.578392   77.635972
    2.583063   77.754282
    2.587734   77.857144
    2.592405   77.959745
    2.597076   78.053458
    2.601747   78.149532
    2.606418   78.249856
    2.611089   78.352903
    2.615760   78.471458
    2.620431   78.591435
    2.625102   78.721301
    2.629773   78.861023
    2.634444   79.009792
    2.639115   79.179931
    2.643786   79.349329
    2.648457   79.531676
    2.653128   79.721694
    2.657799   79.929167
    2.662470   80.136153
    2.667141   80.367116
    2.671812   80.596958
    2.676483   80.840329
    2.681154   81.089111
    2.685825   81.342977
    2.690496   81.595690
    2.695167   81.850898
    2.699838   82.109764
    2.704509   82.370125
    2.709180   82.627903
    2.713851   82.875370
    2.718522   83.122824
    2.723193   83.383477
    2.727864   83.634051
    2.732535   83.862245
    2.737206   84.096218
    2.741877   84.302296
    2.746548   84.503579
    2.751219   84.694870
    2.755890   84.878806
    2.760561   85.054176
    2.765232   85.229958
    2.769903   85.407569
    2.774574   85.584583
    2.779245   85.762630
    2.783916   85.956889
    2.788587   86.160639
    2.793258   86.377287
    2.797929   86.605000
    2.802600   86.850606
    2.807271   87.130708
    2.811942   87.439528
    2.816613   87.777292
    2.821284   88.180935
    2.825955   88.632000
    2.830626   89.148060
    2.835297   89.711755
    2.839968   90.347843
    2.844639   91.087894
    2.849310   91.899866
    2.853981   92.777194
    2.858652   93.727282
    2.863323   94.745949
    2.867994   95.844347
    2.872665   97.040370
    2.877336   98.306731
    2.882007   99.644157
    2.886678  101.068981
    2.891349  102.549222
    2.896020  104.063644
    2.900691  105.611074
    2.905362  107.185713
    2.910033  108.792884
    2.914704  110.429718
    2.919375  112.025069
    2.924046  113.578463
    2.928717  115.094583
    2.933388  116.587028
    2.938059  118.052528
    2.942730  119.478574
    2.947401  120.828222
    2.952072  122.106903
    2.956743  123.298870
    2.961414  124.438111
    2.966085  125.515583
    2.970756  126.517227
    2.975427  127.450958
    2.980098  128.314356
    2.984769  129.094866
    2.989440  129.785838
    2.994111  130.390116
    2.998782  130.954250
    3.003453  131.440102
    3.008124  131.884412
    3.012795  132.281190
    3.017466  132.640509
    3.022137  132.958361
    3.026808  133.249375
    3.031479  133.494431
    3.036150  133.723218
    3.040821  133.935227
    3.045492  134.141782
    3.050163  134.355106
    3.054834  134.565657
    3.059505  134.757241
    3.064176  134.941944
    3.068847  135.123222
    3.073518  135.309292
    3.078189  135.504296
    3.082860  135.690782
    3.087531  135.873384
    3.092202  136.064741
    3.096873  136.250282
    3.101544  136.445509
    3.106215  136.645144
    3.110886  136.854389
    3.115557  137.066458
    3.120228  137.272824
    3.124899  137.462218
    3.129570  137.657458
    3.134241  137.855944
    3.138912  138.050782
    3.143583  138.243181
    3.148254  138.428347
    3.152925  138.608944
    3.157596  138.790935
    3.162267  138.983972
    3.166938  139.167995
    3.171609  139.364236
    3.176280  139.558870
    3.180951  139.770681
    3.185622  139.996083
    3.190293  140.224069
    3.194964  140.471995
    3.199635  140.745810
    3.204306  141.050606
    3.208977  141.387282
    3.213648  141.756796
    3.218319  142.152394
    3.222990  142.581181
    3.227661  143.083130
    3.232332  143.611074
    3.237003  144.202486
    3.241674  144.849537
    3.246345  145.545407
    3.251016  146.297847
    3.255687  147.088421
    3.260358  147.956097
    3.265029  148.861444
    3.269700  149.829125
    3.274371  150.858218
    3.279042  151.936532
    3.283713  153.051028
    3.288384  154.194824
    3.293055  155.350380
    3.297726  156.517653
    3.302397  157.696963
    3.307068  158.899069
    3.311739  160.100264
    3.316410  161.280495
    3.321081  162.421829
    3.325752  163.558935
    3.330423  164.659806
    3.335094  165.708403
    3.339765  166.730648
    3.344436  167.703977
    3.349107  168.630491
    3.353778  169.515019
    3.358449  170.338625
    3.363120  171.121644
    3.367791  171.862778
    3.372462  172.548088
    3.377133  173.194917
    3.381804  173.822125
    3.386475  174.403866
    3.391146  174.965157
    3.395817  175.513750
    3.400488  176.064148
    3.405159  176.608157
    3.409830  177.165644
    3.414501  177.736463
    3.419172  178.298431
    3.423843  178.894986
    3.428514  179.512398
    3.433185  180.140333
    3.437856  180.781463
    3.442527  181.423310
    3.447198  182.110074
    3.451869  182.832208
    3.456540  183.568148
    3.461211  184.321671
    3.465882  185.134986
    3.470553  185.953787
    3.475224  186.800500
    3.479895  187.618014
    3.484566  188.424449
    3.489237  189.225616
    3.493908  190.018042
    3.498579  190.799028
    3.503250  191.555884
    3.507921  192.311083
    3.512592  193.027125
    3.517263  193.731856
    3.521934  194.427171
    3.526605  195.093449
    3.531276  195.728472
    3.535947  196.346648
    3.540618  196.944579
    3.545289  197.507606
    3.549960  198.048495
    3.554631  198.575181
    3.559302  199.085593
    3.563973  199.599944
    3.568644  200.101931
    3.573315  200.613500
    3.577986  201.126190
    3.582657  201.670833
    3.587328  202.232620
    3.591999  202.807940
    3.596670  203.381912
    3.601341  203.987787
    3.606012  204.622338
    3.610683  205.276495
    3.615354  205.946065
    3.620025  206.636519
    3.624696  207.358611
    3.629367  208.097898
    3.634038  208.868718
    3.638709  209.668231
    3.643380  210.459602
    3.648051  211.257208
    3.652722  212.051375
    3.657393  212.866537
    3.662064  213.676134
    3.666735  214.457880
    3.671406  215.233940
    3.676077  216.015273
    3.680748  216.756333
    3.685419  217.494056
    3.690090  218.215833
    3.694761  218.911769
    3.699432  219.588264
    3.704103  220.224894
    3.708774  220.848773
    3.713445  221.453079
    3.718116  222.052245
    3.722787  222.651935
    3.727458  223.253398
    3.732129  223.837236
    3.736800  224.416213
    3.741471  224.976051
    3.746142  225.562074
    3.750813  226.164824
    3.755484  226.782417
    3.760155  227.385329
    3.764826  228.022338
    3.769497  228.672361
    3.774168  229.356500
    3.778839  230.083306
    3.783510  230.828440
    3.788181  231.577926
    3.792852  232.333227
    3.797523  233.129532
    3.802194  233.937079
    3.806865  234.776810
    3.811536  235.624278
    3.816207  236.484995
    3.820878  237.385231
    3.825549  238.250843
    3.830220  239.108903
    3.834891  239.977218
    3.839562  240.862394
    3.844233  241.760352
    3.848904  242.655741
    3.853575  243.561463
    3.858246  244.482875
    3.862917  245.413301
    3.867588  246.364009
    3.872259  247.373028
    3.876930  248.432370
    3.881601  249.546458
    3.886272  250.729741
    3.890943  251.946236
    3.895614  253.198579
    3.900285  254.517935
    3.904956  255.914144
    3.909627  257.405773
    3.914298  258.990954
    3.918969  260.684301
    3.923640  262.443824
    3.928311  264.270407
    3.932982  266.194593
    3.937653  268.178824
    3.942324  270.317870
    3.946995  272.490361
    3.951666  274.719852
    3.956337  276.964176
    3.961008  279.268444
    3.965679  281.615310
    3.970350  283.978403
    3.975021  286.299315
    3.979692  288.646000
    3.984363  290.953292
    3.989034  293.229213
    3.993705  295.416218
    3.998376  297.513537
    4.003047  299.505014
    4.007718  301.377560
    4.012389  303.225056
    4.017060  304.919231
    4.021731  306.496472
    4.026402  307.972801
    4.031073  309.316148
    4.035744  310.594208
    4.040415  311.785981
    4.045086  312.851185
    4.049757  313.831537
    4.054428  314.681606
    4.059099  315.453306
    4.063770  316.143431
    4.068441  316.733333
    4.073112  317.241264
    4.077783  317.669306
    4.082454  318.049824
    4.087125  318.376301
    4.091796  318.686153
    4.096467  318.953778
    4.101138  319.180514
    4.105809  319.384370
    4.110480  319.571755
    4.115151  319.735366
    4.119822  319.887745
    4.124493  320.035426
    4.129164  320.195824
    4.133835  320.366782
    4.138506  320.541458
    4.143177  320.736546
    4.147848  320.942699
    4.152519  321.168157
    4.157190  321.438301
    4.161861  321.746361
    4.166532  322.092056
    4.171203  322.472542
    4.175874  322.927060
    4.180545  323.441264
    4.185216  324.007560
    4.189887  324.642694
    4.194558  325.346190
    4.199229  326.128755
    4.203900  326.998023
    4.208571  327.928282
    4.213242  328.949171
    4.217913  330.041181
    4.222584  331.196171
    4.227255  332.422472
    4.231926  333.716718
    4.236597  335.056431
    4.241268  336.444685
    4.245939  337.906699
    4.250610  339.392528
    4.255281  340.939171
    4.259952  342.501852
    4.264623  344.063690
    4.269294  345.668019
    4.273965  347.248912
    4.278636  348.828847
    4.283307  350.366593
    4.287978  351.868255
    4.292649  353.319856
    4.297320  354.728801
    4.301991  356.090639
    4.306662  357.382907
    4.311333  358.607106
    4.316004  359.790597
    4.320675  360.938926
    4.325346  362.013306
    4.330017  363.044662
    4.334688  363.981639
    4.339359  364.847074
    4.344030  365.684588
    4.348701  366.477843
    4.353372  367.217648
    4.358043  367.934324
    4.362714  368.621903
    4.367385  369.278634
    4.372056  369.908884
    4.376727  370.538954
    4.381398  371.144810
    4.386069  371.735704
    4.390740  372.326722
    4.395411  372.896269
    4.400082  373.457731
    4.404753  374.005838
    4.409424  374.572046
    4.414095  375.146523
    4.418766  375.709796
    4.423437  376.289060
    4.428108  376.860199
    4.432779  377.461977
    4.437450  378.114773
    4.442121  378.813875
    4.446792  379.525560
    4.451463  380.295046
    4.456134  381.105995
    4.460805  381.987824
    4.465476  382.876736
    4.470147  383.796884
    4.474818  384.762417
    4.479489  385.807046
    4.484160  386.907954
    4.488831  388.060157
    4.493502  389.312796
    4.498173  390.622745
    4.502844  391.970162
    4.507515  393.332352
    4.512186  394.766245
    4.516857  396.246713
    4.521528  397.752722
    4.526199  399.320213
    4.530870  400.953375
    4.535541  402.575231
    4.540212  404.248102
    4.544883  405.943398
    4.549554  407.631009
    4.554225  409.306213
    4.558896  410.951667
    4.563567  412.561269
    4.568238  414.139644
    4.572909  415.717069
    4.577580  417.267569
    4.582251  418.776981
    4.586922  420.242523
    4.591593  421.684407
    4.596264  423.085468
    4.600935  424.439444
    4.605606  425.779884
    4.610277  427.098597
    4.614948  428.385597
    4.619619  429.625468
    4.624290  430.889273
    4.628961  432.130153
    4.633632  433.351190
    4.638303  434.577852
    4.642974  435.801810
    4.647645  437.030778
    4.652316  438.275458
    4.656987  439.507745
    4.661658  440.736028
    4.666329  441.985065
    4.671000  443.227231
