   0.1111674  -3.4300391   3.5412065
   0.1111686  -3.4236485   3.5348171
   0.1111663  -3.4877468   3.5989131
   0.1111644  -3.5405587   3.6517231
   0.1111662  -3.5158051   3.6269714
   0.1111677  -3.4710044   3.5821721
   0.1111679  -3.4625540   3.5737219
   0.1111668  -3.4999397   3.6111065
   0.1111645  -3.5319537   3.6431182
   0.1111655  -3.4794322   3.5905977
   0.1111686  -3.3782073   3.4893758
   0.1111690  -3.3528148   3.4639838
   0.1111666  -3.4222951   3.5334617
   0.1111645  -3.4939845   3.6051490
   0.1111648  -3.4882824   3.5994472
   0.1111669  -3.4254548   3.5366217
   0.1111673  -3.3913633   3.5025306
   0.1111661  -3.4008831   3.5120492
   0.1111655  -3.4112351   3.5224006
   0.1111676  -3.3992951   3.5104627
   0.1111671  -3.4234329   3.5346000
   0.1111670  -3.4749220   3.5860891
   0.1111667  -3.5370000   3.6481667
   0.1111660  -3.5890420   3.7002080
   0.1111668  -3.6005229   3.7116898
   0.1111663  -3.5917613   3.7029276
   0.1111663  -3.5542193   3.6653856
   0.1111675  -3.4981493   3.6093167
   0.1111668  -3.4640743   3.5752411
   0.1111663  -3.4354395   3.5466058
   0.1111675  -3.3990561   3.5102236
   0.1111676  -3.3942315   3.5053990
   0.1111667  -3.4280285   3.5391952
   0.1111647  -3.4634579   3.5746226
   0.1111661  -3.4488566   3.5600227
   0.1111666  -3.4236450   3.5348116
   0.1111672  -3.4144490   3.5256163
   0.1111651  -3.4611385   3.5723035
   0.1111648  -3.5006536   3.6118184
   0.1111674  -3.4755748   3.5867423
   0.1111677  -3.4730691   3.5842368
   0.1111671  -3.5124576   3.6236247
   0.1111652  -3.5468081   3.6579733
   0.1111656  -3.5057470   3.6169126
   0.1111671  -3.4052096   3.5163767
   0.1111676  -3.3183055   3.4294731
   0.1111667  -3.2732327   3.3843994
   0.1111681  -3.2641552   3.3753233
   0.1111672  -3.3265849   3.4377521
   0.1111666  -3.4311390   3.5423056
   0.1111652  -3.5336932   3.6448584
   0.1111665  -3.5823162   3.6934826
   0.1111656  -3.5907461   3.7019117
   0.1111657  -3.5454770   3.6566427
   0.1111683  -3.4644299   3.5755982
   0.1111693  -3.4337302   3.5448994
   0.1111667  -3.4763601   3.5875268
   0.1111653  -3.5080133   3.6191787
   0.1111669  -3.4830858   3.5942527
   0.1111670  -3.4545622   3.5657293
   0.1111666  -3.4355369   3.5467034
   0.1111672  -3.4200183   3.5311855
   0.1111673  -3.4294823   3.5406497
   0.1111670  -3.4643600   3.5755270
   0.1111661  -3.5061569   3.6173231
   0.1111666  -3.5269127   3.6380793
   0.1111663  -3.5373117   3.6484780
   0.1111653  -3.5299950   3.6411603
   0.1111674  -3.4883695   3.5995370
   0.1111672  -3.4701601   3.5813272
   0.1111668  -3.4835496   3.5947164
   0.1111669  -3.5040646   3.6152316
   0.1111671  -3.5333633   3.6445304
   0.1111662  -3.5753108   3.6864770
   0.1111654  -3.5902008   3.7013662
   0.1111671  -3.5527462   3.6639133
   0.1111680  -3.5239370   3.6351050
   0.1111675  -3.5470227   3.6581902
   0.1111667  -3.6046524   3.7158191
   0.1111654  -3.6478724   3.7590378
   0.1111650  -3.6290931   3.7402581
   0.1111662  -3.5402841   3.6514503
   0.1111670  -3.4390560   3.5502230
   0.1111679  -3.3803267   3.4914946
   0.1111660  -3.3932240   3.5043899
   0.1111661  -3.4227982   3.5339643
   0.1111660  -3.4463728   3.5575388
   0.1111657  -3.4484514   3.5596171
   0.1111673  -3.4217075   3.5328748
   0.1111677  -3.4147673   3.5259350
   0.1111666  -3.4492796   3.5604462
   0.1111651  -3.4814180   3.5925832
   0.1111663  -3.4581446   3.5693109
   0.1111665  -3.4143968   3.5255634
   0.1111670  -3.3726911   3.4838581
   0.1111682  -3.3705123   3.4816805
   0.1111666  -3.4395766   3.5507433
   0.1111656  -3.5273330   3.6384987
   0.1111642  -3.5704342   3.6815984
   0.1111665  -3.5311681   3.6423346
   0.1111675  -3.4797808   3.5909483
   0.1111676  -3.4648386   3.5760062
   0.1111661  -3.4850399   3.5962059
   0.1111661  -3.4904208   3.6015869
   0.1111671  -3.4782985   3.5894655
   0.1111662  -3.4728892   3.5840554
   0.1111671  -3.4647422   3.5759093
   0.1111670  -3.4765639   3.5877310
   0.1111670  -3.5106536   3.6218206
   0.1111655  -3.5461138   3.6572793
   0.1111659  -3.5381251   3.6492910
   0.1111662  -3.4925038   3.6036700
   0.1111678  -3.4294617   3.5406295
   0.1111688  -3.4114746   3.5226434
   0.1111678  -3.4847723   3.5959401
   0.1111643  -3.5963863   3.7075507
   0.1111649  -3.6221319   3.7332968
   0.1111667  -3.5770695   3.6882362
   0.1111670  -3.5318222   3.6429892
   0.1111665  -3.5077040   3.6188705
   0.1111657  -3.4823641   3.5935298
   0.1111671  -3.4352735   3.5464406
   0.1111675  -3.4114044   3.5225720
   0.1111658  -3.4256218   3.5367876
   0.1111655  -3.4243686   3.5355341
   0.1111663  -3.3846535   3.4958198
   0.1111670  -3.3281932   3.4393601
   0.1111684  -3.2918978   3.4030662
   0.1111673  -3.3186126   3.4297799
   0.1111659  -3.3669535   3.4781194
   0.1111672  -3.3925525   3.5037197
   0.1111666  -3.4201749   3.5313415
   0.1111666  -3.4338897   3.5450563
   0.1111667  -3.4374008   3.5485674
   0.1111667  -3.4448400   3.5560067
   0.1111671  -3.4611203   3.5722874
   0.1111669  -3.4960657   3.6072326
   0.1111661  -3.5351120   3.6462781
   0.1111666  -3.5535242   3.6646908
   0.1111656  -3.5553477   3.6665133
   0.1111653  -3.5078907   3.6190561
   0.1111673  -3.4197423   3.5309096
   0.1111687  -3.3727637   3.4839324
   0.1111671  -3.4242542   3.5354213
   0.1111639  -3.5106764   3.6218403
   0.1111653  -3.5225523   3.6337176
   0.1111671  -3.4881289   3.5992959
   0.1111680  -3.4816223   3.5927902
   0.1111660  -3.5243267   3.6354927
   0.1111651  -3.5406440   3.6518092
   0.1111668  -3.5010074   3.6121742
   0.1111677  -3.4564262   3.5675938
   0.1111680  -3.4484621   3.5596302
   0.1111663  -3.4942318   3.6053981
   0.1111647  -3.5354308   3.6465955
   0.1111656  -3.5193482   3.6305137
   0.1111680  -3.4845757   3.5957438
   0.1111666  -3.5019621   3.6131287
   0.1111649  -3.5327698   3.6439347
   0.1111657  -3.5150276   3.6261932
   0.1111681  -3.4721190   3.5832871
   0.1111675  -3.4744749   3.5856424
   0.1111668  -3.5158292   3.6269960
   0.1111666  -3.5603947   3.6715613
   0.1111648  -3.5784218   3.6895866
   0.1111664  -3.5248858   3.6360522
   0.1111682  -3.4574336   3.5686018
   0.1111674  -3.4523410   3.5635084
   0.1111670  -3.5025469   3.6137140
   0.1111663  -3.5885150   3.6996813
   0.1111644  -3.6651310   3.7762954
   0.1111656  -3.6603910   3.7715566
   0.1111676  -3.6030965   3.7142640
   0.1111667  -3.5635050   3.6746716
   0.1111665  -3.5233312   3.6344977
   0.1111664  -3.4868952   3.5980616
   0.1111669  -3.4647890   3.5759560
   0.1111666  -3.4573357   3.5685023
   0.1111660  -3.4490570   3.5602230
   0.1111673  -3.4254953   3.5366626
   0.1111682  -3.4227203   3.5338885
   0.1111678  -3.4782865   3.5894543
   0.1111667  -3.5699094   3.6810762
   0.1111658  -3.6407068   3.7518726
   0.1111656  -3.6429353   3.7541009
   0.1111667  -3.5785763   3.6897430
   0.1111675  -3.4959653   3.6071328
   0.1111675  -3.4433029   3.5544704
   0.1111664  -3.4409252   3.5520916
   0.1111666  -3.4597403   3.5709069
   0.1111674  -3.5012201   3.6123874
   0.1111653  -3.5706772   3.6818425
   0.1111649  -3.5938338   3.7049988
   0.1111674  -3.5551094   3.6662768
   0.1111659  -3.5373190   3.6484848
   0.1111656  -3.5074133   3.6185789
   0.1111665  -3.4434453   3.5546117
   0.1111679  -3.3843843   3.4955523
   0.1111670  -3.3704129   3.4815798
   0.1111662  -3.3767879   3.4879540
   0.1111668  -3.3733581   3.4845249
   0.1111663  -3.3668790   3.4780453
   0.1111671  -3.3467178   3.4578849
   0.1111687  -3.3460780   3.4572467
   0.1111669  -3.4000350   3.5112020
   0.1111658  -3.4512567   3.5624225
   0.1111665  -3.4609538   3.5721203
   0.1111672  -3.4591698   3.5703370
   0.1111663  -3.4731148   3.5842811
   0.1111667  -3.4850287   3.5961954
   0.1111666  -3.5006150   3.6117816
   0.1111664  -3.5251910   3.6363574
   0.1111663  -3.5534180   3.6645843
   0.1111651  -3.5632059   3.6743710
   0.1111657  -3.5181149   3.6292805
   0.1111665  -3.4297123   3.5408787
   0.1111695  -3.3560172   3.4671867
   0.1111682  -3.3926917   3.5038599
   0.1111658  -3.4961188   3.6072846
   0.1111660  -3.5703143   3.6814803
   0.1111655  -3.5963588   3.7075242
   0.1111668  -3.5677163   3.6788831
   0.1111666  -3.5243344   3.6355010
   0.1111658  -3.4727237   3.5838895
   0.1111672  -3.4039697   3.5151369
   0.1111675  -3.3790202   3.4901878
   0.1111655  -3.4171417   3.5283072
   0.1111651  -3.4446834   3.5558485
   0.1111658  -3.4341266   3.5452924
   0.1111655  -3.4072393   3.5184047
   0.1111674  -3.3714018   3.4825693
   0.1111669  -3.3970318   3.5081986
   0.1111653  -3.4717095   3.5828749
   0.1111657  -3.5276388   3.6388045
   0.1111643  -3.5469353   3.6580996
   0.1111661  -3.4910108   3.6021769
   0.1111678  -3.4226952   3.5338630
   0.1111667  -3.4115347   3.5227014
   0.1111650  -3.4278376   3.5390026
   0.1111652  -3.4072934   3.5184587
   0.1111676  -3.3667916   3.4779592
   0.1111669  -3.3827424   3.4939093
   0.1111651  -3.4351292   3.5462943
   0.1111663  -3.4679255   3.5790917
   0.1111649  -3.4716010   3.5827659
   0.1111654  -3.4147036   3.5258691
   0.1111672  -3.3209036   3.4320708
   0.1111681  -3.2596493   3.3708175
   0.1111677  -3.2775422   3.3887100
   0.1111663  -3.3545189   3.4656851
   0.1111654  -3.4268150   3.5379804
   0.1111652  -3.4485174   3.5596825
   0.1111666  -3.4087034   3.5198699
   0.1111685  -3.3757583   3.4869268
   0.1111672  -3.4146432   3.5258104
   0.1111650  -3.4711702   3.5823353
   0.1111666  -3.4748879   3.5860545
   0.1111676  -3.4648791   3.5760466
   0.1111665  -3.4733051   3.5844717
   0.1111660  -3.4711162   3.5822821
   0.1111661  -3.4355867   3.5467528
   0.1111664  -3.3741074   3.4852737
   0.1111676  -3.3093463   3.4205140
   0.1111684  -3.2888601   3.4000284
   0.1111664  -3.3329026   3.4440690
   0.1111651  -3.3722919   3.4834570
   0.1111664  -3.3591217   3.4702881
   0.1111668  -3.3338307   3.4449975
   0.1111671  -3.3221646   3.4333317
   0.1111686  -3.3568032   3.4679718
   0.1111650  -3.4712795   3.5824445
   0.1111638  -3.5467165   3.6578803
   0.1111658  -3.5257652   3.6369311
   0.1111660  -3.4600622   3.5712282
   0.1111684  -3.3911626   3.5023309
   0.1111666  -3.3923597   3.5035263
   0.1111657  -3.4183134   3.5294791
   0.1111679  -3.4282588   3.5394267
   0.1111678  -3.4792867   3.5904544
   0.1111655  -3.5603582   3.6715237
   0.1111649  -3.5892013   3.7003662
   0.1111659  -3.5410073   3.6521732
   0.1111673  -3.4622211   3.5733884
   0.1111675  -3.4153892   3.5265568
   0.1111665  -3.4088449   3.5200114
   0.1111661  -3.4029052   3.5140714
   0.1111672  -3.3796082   3.4907753
   0.1111664  -3.3686204   3.4797868
   0.1111660  -3.3592425   3.4704085
   0.1111670  -3.3494342   3.4606011
   0.1111673  -3.3766910   3.4878583
   0.1111653  -3.4484643   3.5596296
   0.1111657  -3.5126779   3.6238436
   0.1111655  -3.5489741   3.6601395
   0.1111662  -3.5454308   3.6565970
   0.1111657  -3.5134065   3.6245722
   0.1111678  -3.4574847   3.5686525
   0.1111673  -3.4461314   3.5572988
   0.1111660  -3.4776846   3.5888506
   0.1111668  -3.5041338   3.6153006
   0.1111661  -3.5346831   3.6458492
   0.1111652  -3.5430689   3.6542340
   0.1111659  -3.5019616   3.6131274
   0.1111659  -3.4334279   3.5445937
   0.1111677  -3.3663050   3.4774727
   0.1111660  -3.3571350   3.4683009
   0.1111660  -3.3688950   3.4800610
   0.1111661  -3.3805941   3.4917602
   0.1111662  -3.3870265   3.4981927
   0.1111664  -3.3856043   3.4967707
   0.1111660  -3.3776387   3.4888048
   0.1111671  -3.3594924   3.4706595
   0.1111675  -3.3749467   3.4861141
   0.1111658  -3.4324824   3.5436482
   0.1111647  -3.4756258   3.5867905
   0.1111663  -3.4623750   3.5735412
   0.1111673  -3.4297147   3.5408820
   0.1111666  -3.4138805   3.5250471
   0.1111664  -3.3989290   3.5100954
   0.1111669  -3.3780287   3.4891956
   0.1111674  -3.3727277   3.4838952
   0.1111662  -3.3992729   3.5104391
   0.1111664  -3.4130253   3.5241918
   0.1111677  -3.4175994   3.5287671
   0.1111664  -3.4413877   3.5525541
   0.1111666  -3.4415572   3.5527238
   0.1111669  -3.4145935   3.5257604
   0.1111669  -3.3771865   3.4883534
   0.1111676  -3.3402463   3.4514139
   0.1111675  -3.3387860   3.4499535
   0.1111668  -3.3765793   3.4877462
   0.1111663  -3.4305010   3.5416672
   0.1111655  -3.4728101   3.5839756
   0.1111654  -3.4685522   3.5797175
   0.1111669  -3.4200464   3.5312133
   0.1111664  -3.3795992   3.4907656
   0.1111680  -3.3584016   3.4695696
   0.1111671  -3.3981675   3.5093345
   0.1111648  -3.4628340   3.5739988
   0.1111651  -3.4654576   3.5766228
   0.1111672  -3.4221143   3.5332816
   0.1111659  -3.4023494   3.5135154
   0.1111659  -3.3781642   3.4893301
   0.1111686  -3.3563973   3.4675659
   0.1111668  -3.4093556   3.5205223
   0.1111639  -3.4700525   3.5812165
   0.1111653  -3.4357777   3.5469431
   0.1111688  -3.3608717   3.4720405
   0.1111681  -3.3579224   3.4690904
   0.1111660  -3.4100705   3.5212365
   0.1111662  -3.4500766   3.5612428
   0.1111662  -3.4706313   3.5817975
   0.1111673  -3.4812960   3.5924634
   0.1111668  -3.5122539   3.6234207
   0.1111654  -3.5422339   3.6533993
   0.1111661  -3.5261063   3.6372724
   0.1111658  -3.4723344   3.5835001
   0.1111672  -3.3845035   3.4956707
   0.1111692  -3.3270201   3.4381894
   0.1111664  -3.3624421   3.4736084
   0.1111640  -3.4047874   3.5159514
   0.1111657  -3.3745642   3.4857299
   0.1111682  -3.3281234   3.4392915
   0.1111673  -3.3496515   3.4608188
   0.1111660  -3.4162486   3.5274146
   0.1111665  -3.4696475   3.5808140
   0.1111671  -3.5077672   3.6189343
   0.1111661  -3.5386991   3.6498652
   0.1111643  -3.5247390   3.6359033
   0.1111670  -3.4201890   3.5313560
   0.1111685  -3.3247187   3.4358872
   0.1111677  -3.3067553   3.4179230
   0.1111669  -3.3442431   3.4554101
   0.1111651  -3.3972697   3.5084347
   0.1111668  -3.4212261   3.5323929
   0.1111662  -3.4447620   3.5559281
   0.1111667  -3.4499640   3.5611307
   0.1111668  -3.4510828   3.5622496
   0.1111664  -3.4507242   3.5618905
   0.1111664  -3.4339350   3.5451014
   0.1111660  -3.4043021   3.5154681
   0.1111686  -3.3777122   3.4888808
   0.1111673  -3.4307442   3.5419115
   0.1111655  -3.5253599   3.6365254
   0.1111654  -3.5879980   3.6991634
   0.1111658  -3.5978971   3.7090629
   0.1111659  -3.5589451   3.6701110
   0.1111667  -3.4850209   3.5961876
   0.1111674  -3.4194229   3.5305903
   0.1111665  -3.3921926   3.5033591
   0.1111669  -3.3911921   3.5023591
   0.1111652  -3.4093042   3.5204694
   0.1111663  -3.3999323   3.5110986
   0.1111666  -3.3989291   3.5100957
   0.1111664  -3.4282332   3.5393996
   0.1111658  -3.4808325   3.5919982
   0.1111640  -3.5193095   3.6304735
   0.1111650  -3.4846209   3.5957859
   0.1111671  -3.4175928   3.5287599
   0.1111664  -3.3866409   3.4978072
