    0.004671    0.000000
    0.009342    0.000000
    0.014013    0.000000
    0.018684    0.000000
    0.023355    0.000000
    0.028026    0.000000
    0.032697    0.000000
    0.037368    0.000000
    0.042039    0.000000
    0.046710    0.000000
    0.051381    0.000000
    0.056052    0.000000
    0.060723    0.000000
    0.065394    0.000000
    0.070065    0.000000
    0.074736    0.000000
    0.079407    0.000000
    0.084078    0.000000
    0.088749    0.000000
    0.093420    0.000000
    0.098091    0.000000
    0.102762    0.000000
    0.107433    0.000000
    0.112104    0.000000
    0.116775    0.000000
    0.121446    0.000000
    0.126117    0.000000
    0.130788    0.000000
    0.135459    0.000000
    0.140130    0.000000
    0.144801    0.000000
    0.149472    0.000000
    0.154143    0.000000
    0.158814    0.000000
    0.163485    0.000000
    0.168156    0.000000
    0.172827    0.000000
    0.177498    0.000000
    0.182169    0.000000
    0.186840    0.000000
    0.191511    0.000000
    0.196182    0.000000
    0.200853    0.000000
    0.205524    0.000000
    0.210195    0.000000
    0.214866    0.000000
    0.219537    0.000000
    0.224208    0.000000
    0.228879    0.000000
    0.233550    0.000000
    0.238221    0.000000
    0.242892    0.000000
    0.247563    0.000000
    0.252234    0.000000
    0.256905    0.000000
    0.261576    0.000000
    0.266247    0.000000
    0.270918    0.000000
    0.275589    0.000000
    0.280260    0.000000
    0.284931    0.000000
    0.289602    0.000000
    0.294273    0.000000
    0.298944    0.000000
    0.303615    0.000000
    0.308286    0.000000
    0.312957    0.000000
    0.317628    0.000000
    0.322299    0.000000
    0.326970    0.000000
    0.331641    0.000000
    0.336312    0.000000
    0.340983    0.000000
    0.345654    0.000000
    0.350325    0.000000
    0.354996    0.000000
    0.359667    0.000000
    0.364338    0.000000
    0.369009    0.000000
    0.373680    0.000000
    0.378351    0.000000
    0.383022    0.000000
    0.387693    0.000000
    0.392364    0.000000
    0.397035    0.000000
    0.401706    0.000000
    0.406377    0.000000
    0.411048    0.000000
    0.415719    0.000000
    0.420390    0.000000
    0.425061    0.000000
    0.429732    0.000000
    0.434403    0.000000
    0.439074    0.000000
    0.443745    0.000000
    0.448416    0.000000
    0.453087    0.000000
    0.457758    0.000000
    0.462429    0.000000
    0.467100    0.000000
    0.471771    0.000000
    0.476442    0.000000
    0.481113    0.000000
    0.485784    0.000000
    0.490455    0.000000
    0.495126    0.000000
    0.499797    0.000000
    0.504468    0.000000
    0.509139    0.000000
    0.513810    0.000000
    0.518481    0.000000
    0.523152    0.000000
    0.527823    0.000000
    0.532494    0.000000
    0.537165    0.000000
    0.541836    0.000000
    0.546507    0.000000
    0.551178    0.000000
    0.555849    0.000000
    0.560520    0.000000
    0.565191    0.000000
    0.569862    0.000000
    0.574533    0.000000
    0.579204    0.000000
    0.583875    0.000000
    0.588546    0.000000
    0.593217    0.000000
    0.597888    0.000000
    0.602559    0.000000
    0.607230    0.000000
    0.611901    0.000000
    0.616572    0.000000
    0.621243    0.000000
    0.625914    0.000000
    0.630585    0.000000
    0.635256    0.000000
    0.639927    0.000000
    0.644598    0.000000
    0.649269    0.000000
    0.653940    0.000000
    0.658611    0.000000
    0.663282    0.000000
    0.667953    0.000000
    0.672624    0.000000
    0.677295    0.000000
    0.681966    0.000000
    0.686637    0.000000
    0.691308    0.000000
    0.695979    0.000000
    0.700650    0.000000
    0.705321    0.000000
    0.709992    0.000000
    0.714663    0.000000
    0.719334    0.000000
    0.724005    0.000000
    0.728676    0.000000
    0.733347    0.000000
    0.738018    0.000000
    0.742689    0.000000
    0.747360    0.000000
    0.752031    0.000000
    0.756702    0.000000
    0.761373    0.000000
    0.766044    0.000000
    0.770715    0.000000
    0.775386    0.000000
    0.780057    0.000000
    0.784728    0.000000
    0.789399    0.000000
    0.794070    0.000000
    0.798741    0.000000
    0.803412    0.000012
    0.808083    0.000064
    0.812754    0.000032
    0.817425    0.000023
    0.822096    0.000124
    0.826767    0.000243
    0.831438    0.000248
    0.836109    0.000423
    0.840780    0.000937
    0.845451    0.001487
    0.850122    0.002171
    0.854793    0.005059
    0.859464    0.008678
    0.864135    0.014148
    0.868806    0.023252
    0.873477    0.032584
    0.878148    0.049861
    0.882819    0.074316
    0.887490    0.109420
    0.892161    0.151297
    0.896832    0.200547
    0.901503    0.259456
    0.906174    0.326175
    0.910845    0.410587
    0.915516    0.507273
    0.920187    0.608774
    0.924858    0.723657
    0.929529    0.847641
    0.934200    0.969950
    0.938871    1.093790
    0.943542    1.239717
    0.948213    1.387046
    0.952884    1.519004
    0.957555    1.667262
    0.962226    1.805654
    0.966897    1.940770
    0.971568    2.058895
    0.976239    2.169940
    0.980910    2.287873
    0.985581    2.384453
    0.990252    2.479455
    0.994923    2.567551
    0.999594    2.662249
    1.004265    2.718298
    1.008936    2.778538
    1.013607    2.807141
    1.018278    2.846486
    1.022949    2.876840
    1.027620    2.891823
    1.032291    2.888834
    1.036962    2.904088
    1.041633    2.909921
    1.046304    2.906401
    1.050975    2.883765
    1.055646    2.844819
    1.060317    2.811258
    1.064988    2.781204
    1.069659    2.734124
    1.074330    2.690756
    1.079001    2.649737
    1.083672    2.599633
    1.088343    2.552604
    1.093014    2.501296
    1.097685    2.459480
    1.102356    2.402601
    1.107027    2.357889
    1.111698    2.291980
    1.116369    2.222849
    1.121040    2.168730
    1.125711    2.121713
    1.130382    2.070985
    1.135053    2.008184
    1.139724    1.950411
    1.144395    1.888205
    1.149066    1.835847
    1.153737    1.783916
    1.158408    1.724658
    1.163079    1.674195
    1.167750    1.612953
    1.172421    1.571408
    1.177092    1.520634
    1.181763    1.484276
    1.186434    1.428518
    1.191105    1.388192
    1.195776    1.339569
    1.200447    1.308499
    1.205118    1.267779
    1.209789    1.223687
    1.214460    1.194958
    1.219131    1.156573
    1.223802    1.108196
    1.228473    1.071320
    1.233144    1.043509
    1.237815    1.023699
    1.242486    0.987984
    1.247157    0.958105
    1.251828    0.923372
    1.256499    0.900857
    1.261170    0.873935
    1.265841    0.853289
    1.270512    0.824114
    1.275183    0.802078
    1.279854    0.781194
    1.284525    0.758464
    1.289196    0.730573
    1.293867    0.712034
    1.298538    0.693173
    1.303209    0.678517
    1.307880    0.658399
    1.312551    0.642892
    1.317222    0.630394
    1.321893    0.621274
    1.326564    0.605832
    1.331235    0.592816
    1.335906    0.580710
    1.340577    0.572008
    1.345248    0.560002
    1.349919    0.551264
    1.354590    0.544578
    1.359261    0.536648
    1.363932    0.529457
    1.368603    0.523239
    1.373274    0.518880
    1.377945    0.516302
    1.382616    0.511300
    1.387287    0.501550
    1.391958    0.500613
    1.396629    0.493416
    1.401300    0.492894
    1.405971    0.493874
    1.410642    0.491258
    1.415313    0.491889
    1.419984    0.487797
    1.424655    0.490047
    1.429326    0.486989
    1.433997    0.490354
    1.438668    0.493752
    1.443339    0.490228
    1.448010    0.490966
    1.452681    0.493666
    1.457352    0.495438
    1.462023    0.498855
    1.466694    0.501199
    1.471365    0.505091
    1.476036    0.508122
    1.480707    0.517161
    1.485378    0.519321
    1.490049    0.523531
    1.494720    0.526071
    1.499391    0.526188
    1.504062    0.531782
    1.508733    0.531523
    1.513404    0.533695
    1.518075    0.538282
    1.522746    0.542791
    1.527417    0.553025
    1.532088    0.551984
    1.536759    0.554319
    1.541430    0.557727
    1.546101    0.566669
    1.550772    0.567729
    1.555443    0.569550
    1.560114    0.577470
    1.564785    0.584759
    1.569456    0.587033
    1.574127    0.591115
    1.578798    0.598368
    1.583469    0.609180
    1.588140    0.613940
    1.592811    0.615934
    1.597482    0.625048
    1.602153    0.628696
    1.606824    0.634199
    1.611495    0.645248
    1.616166    0.650086
    1.620837    0.656084
    1.625508    0.665094
    1.630179    0.676684
    1.634850    0.684028
    1.639521    0.689893
    1.644192    0.702475
    1.648863    0.709352
    1.653534    0.722967
    1.658205    0.731707
    1.662876    0.736904
    1.667547    0.750907
    1.672218    0.761845
    1.676889    0.764440
    1.681560    0.784763
    1.686231    0.797472
    1.690902    0.818100
    1.695573    0.839304
    1.700244    0.851197
    1.704915    0.867098
    1.709586    0.884496
    1.714257    0.899534
    1.718928    0.914328
    1.723599    0.932721
    1.728270    0.957858
    1.732941    0.969761
    1.737612    0.986023
    1.742283    1.001906
    1.746954    1.019481
    1.751625    1.046115
    1.756296    1.064763
    1.760967    1.084805
    1.765638    1.109490
    1.770309    1.127163
    1.774980    1.137861
    1.779651    1.153200
    1.784322    1.167437
    1.788993    1.187057
    1.793664    1.206931
    1.798335    1.219680
    1.803006    1.236570
    1.807677    1.253795
    1.812348    1.268058
    1.817019    1.282566
    1.821690    1.302493
    1.826361    1.317286
    1.831032    1.327413
    1.835703    1.331661
    1.840374    1.347652
    1.845045    1.355376
    1.849716    1.371359
    1.854387    1.378597
    1.859058    1.384315
    1.863729    1.390289
    1.868400    1.396413
    1.873071    1.403532
    1.877742    1.411337
    1.882413    1.408793
    1.887084    1.406060
    1.891755    1.413922
    1.896426    1.419536
    1.901097    1.411462
    1.905768    1.414813
    1.910439    1.412026
    1.915110    1.409399
    1.919781    1.403033
    1.924452    1.405218
    1.929123    1.402991
    1.933794    1.399148
    1.938465    1.390452
    1.943136    1.373854
    1.947807    1.369505
    1.952478    1.365023
    1.957149    1.359796
    1.961820    1.347345
    1.966491    1.333904
    1.971162    1.326744
    1.975833    1.322676
    1.980504    1.313272
    1.985175    1.308838
    1.989846    1.302047
    1.994517    1.298309
    1.999188    1.279663
    2.003859    1.268356
    2.008530    1.256885
    2.013201    1.247906
    2.017872    1.235606
    2.022543    1.219578
    2.027214    1.211824
    2.031885    1.197626
    2.036556    1.187358
    2.041227    1.175057
    2.045898    1.168814
    2.050569    1.158843
    2.055240    1.148553
    2.059911    1.136206
    2.064582    1.126629
    2.069253    1.120445
    2.073924    1.110625
    2.078595    1.096630
    2.083266    1.089047
    2.087937    1.079543
    2.092608    1.071243
    2.097279    1.060856
    2.101950    1.054754
    2.106621    1.044643
    2.111292    1.030599
    2.115963    1.019772
    2.120634    1.008975
    2.125305    1.001897
    2.129976    0.997304
    2.134647    0.989053
    2.139318    0.983546
    2.143989    0.969735
    2.148660    0.961988
    2.153331    0.954517
    2.158002    0.953359
    2.162673    0.951446
    2.167344    0.941317
    2.172015    0.938900
    2.176686    0.932777
    2.181357    0.927938
    2.186028    0.923163
    2.190699    0.916784
    2.195370    0.904697
    2.200041    0.899439
    2.204712    0.897715
    2.209383    0.894192
    2.214054    0.887754
    2.218725    0.883461
    2.223396    0.883418
    2.228067    0.883740
    2.232738    0.881523
    2.237409    0.877058
    2.242080    0.874918
    2.246751    0.871807
    2.251422    0.871429
    2.256093    0.871045
    2.260764    0.870724
    2.265435    0.868224
    2.270106    0.863910
    2.274777    0.859278
    2.279448    0.861716
    2.284119    0.859067
    2.288790    0.858830
    2.293461    0.859842
    2.298132    0.858141
    2.302803    0.859045
    2.307474    0.860980
    2.312145    0.862362
    2.316816    0.859579
    2.321487    0.858812
    2.326158    0.864794
    2.330829    0.866379
    2.335500    0.863445
    2.340171    0.873833
    2.344842    0.872636
    2.349513    0.875716
    2.354184    0.877899
    2.358855    0.880808
    2.363526    0.885529
    2.368197    0.881932
    2.372868    0.886371
    2.377539    0.888158
    2.382210    0.888470
    2.386881    0.894014
    2.391552    0.888351
    2.396223    0.889458
    2.400894    0.888857
    2.405565    0.891392
    2.410236    0.895394
    2.414907    0.897646
    2.419578    0.895789
    2.424249    0.898871
    2.428920    0.901174
    2.433591    0.901741
    2.438262    0.904869
    2.442933    0.906382
    2.447604    0.898450
    2.452275    0.901361
    2.456946    0.901640
    2.461617    0.901614
    2.466288    0.897926
    2.470959    0.899359
    2.475630    0.899291
    2.480301    0.900653
    2.484972    0.901122
    2.489643    0.901354
    2.494314    0.901112
    2.498985    0.898681
    2.503656    0.898226
    2.508327    0.897410
    2.512998    0.894101
    2.517669    0.891637
    2.522340    0.890756
    2.527011    0.889707
    2.531682    0.887994
    2.536353    0.884747
    2.541024    0.880528
    2.545695    0.880065
    2.550366    0.881659
    2.555037    0.881254
    2.559708    0.878980
    2.564379    0.881092
    2.569050    0.875975
    2.573721    0.873780
    2.578392    0.872718
    2.583063    0.873771
    2.587734    0.874140
    2.592405    0.879449
    2.597076    0.882590
    2.601747    0.877743
    2.606418    0.878811
    2.611089    0.879040
    2.615760    0.878845
    2.620431    0.879742
    2.625102    0.877289
    2.629773    0.881088
    2.634444    0.878154
    2.639115    0.881725
    2.643786    0.887743
    2.648457    0.890942
    2.653128    0.896523
    2.657799    0.898859
    2.662470    0.904539
    2.667141    0.908413
    2.671812    0.911364
    2.676483    0.918137
    2.681154    0.925796
    2.685825    0.933374
    2.690496    0.939440
    2.695167    0.944854
    2.699838    0.957115
    2.704509    0.962080
    2.709180    0.966288
    2.713851    0.975319
    2.718522    0.983878
    2.723193    0.993083
    2.727864    1.001860
    2.732535    1.006251
    2.737206    1.016757
    2.741877    1.024442
    2.746548    1.036536
    2.751219    1.046123
    2.755890    1.059362
    2.760561    1.068859
    2.765232    1.078911
    2.769903    1.085328
    2.774574    1.095139
    2.779245    1.102896
    2.783916    1.110884
    2.788587    1.121558
    2.793258    1.129017
    2.797929    1.137101
    2.802600    1.142190
    2.807271    1.155439
    2.811942    1.157659
    2.816613    1.163173
    2.821284    1.170212
    2.825955    1.181870
    2.830626    1.184191
    2.835297    1.190023
    2.839968    1.199618
    2.844639    1.200510
    2.849310    1.210031
    2.853981    1.210888
    2.858652    1.215308
    2.863323    1.215515
    2.867994    1.221404
    2.872665    1.223992
    2.877336    1.227428
    2.882007    1.228925
    2.886678    1.231099
    2.891349    1.232287
    2.896020    1.231777
    2.900691    1.229735
    2.905362    1.224700
    2.910033    1.226806
    2.914704    1.221773
    2.919375    1.213077
    2.924046    1.206101
    2.928717    1.207313
    2.933388    1.203768
    2.938059    1.199041
    2.942730    1.192411
    2.947401    1.190697
    2.952072    1.182910
    2.956743    1.180325
    2.961414    1.175812
    2.966085    1.165498
    2.970756    1.154491
    2.975427    1.149070
    2.980098    1.141722
    2.984769    1.134394
    2.989440    1.126496
    2.994111    1.119643
    2.998782    1.115783
    3.003453    1.106879
    3.008124    1.101252
    3.012795    1.089847
    3.017466    1.077340
    3.022137    1.068054
    3.026808    1.058339
    3.031479    1.049829
    3.036150    1.047674
    3.040821    1.039091
    3.045492    1.032004
    3.050163    1.022513
    3.054834    1.012817
    3.059505    1.005493
    3.064176    1.002057
    3.068847    0.998181
    3.073518    0.987936
    3.078189    0.979064
    3.082860    0.976972
    3.087531    0.969297
    3.092202    0.965181
    3.096873    0.959000
    3.101544    0.950779
    3.106215    0.949492
    3.110886    0.944985
    3.115557    0.940502
    3.120228    0.935174
    3.124899    0.931946
    3.129570    0.931463
    3.134241    0.924634
    3.138912    0.923616
    3.143583    0.919735
    3.148254    0.919959
    3.152925    0.915369
    3.157596    0.914435
    3.162267    0.912509
    3.166938    0.909821
    3.171609    0.913300
    3.176280    0.910445
    3.180951    0.907049
    3.185622    0.908480
    3.190293    0.909345
    3.194964    0.906913
    3.199635    0.906084
    3.204306    0.906549
    3.208977    0.908174
    3.213648    0.904756
    3.218319    0.906864
    3.222990    0.907508
    3.227661    0.909473
    3.232332    0.911969
    3.237003    0.912547
    3.241674    0.911340
    3.246345    0.916014
    3.251016    0.917439
    3.255687    0.921570
    3.260358    0.921681
    3.265029    0.924600
    3.269700    0.922609
    3.274371    0.927293
    3.279042    0.929151
    3.283713    0.929228
    3.288384    0.930798
    3.293055    0.936311
    3.297726    0.940809
    3.302397    0.940284
    3.307068    0.940437
    3.311739    0.943030
    3.316410    0.944126
    3.321081    0.943347
    3.325752    0.944110
    3.330423    0.947923
    3.335094    0.948068
    3.339765    0.946037
    3.344436    0.944540
    3.349107    0.947890
    3.353778    0.948058
    3.358449    0.949872
    3.363120    0.953234
    3.367791    0.954412
    3.372462    0.956068
    3.377133    0.955074
    3.381804    0.952019
    3.386475    0.951534
    3.391146    0.951581
    3.395817    0.953845
    3.400488    0.952437
    3.405159    0.951378
    3.409830    0.950147
    3.414501    0.952844
    3.419172    0.954296
    3.423843    0.953323
    3.428514    0.951816
    3.433185    0.952202
    3.437856    0.951786
    3.442527    0.945752
    3.447198    0.946568
    3.451869    0.944956
    3.456540    0.946454
    3.461211    0.947590
    3.465882    0.946626
    3.470553    0.941534
    3.475224    0.941159
    3.479895    0.941065
    3.484566    0.941287
    3.489237    0.940987
    3.493908    0.938866
    3.498579    0.940745
    3.503250    0.941142
    3.507921    0.938067
    3.512592    0.938611
    3.517263    0.937015
    3.521934    0.936349
    3.526605    0.938277
    3.531276    0.939372
    3.535947    0.935190
    3.540618    0.935277
    3.545289    0.932840
    3.549960    0.935170
    3.554631    0.933688
    3.559302    0.934018
    3.563973    0.934169
    3.568644    0.936026
    3.573315    0.935929
    3.577986    0.938864
    3.582657    0.936415
    3.587328    0.934253
    3.591999    0.936684
    3.596670    0.936529
    3.601341    0.939226
    3.606012    0.939651
    3.610683    0.942518
    3.615354    0.943713
    3.620025    0.947352
    3.624696    0.949160
    3.629367    0.949927
    3.634038    0.952721
    3.638709    0.952907
    3.643380    0.957630
    3.648051    0.959306
    3.652722    0.959426
    3.657393    0.961920
    3.662064    0.962259
    3.666735    0.965909
    3.671406    0.971573
    3.676077    0.974102
    3.680748    0.975806
    3.685419    0.980728
    3.690090    0.984677
    3.694761    0.985974
    3.699432    0.987484
    3.704103    0.992328
    3.708774    0.994318
    3.713445    0.997923
    3.718116    1.003632
    3.722787    1.009607
    3.727458    1.014488
    3.732129    1.017267
    3.736800    1.023023
    3.741471    1.029280
    3.746142    1.034614
    3.750813    1.037472
    3.755484    1.041762
    3.760155    1.047578
    3.764826    1.053630
    3.769497    1.058824
    3.774168    1.062318
    3.778839    1.067219
    3.783510    1.069347
    3.788181    1.075306
    3.792852    1.080968
    3.797523    1.085544
    3.802194    1.091402
    3.806865    1.092217
    3.811536    1.094187
    3.816207    1.101452
    3.820878    1.105656
    3.825549    1.109067
    3.830220    1.113378
    3.834891    1.117378
    3.839562    1.118686
    3.844233    1.123211
    3.848904    1.129753
    3.853575    1.132275
    3.858246    1.134393
    3.862917    1.137651
    3.867588    1.140403
    3.872259    1.145675
    3.876930    1.146584
    3.881601    1.149150
    3.886272    1.149834
    3.890943    1.151232
    3.895614    1.158255
    3.900285    1.160882
    3.904956    1.159999
    3.909627    1.160293
    3.914298    1.158370
    3.918969    1.156972
    3.923640    1.157656
    3.928311    1.157846
    3.932982    1.159227
    3.937653    1.156883
    3.942324    1.155204
    3.946995    1.151009
    3.951666    1.149914
    3.956337    1.147596
    3.961008    1.145549
    3.965679    1.142410
    3.970350    1.136694
    3.975021    1.134137
    3.979692    1.131196
    3.984363    1.127983
    3.989034    1.124383
    3.993705    1.118076
    3.998376    1.112789
    4.003047    1.110744
    4.007718    1.102640
    4.012389    1.098065
    4.017060    1.093427
    4.021731    1.090235
    4.026402    1.082560
    4.031073    1.078721
    4.035744    1.074293
    4.040415    1.067335
    4.045086    1.060828
    4.049757    1.054375
    4.054428    1.047837
    4.059099    1.039477
    4.063770    1.034313
    4.068441    1.029273
    4.073112    1.024726
    4.077783    1.018990
    4.082454    1.011093
    4.087125    1.006587
    4.091796    0.997933
    4.096467    0.991082
    4.101138    0.985363
    4.105809    0.978927
    4.110480    0.972992
    4.115151    0.966793
    4.119822    0.960990
    4.124493    0.955823
    4.129164    0.950320
    4.133835    0.943364
    4.138506    0.940127
    4.143177    0.935211
    4.147848    0.930844
    4.152519    0.926756
    4.157190    0.922919
    4.161861    0.916057
    4.166532    0.911038
    4.171203    0.908179
    4.175874    0.904436
    4.180545    0.901624
    4.185216    0.897525
    4.189887    0.895778
    4.194558    0.892794
    4.199229    0.891583
    4.203900    0.888856
    4.208571    0.883222
    4.213242    0.881280
    4.217913    0.879774
    4.222584    0.876807
    4.227255    0.874711
    4.231926    0.874554
    4.236597    0.872094
    4.241268    0.869082
    4.245939    0.868665
    4.250610    0.868680
    4.255281    0.865123
    4.259952    0.863417
    4.264623    0.862858
    4.269294    0.864606
    4.273965    0.863524
    4.278636    0.860352
    4.283307    0.861560
    4.287978    0.861946
    4.292649    0.861846
    4.297320    0.860411
    4.301991    0.862908
    4.306662    0.863667
    4.311333    0.862407
    4.316004    0.862845
    4.320675    0.863905
    4.325346    0.865667
    4.330017    0.864983
    4.334688    0.867301
    4.339359    0.869714
    4.344030    0.871894
    4.348701    0.873083
    4.353372    0.876206
    4.358043    0.876330
    4.362714    0.877115
    4.367385    0.881641
    4.372056    0.884385
    4.376727    0.889678
    4.381398    0.889695
    4.386069    0.889329
    4.390740    0.890750
    4.395411    0.892826
    4.400082    0.895695
    4.404753    0.900877
    4.409424    0.901569
    4.414095    0.904917
    4.418766    0.906547
    4.423437    0.910683
    4.428108    0.914435
    4.432779    0.920110
    4.437450    0.921746
    4.442121    0.924114
    4.446792    0.926041
    4.451463    0.930082
    4.456134    0.933280
    4.460805    0.935999
    4.465476    0.944604
    4.470147    0.947263
    4.474818    0.950978
    4.479489    0.952277
    4.484160    0.959122
    4.488831    0.961626
    4.493502    0.965054
    4.498173    0.970610
    4.502844    0.973551
    4.507515    0.977280
    4.512186    0.981485
    4.516857    0.985402
    4.521528    0.989831
    4.526199    0.992299
    4.530870    0.996224
    4.535541    0.998764
    4.540212    1.001958
    4.544883    1.006683
    4.549554    1.012496
    4.554225    1.018076
    4.558896    1.020850
    4.563567    1.024739
    4.568238    1.031572
    4.572909    1.035803
    4.577580    1.039056
    4.582251    1.041953
    4.586922    1.044576
    4.591593    1.049575
    4.596264    1.053893
    4.600935    1.057423
    4.605606    1.062103
    4.610277    1.065434
    4.614948    1.069852
    4.619619    1.073998
    4.624290    1.076925
    4.628961    1.080613
    4.633632    1.084088
    4.638303    1.086679
    4.642974    1.089633
    4.647645    1.093304
    4.652316    1.096784
    4.656987    1.099707
    4.661658    1.101841
    4.666329    1.105891
    4.671000    1.107039
