   4.0000000000000001E-003   1.1412931357525823E-004
   8.0000000000000002E-003   4.5232257033815546E-004
   1.2000000000000000E-002   1.0063018869572663E-003
   1.6000000000000000E-002   1.7660904938892653E-003
   2.0000000000000000E-002   2.7211582424256538E-003
   2.4000000000000000E-002   3.8611559517050635E-003
   2.8000000000000001E-002   5.1758417612339054E-003
   3.2000000000000001E-002   6.6545560736071549E-003
   3.6000000000000004E-002   8.2858768245068718E-003
   4.0000000000000001E-002   1.0057305730238650E-002
   4.4000000000000004E-002   1.1954519487491195E-002
   4.8000000000000001E-002   1.3960392763981842E-002
   5.2000000000000005E-002   1.6054574416066229E-002
   5.6000000000000001E-002   1.8214399767642202E-002
   6.0000000000000005E-002   2.0417133999229391E-002
   6.4000000000000001E-002   2.2642060330420780E-002
   6.8000000000000005E-002   2.4871146622782912E-002
   7.2000000000000008E-002   2.7089040189693738E-002
   7.5999999999999998E-002   2.9283309826605847E-002
   8.0000000000000002E-002   3.1444577072058326E-002
   8.4000000000000005E-002   3.3565972351456988E-002
   8.8000000000000009E-002   3.5642049104814000E-002
   9.1999999999999998E-002   3.7667700377703582E-002
   9.6000000000000002E-002   3.9637571322155542E-002
  0.10000000000000001        4.1546281224986770E-002
  0.10400000000000001        4.3389442464070484E-002
  0.10800000000000000        4.5164848754459273E-002
  0.11200000000000000        4.6872909579486172E-002
  0.11600000000000001        4.8516162032666267E-002
  0.12000000000000001        5.0098529635408388E-002
  0.12400000000000000        5.1624924146435325E-002
  0.12800000000000000        5.3101229035656380E-002
  0.13200000000000001        5.4534227386358838E-002
  0.13600000000000001        5.5931033044908526E-002
  0.14000000000000001        5.7298114758870443E-002
  0.14400000000000002        5.8640458664205440E-002
  0.14800000000000002        5.9961269177941527E-002
  0.15200000000000000        6.1262170432276469E-002
  0.15600000000000000        6.2543620395667701E-002
  0.16000000000000000        6.3805217946027004E-002
  0.16400000000000001        6.5045744335932076E-002
  0.16800000000000001        6.6263102636310731E-002
  0.17200000000000001        6.7454505876660492E-002
  0.17600000000000002        6.8617158777233636E-002
  0.18000000000000002        6.9749283073399795E-002
  0.18400000000000000        7.0850848013858006E-002
  0.18800000000000000        7.1923480134551535E-002
  0.19200000000000000        7.2969675152185928E-002
  0.19600000000000001        7.3991692604734760E-002
  0.20000000000000001        7.4990523614198903E-002
  0.20400000000000001        7.5965407890945413E-002
  0.20800000000000002        7.6914135063754691E-002
  0.21200000000000002        7.7833913713979366E-002
  0.21600000000000000        7.8722359623234497E-002
  0.22000000000000000        7.9578160222904301E-002
  0.22400000000000000        8.0401161810749536E-002
  0.22800000000000001        8.1192001519798496E-002
  0.23200000000000001        8.1951630382594606E-002
  0.23600000000000002        8.2680884747226388E-002
  0.24000000000000002        8.3380011539635868E-002
  0.24400000000000002        8.4048164317628835E-002
  0.24800000000000000        8.4683220129488687E-002
  0.25200000000000000        8.5282332815378795E-002
  0.25600000000000001        8.5843190815460255E-002
  0.26000000000000001        8.6365290511452419E-002
  0.26400000000000001        8.6850400264050498E-002
  0.26800000000000002        8.7302006253857173E-002
  0.27200000000000002        8.7724301245498043E-002
  0.27600000000000002        8.8121823061635920E-002
  0.28000000000000003        8.8499986722956420E-002
  0.28400000000000003        8.8864502420642602E-002
  0.28800000000000003        8.9219430857795032E-002
  0.29200000000000004        8.9566061383151499E-002
  0.29600000000000004        8.9903042248678830E-002
  0.29999999999999999        9.0227335062810193E-002
  0.30399999999999999        9.0535868316367715E-002
  0.30800000000000000        9.0827315924800187E-002
  0.31200000000000000        9.1102870859681759E-002
  0.31600000000000000        9.1365967293601913E-002
  0.32000000000000001        9.1622052797854112E-002
  0.32400000000000001        9.1878265100597004E-002
  0.32800000000000001        9.2142068007717098E-002
  0.33200000000000002        9.2419327305581875E-002
  0.33600000000000002        9.2713029761336649E-002
  0.34000000000000002        9.3022995108982265E-002
  0.34400000000000003        9.3346209945638470E-002
  0.34800000000000003        9.3677413653161151E-002
  0.35200000000000004        9.4009868444172195E-002
  0.35600000000000004        9.4336394015975933E-002
  0.36000000000000004        9.4650484470853155E-002
  0.36399999999999999        9.4946951264252635E-002
  0.36799999999999999        9.5221780749466203E-002
  0.37200000000000000        9.5471616725469652E-002
  0.37600000000000000        9.5693597025367338E-002
  0.38000000000000000        9.5885948124764531E-002
  0.38400000000000001        9.6048956370132541E-002
  0.38800000000000001        9.6185335394960964E-002
  0.39200000000000002        9.6299619045643742E-002
  0.39600000000000002        9.6397274423249704E-002
  0.40000000000000002        9.6484149492106430E-002
  0.40400000000000003        9.6566199281584872E-002
  0.40800000000000003        9.6649179660585019E-002
  0.41200000000000003        9.6738142218257009E-002
  0.41600000000000004        9.6836924966672261E-002
  0.42000000000000004        9.6948086094404182E-002
  0.42400000000000004        9.7073428204004955E-002
  0.42800000000000005        9.7214545523476248E-002
  0.43200000000000000        9.7372574452174177E-002
  0.43600000000000000        9.7547124826107667E-002
  0.44000000000000000        9.7735317039091232E-002
  0.44400000000000001        9.7931758114945852E-002
  0.44800000000000001        9.8129481676087441E-002
  0.45200000000000001        9.8321397303617150E-002
  0.45600000000000002        9.8501857236069024E-002
  0.46000000000000002        9.8667975241383141E-002
  0.46400000000000002        9.8820211724853543E-002
  0.46800000000000003        9.8961909141845023E-002
  0.47200000000000003        9.9097936921091964E-002
  0.47600000000000003        9.9232967841486608E-002
  0.48000000000000004        9.9369953775294229E-002
  0.48400000000000004        9.9509245839900437E-002
  0.48800000000000004        9.9648621766443901E-002
  0.49200000000000005        9.9784179350841648E-002
  0.49600000000000000        9.9911665684132053E-002
  0.50000000000000000       0.10002759405752250     
  0.50400000000000000       0.10012964435194147     
  0.50800000000000001       0.10021633306797782     
  0.51200000000000001       0.10028653638168335     
  0.51600000000000001       0.10033953459645718     
  0.52000000000000002       0.10037554816036938     
  0.52400000000000002       0.10039609486437745     
  0.52800000000000002       0.10040374538864573     
  0.53200000000000003       0.10040157889195554     
  0.53600000000000003       0.10039288628778543     
  0.54000000000000004       0.10038124249995538     
  0.54400000000000004       0.10037058207768859     
  0.54800000000000004       0.10036494239399180     
  0.55200000000000005       0.10036798937070809     
  0.55600000000000005       0.10038265279315074     
  0.56000000000000005       0.10041100020961331     
  0.56400000000000006       0.10045436870233553     
  0.56800000000000006       0.10051373066435815     
  0.57200000000000006       0.10058996764442402     
  0.57600000000000007       0.10068363828768456     
  0.58000000000000007       0.10079434495046211     
  0.58400000000000007       0.10092025256073980     
  0.58800000000000008       0.10105820296584433     
  0.59200000000000008       0.10120447614640739     
  0.59599999999999997       0.10135580740299573     
  0.59999999999999998       0.10151002444786540     
  0.60399999999999998       0.10166597496247388     
  0.60799999999999998       0.10182304602728275     
  0.61199999999999999       0.10198074886483756     
  0.61599999999999999       0.10213848995094298     
  0.62000000000000000       0.10229548351891761     
  0.62400000000000000       0.10245085223450402     
  0.62800000000000000       0.10260390203868372     
  0.63200000000000001       0.10275443968793156     
  0.63600000000000001       0.10290300781802203     
  0.64000000000000001       0.10305088034455077     
  0.64400000000000002       0.10319965135658943     
  0.64800000000000002       0.10335044618886713     
  0.65200000000000002       0.10350309233119979     
  0.65600000000000003       0.10365574948192899     
  0.66000000000000003       0.10380528507503838     
  0.66400000000000003       0.10394817500877210     
  0.66800000000000004       0.10408137803592300     
  0.67200000000000004       0.10420294591364357     
  0.67600000000000005       0.10431270358417534     
  0.68000000000000005       0.10441305709020882     
  0.68400000000000005       0.10450916219229128     
  0.68800000000000006       0.10460800770295568     
  0.69200000000000006       0.10471707040734185     
  0.69600000000000006       0.10484330353210103     
  0.70000000000000007       0.10499252410553418     
  0.70400000000000007       0.10516888692902546     
  0.70800000000000007       0.10537433172150244     
  0.71200000000000008       0.10560821672262184     
  0.71600000000000008       0.10586734010579676     
  0.72000000000000008       0.10614629828674881     
  0.72400000000000009       0.10643795828779047     
  0.72799999999999998       0.10673385647274970     
  0.73199999999999998       0.10702463078309818     
  0.73599999999999999       0.10730090277977844     
  0.73999999999999999       0.10755479271594472     
  0.74399999999999999       0.10778148379538489     
  0.74800000000000000       0.10797983950027744     
  0.75200000000000000       0.10815164713254222     
  0.75600000000000001       0.10830005132378914     
  0.76000000000000001       0.10842817469634490     
  0.76400000000000001       0.10853857030480328     
  0.76800000000000002       0.10863349504159615     
  0.77200000000000002       0.10871541543046719     
  0.77600000000000002       0.10878699824150546     
  0.78000000000000003       0.10885046562758574     
  0.78400000000000003       0.10890689955331191     
  0.78800000000000003       0.10895603091545658     
  0.79200000000000004       0.10899660516211027     
  0.79600000000000004       0.10902710624541666     
  0.80000000000000004       0.10904654734093863     
  0.80400000000000005       0.10905515349671663     
  0.80800000000000005       0.10905485863535402     
  0.81200000000000006       0.10904939390407163     
  0.81600000000000006       0.10904359557309588     
  0.82000000000000006       0.10904191078845328     
  0.82400000000000007       0.10904674602315634     
  0.82800000000000007       0.10905754686532611     
  0.83200000000000007       0.10907105065218994     
  0.83600000000000008       0.10908240481541626     
  0.84000000000000008       0.10908635442558301     
  0.84400000000000008       0.10907785274060727     
  0.84800000000000009       0.10905208483793377     
  0.85200000000000009       0.10900441050511264     
  0.85600000000000009       0.10893075956679719     
  0.85999999999999999       0.10882852841221699     
  0.86399999999999999       0.10869735958939793     
  0.86799999999999999       0.10853921594131012     
  0.87200000000000000       0.10835792339395688     
  0.87600000000000000       0.10815868491448997     
  0.88000000000000000       0.10794775636994533     
  0.88400000000000001       0.10773206701122578     
  0.88800000000000001       0.10751834801701511     
  0.89200000000000002       0.10731173213941593     
  0.89600000000000002       0.10711465258942698     
  0.90000000000000002       0.10692700034370922     
  0.90400000000000003       0.10674742628322652     
  0.90800000000000003       0.10657472992279537     
  0.91200000000000003       0.10640857257325610     
  0.91600000000000004       0.10624956660618989     
  0.92000000000000004       0.10609916800481667     
  0.92400000000000004       0.10595959641480637     
  0.92800000000000005       0.10583359349163800     
  0.93200000000000005       0.10572379957104072     
  0.93600000000000005       0.10563195566621721     
  0.94000000000000006       0.10555843131606898     
  0.94400000000000006       0.10550234784392722     
  0.94800000000000006       0.10546213872191916     
  0.95200000000000007       0.10543613910560100     
  0.95600000000000007       0.10542279548163108     
  0.96000000000000008       0.10542038208675496     
  0.96400000000000008       0.10542657057616617     
  0.96800000000000008       0.10543843905709080     
  0.97200000000000009       0.10545319791012560     
  0.97600000000000009       0.10546918814763914     
  0.98000000000000009       0.10548640861700852     
  0.98400000000000010       0.10550639858158631     
  0.98800000000000010       0.10553189256465112     
  0.99199999999999999       0.10556653261844805     
  0.99600000000000000       0.10561438215236295     
   1.0000000000000000       0.10567897414196528     
   1.0040000000000000       0.10576236216705538     
   1.0080000000000000       0.10586488443215948     
   1.0120000000000000       0.10598561932656798     
   1.0160000000000000       0.10612292093937030     
   1.0200000000000000       0.10627459515331804     
   1.0240000000000000       0.10643773284210756     
   1.0280000000000000       0.10660849571309886     
   1.0320000000000000       0.10678221487479335     
   1.0360000000000000       0.10695399187386438     
   1.0400000000000000       0.10711961425977930     
   1.0440000000000000       0.10727643587191452     
   1.0480000000000000       0.10742406786968249     
   1.0520000000000000       0.10756469698789736     
   1.0560000000000000       0.10770265732000604     
   1.0600000000000001       0.10784311620872780     
   1.0640000000000001       0.10799016534524314     
   1.0680000000000001       0.10814499682971196     
   1.0720000000000001       0.10830531494220193     
   1.0760000000000001       0.10846678691745908     
   1.0800000000000001       0.10862539370849739     
   1.0840000000000001       0.10877870490009693     
   1.0880000000000001       0.10892591127863342     
   1.0920000000000001       0.10906748027513483     
   1.0960000000000001       0.10920488366999501     
   1.1000000000000001       0.10934031255111944     
   1.1040000000000001       0.10947610296996879     
   1.1080000000000001       0.10961394070404455     
   1.1120000000000001       0.10975425316857039     
   1.1160000000000001       0.10989608171715239     
   1.1200000000000001       0.11003742698702570     
   1.1240000000000001       0.11017594711358933     
   1.1280000000000001       0.11030984623143761     
   1.1320000000000001       0.11043857919661372     
   1.1360000000000001       0.11056290463739839     
   1.1400000000000001       0.11068422389952876     
   1.1440000000000001       0.11080367425800762     
   1.1480000000000001       0.11092145204399560     
   1.1520000000000001       0.11103647133499230     
   1.1560000000000001       0.11114628620929823     
   1.1600000000000001       0.11124727042925843     
   1.1640000000000001       0.11133507334020118     
   1.1680000000000001       0.11140527026642010     
   1.1720000000000002       0.11145401668434977     
   1.1760000000000002       0.11147855002937028     
   1.1800000000000002       0.11147758605637251     
   1.1840000000000002       0.11145172876994767     
   1.1880000000000002       0.11140377045745317     
   1.1919999999999999       0.11133850948406922     
   1.1960000000000000       0.11126181375289013     
   1.2000000000000000       0.11117923463908903     
   1.2040000000000000       0.11109501953304762     
   1.2080000000000000       0.11101207975274259     
   1.2120000000000000       0.11093260636865229     
   1.2160000000000000       0.11085854481580196     
   1.2200000000000000       0.11079149545945317     
   1.2240000000000000       0.11073231117134241     
   1.2280000000000000       0.11068086313835884     
   1.2320000000000000       0.11063615888051787     
   1.2360000000000000       0.11059672409231824     
   1.2400000000000000       0.11056103664675845     
   1.2440000000000000       0.11052778982121489     
   1.2480000000000000       0.11049587867870707     
   1.2520000000000000       0.11046421262914370     
   1.2560000000000000       0.11043157849775041     
   1.2600000000000000       0.11039669032557094     
   1.2640000000000000       0.11035843202159785     
   1.2680000000000000       0.11031624476920765     
   1.2720000000000000       0.11027047626475955     
   1.2760000000000000       0.11022238450184248     
   1.2800000000000000       0.11017373041062946     
   1.2840000000000000       0.11012633370996436     
   1.2880000000000000       0.11008199576089396     
   1.2920000000000000       0.11004270905619651     
   1.2960000000000000       0.11001070312000391     
   1.3000000000000000       0.10998809046021855     
   1.3040000000000000       0.10997619901589051     
   1.3080000000000001       0.10997476477562243     
   1.3120000000000001       0.10998128610169874     
   1.3160000000000001       0.10999088239444141     
   1.3200000000000001       0.10999678927037866     
   1.3240000000000001       0.10999138788135285     
   1.3280000000000001       0.10996754258035556     
   1.3320000000000001       0.10991996111035093     
   1.3360000000000001       0.10984636701128109     
   1.3400000000000001       0.10974837375901886     
   1.3440000000000001       0.10963146123372416     
   1.3480000000000001       0.10950326719200998     
   1.3520000000000001       0.10937096587462490     
   1.3560000000000001       0.10923948913690770     
   1.3600000000000001       0.10911119592025489     
   1.3640000000000001       0.10898643393307336     
   1.3680000000000001       0.10886435248898013     
   1.3720000000000001       0.10874373238444709     
   1.3760000000000001       0.10862386512774586     
   1.3800000000000001       0.10850538065554802     
   1.3840000000000001       0.10839063410314853     
   1.3880000000000001       0.10828335973780481     
   1.3920000000000001       0.10818771716684161     
   1.3960000000000001       0.10810705589037030     
   1.4000000000000001       0.10804275050153589     
   1.4040000000000001       0.10799350727726879     
   1.4080000000000001       0.10795545406314778     
   1.4120000000000001       0.10792296548583441     
   1.4160000000000001       0.10788982459292748     
   1.4200000000000002       0.10785030732621870     
   1.4240000000000002       0.10780000062134665     
   1.4280000000000002       0.10773637820551128     
   1.4320000000000002       0.10765918407064390     
   1.4360000000000002       0.10757055060214643     
   1.4400000000000002       0.10747466531506623     
   1.4440000000000002       0.10737684605634375     
   1.4480000000000002       0.10728222610411936     
   1.4520000000000002       0.10719458616711698     
   1.4560000000000000       0.10711573260345010     
   1.4600000000000000       0.10704538436193108     
   1.4640000000000000       0.10698135009317654     
   1.4680000000000000       0.10692006226632830     
   1.4720000000000000       0.10685774387444581     
   1.4760000000000000       0.10679185511661358     
   1.4800000000000000       0.10672184455426378     
   1.4840000000000000       0.10664882684586151     
   1.4880000000000000       0.10657464900974159     
   1.4920000000000000       0.10650083398441985     
   1.4960000000000000       0.10642764541921686     
   1.5000000000000000       0.10635353984803127     
   1.5040000000000000       0.10627529724419198     
   1.5080000000000000       0.10618885412729696     
   1.5120000000000000       0.10609055266750260     
   1.5160000000000000       0.10597831302843135     
   1.5200000000000000       0.10585211145518277     
   1.5240000000000000       0.10571349875359511     
   1.5280000000000000       0.10556462511668950     
   1.5320000000000000       0.10540747588591867     
   1.5360000000000000       0.10524367508438288     
   1.5400000000000000       0.10507478255224216     
   1.5440000000000000       0.10490269313797160     
   1.5480000000000000       0.10472962155868829     
   1.5520000000000000       0.10455742079430212     
   1.5560000000000000       0.10438657949062301     
   1.5600000000000001       0.10421563715370381     
   1.5640000000000001       0.10404152713535283     
   1.5680000000000001       0.10386070202384079     
   1.5720000000000001       0.10367037059560175     
   1.5760000000000001       0.10346920229891372     
   1.5800000000000001       0.10325733755965213     
   1.5840000000000001       0.10303599049235296     
   1.5880000000000001       0.10280711010631942     
   1.5920000000000001       0.10257348230621609     
   1.5960000000000001       0.10233914643055415     
   1.6000000000000001       0.10210952687682585     
   1.6040000000000001       0.10189095421421986     
   1.6080000000000001       0.10168973373098557     
   1.6120000000000001       0.10151100070820789     
   1.6160000000000001       0.10135763051266623     
   1.6200000000000001       0.10122967307052447     
   1.6240000000000001       0.10112470950018079     
   1.6280000000000001       0.10103899980904919     
   1.6320000000000001       0.10096883287541003     
   1.6360000000000001       0.10091148974659829     
   1.6400000000000001       0.10086552106584312     
   1.6440000000000001       0.10083038813724657     
   1.6480000000000001       0.10080584871418373     
   1.6520000000000001       0.10079161462016266     
   1.6560000000000001       0.10078751782425463     
   1.6600000000000001       0.10079373609311289     
   1.6640000000000001       0.10081055189374022     
   1.6680000000000001       0.10083799399350848     
   1.6720000000000002       0.10087584470254034     
   1.6760000000000002       0.10092379456398612     
   1.6800000000000002       0.10098137571496907     
   1.6840000000000002       0.10104770797863510     
   1.6880000000000002       0.10112126918447023     
   1.6920000000000002       0.10119968940314440     
   1.6960000000000002       0.10127954712969858     
   1.7000000000000002       0.10135643831983565     
   1.7040000000000002       0.10142556339852762     
   1.7080000000000002       0.10148266373219235     
   1.7120000000000002       0.10152498945947702     
   1.7160000000000002       0.10155211418723657     
   1.7200000000000000       0.10156629000049172     
   1.7240000000000000       0.10157211792027632     
   1.7280000000000000       0.10157583549376176     
   1.7320000000000000       0.10158450903650609     
   1.7360000000000000       0.10160512648245329     
   1.7400000000000000       0.10164364214925815     
   1.7440000000000000       0.10170410773957915     
   1.7480000000000000       0.10178801019094597     
   1.7520000000000000       0.10189396226139529     
   1.7560000000000000       0.10201791451352031     
   1.7600000000000000       0.10215395366693991     
   1.7640000000000000       0.10229542496145154     
   1.7680000000000000       0.10243592576913520     
   1.7720000000000000       0.10257002627248404     
   1.7760000000000000       0.10269377651544946     
   1.7800000000000000       0.10280490710653084     
   1.7840000000000000       0.10290271385602334     
   1.7880000000000000       0.10298784174961764     
   1.7920000000000000       0.10306202795595559     
   1.7960000000000000       0.10312760210697484     
   1.8000000000000000       0.10318683164137168     
   1.8040000000000000       0.10324168383381675     
   1.8080000000000001       0.10329432387427803     
   1.8120000000000001       0.10334796292028177     
   1.8160000000000001       0.10340737564171552     
   1.8200000000000001       0.10347844305450904     
   1.8240000000000001       0.10356661871753538     
   1.8280000000000001       0.10367520995362219     
   1.8320000000000001       0.10380440512992338     
   1.8360000000000001       0.10395120407074734     
   1.8400000000000001       0.10411022239845238     
   1.8440000000000001       0.10427559089242659     
   1.8480000000000001       0.10444331731988574     
   1.8520000000000001       0.10461194908210747     
   1.8560000000000001       0.10478091766442395     
   1.8600000000000001       0.10494883381843824     
   1.8640000000000001       0.10511317783137064     
   1.8680000000000001       0.10527075348030231     
   1.8720000000000001       0.10541804009641068     
   1.8760000000000001       0.10555133607761782     
   1.8800000000000001       0.10566706707071111     
   1.8840000000000001       0.10576248793593133     
   1.8880000000000001       0.10583646802755037     
   1.8920000000000001       0.10588979345442934     
   1.8960000000000001       0.10592484406041475     
   1.9000000000000001       0.10594493565318661     
   1.9040000000000001       0.10595356017160842     
   1.9080000000000001       0.10595375166045180     
   1.9120000000000001       0.10594785498952365     
   1.9160000000000001       0.10593759916093161     
   1.9200000000000002       0.10592402333981073     
   1.9240000000000002       0.10590708155968287     
   1.9280000000000002       0.10588525787591758     
   1.9320000000000002       0.10585563569323711     
   1.9360000000000002       0.10581463566309310     
   1.9400000000000002       0.10575926203066467     
   1.9440000000000002       0.10568829874611226     
   1.9480000000000002       0.10560283476536567     
   1.9520000000000002       0.10550587774356097     
   1.9560000000000002       0.10540129822951132     
   1.9600000000000002       0.10529266791642387     
   1.9640000000000002       0.10518253136493307     
   1.9680000000000002       0.10507228916668082     
   1.9720000000000002       0.10496248513344650     
   1.9760000000000002       0.10485320705560068     
   1.9800000000000002       0.10474451498344760     
   1.9840000000000000       0.10463693817160379     
   1.9880000000000000       0.10453187490351207     
   1.9920000000000000       0.10443153819302521     
   1.9960000000000000       0.10433849712960183     
   2.0000000000000000       0.10425532894840780     
   2.0040000000000000       0.10418457413622154     
   2.0080000000000000       0.10412872298231607     
   2.0120000000000000       0.10409004468431141     
   2.0160000000000000       0.10407033223642559     
   2.0200000000000000       0.10407074163716157     
   2.0240000000000000       0.10409188425581219     
   2.0280000000000000       0.10413418527624316     
   2.0320000000000000       0.10419819090676372     
   2.0360000000000000       0.10428434413006744     
   2.0400000000000000       0.10439220375002922     
   2.0440000000000000       0.10451969900070218     
   2.0480000000000000       0.10466303302101609     
   2.0520000000000000       0.10481719208239731     
   2.0560000000000000       0.10497642550654318     
   2.0600000000000001       0.10513433643402000     
   2.0640000000000001       0.10528399610184128     
   2.0680000000000001       0.10541865330338826     
   2.0720000000000001       0.10553306799331436     
   2.0760000000000001       0.10562496649305934     
   2.0800000000000001       0.10569592430256639     
   2.0840000000000001       0.10575113846215897     
   2.0880000000000001       0.10579804319439114     
   2.0920000000000001       0.10584438133789599     
   2.0960000000000001       0.10589663838577301     
   2.1000000000000001       0.10595937407292860     
   2.1040000000000001       0.10603534989461874     
   2.1080000000000001       0.10612593991147729     
   2.1120000000000001       0.10623130438192699     
   2.1160000000000001       0.10635025831042837     
   2.1200000000000001       0.10648031012663745     
   2.1240000000000001       0.10661826038994320     
   2.1280000000000001       0.10676112438644288     
   2.1320000000000001       0.10690673325557770     
   2.1360000000000001       0.10705357237318774     
   2.1400000000000001       0.10720002495610788     
   2.1440000000000001       0.10734358466897154     
   2.1480000000000001       0.10748054543693437     
   2.1520000000000001       0.10760643122454032     
   2.1560000000000001       0.10771715571206381     
   2.1600000000000001       0.10781063612683804     
   2.1640000000000001       0.10788818102176961     
   2.1680000000000001       0.10795460978913583     
   2.1720000000000002       0.10801673581784708     
   2.1760000000000002       0.10808123291767206     
   2.1800000000000002       0.10815318458978201     
   2.1840000000000002       0.10823569773062804     
   2.1880000000000002       0.10833018121628078     
   2.1920000000000002       0.10843675450933975     
   2.1960000000000002       0.10855442856191531     
   2.2000000000000002       0.10868084108621469     
   2.2040000000000002       0.10881148552390509     
   2.2080000000000002       0.10893910856574734     
   2.2120000000000002       0.10905517768855547     
   2.2160000000000002       0.10915422896338377     
   2.2200000000000002       0.10923714522017035     
   2.2240000000000002       0.10930953333453043     
   2.2280000000000002       0.10937801609105760     
   2.2320000000000002       0.10944808886915211     
   2.2360000000000002       0.10952384724634261     
   2.2400000000000002       0.10960864460140467     
   2.2440000000000002       0.10970559362968528     
   2.2480000000000002       0.10981715820625751     
   2.2520000000000002       0.10994403707303543     
   2.2560000000000002       0.11008423712742205     
   2.2600000000000002       0.11023303224890749     
   2.2640000000000002       0.11038389600298214     
   2.2680000000000002       0.11052999542512926     
   2.2720000000000002       0.11066557679294321     
   2.2760000000000002       0.11078680195006495     
   2.2800000000000002       0.11089205589868960     
   2.2840000000000003       0.11098177819412811     
   2.2880000000000003       0.11105773939500301     
   2.2920000000000003       0.11112192910828822     
   2.2960000000000003       0.11117543074231369     
   2.3000000000000003       0.11121763894042348     
   2.3040000000000003       0.11124618651399272     
   2.3080000000000003       0.11125784899703325     
   2.3120000000000003       0.11125019370319993     
   2.3160000000000003       0.11122296553734541     
   2.3200000000000003       0.11117822708427214     
   2.3240000000000003       0.11111977461927987     
   2.3280000000000003       0.11105281767153413     
   2.3320000000000003       0.11098328035597219     
   2.3360000000000003       0.11091665566125807     
   2.3400000000000003       0.11085768597134298     
   2.3440000000000003       0.11081069934298789     
   2.3480000000000003       0.11077952754403811     
   2.3520000000000003       0.11076681137659478     
   2.3560000000000003       0.11077335105653023     
   2.3600000000000003       0.11079806947386349     
   2.3640000000000003       0.11083852905798712     
   2.3680000000000003       0.11089157527653942     
   2.3720000000000003       0.11095375711556441     
   2.3760000000000003       0.11102142706952393     
   2.3799999999999999       0.11109069689305251     
   2.3839999999999999       0.11115756908752600     
   2.3879999999999999       0.11121845541307812     
   2.3919999999999999       0.11127095011417353     
   2.3959999999999999       0.11131442199733337     
   2.3999999999999999       0.11135014744486564     
   2.4039999999999999       0.11138108281544934     
   2.4079999999999999       0.11141140351699204     
   2.4119999999999999       0.11144582427032237     
   2.4159999999999999       0.11148880879596901     
   2.4199999999999999       0.11154384458691619     
   2.4239999999999999       0.11161288190589581     
   2.4279999999999999       0.11169606343208535     
   2.4319999999999999       0.11179199019165141     
   2.4359999999999999       0.11189866741369590     
   2.4399999999999999       0.11201481639335301     
   2.4440000000000000       0.11214077914403972     
   2.4480000000000000       0.11227845251165179     
   2.4520000000000000       0.11243052513394189     
   2.4560000000000000       0.11259963358190939     
   2.4600000000000000       0.11278758350677565     
   2.4640000000000000       0.11299458141282583     
   2.4680000000000000       0.11321884029377324     
   2.4720000000000000       0.11345702672397336     
   2.4760000000000000       0.11370542117691199     
   2.4800000000000000       0.11396110359258156     
   2.4840000000000000       0.11422254745358916     
   2.4880000000000000       0.11448954569181498     
   2.4920000000000000       0.11476288474328437     
   2.4960000000000000       0.11504411619031434     
   2.5000000000000000       0.11533528438341804     
   2.5040000000000000       0.11563837363781501     
   2.5080000000000000       0.11595460208057441     
   2.5120000000000000       0.11628384266245138     
   2.5160000000000000       0.11662427801859084     
   2.5200000000000000       0.11697221971875367     
   2.5240000000000000       0.11732203379116450     
   2.5280000000000000       0.11766627879440168     
   2.5320000000000000       0.11799631850002337     
   2.5360000000000000       0.11830356731657680     
   2.5400000000000000       0.11858110959979939     
   2.5440000000000000       0.11882506911330069     
   2.5480000000000000       0.11903511059485794     
   2.5520000000000000       0.11921381809594321     
   2.5560000000000000       0.11936531802526852     
   2.5600000000000001       0.11949383591912587     
   2.5640000000000001       0.11960256866946965     
   2.5680000000000001       0.11969303270094864     
   2.5720000000000001       0.11976516895885633     
   2.5760000000000001       0.11981832023898875     
   2.5800000000000001       0.11985248656308185     
   2.5840000000000001       0.11986884358908070     
   2.5880000000000001       0.11986924703209582     
   2.5920000000000001       0.11985551360986152     
   2.5960000000000001       0.11982940068504970     
   2.6000000000000001       0.11979348898540543     
   2.6040000000000001       0.11975228803280479     
   2.6080000000000001       0.11971252444886152     
   2.6120000000000001       0.11968216133320360     
   2.6160000000000001       0.11966868947333618     
   2.6200000000000001       0.11967756516146434     
   2.6240000000000001       0.11971130419614205     
   2.6280000000000001       0.11976939343065379     
   2.6320000000000001       0.11984890266366241     
   2.6360000000000001       0.11994533163000314     
   2.6400000000000001       0.12005317158492444     
   2.6440000000000001       0.12016610542280252     
   2.6480000000000001       0.12027736052215801     
   2.6520000000000001       0.12038083718956828     
   2.6560000000000001       0.12047283387570264     
   2.6600000000000001       0.12055310288774621     
   2.6640000000000001       0.12062412119305345     
   2.6680000000000001       0.12068906410971054     
   2.6720000000000002       0.12075003275231551     
   2.6760000000000002       0.12080752540174204     
   2.6800000000000002       0.12086109700944118     
   2.6840000000000002       0.12091056987043078     
   2.6880000000000002       0.12095708270306958     
   2.6920000000000002       0.12100348128096862     
   2.6960000000000002       0.12105390094309675     
   2.7000000000000002       0.12111278887195089     
   2.7040000000000002       0.12118383328249228     
   2.7080000000000002       0.12126916800873151     
   2.7120000000000002       0.12136904595955966     
   2.7160000000000002       0.12148199597916144     
   2.7200000000000002       0.12160518524567704     
   2.7240000000000002       0.12173465108226197     
   2.7280000000000002       0.12186545281643589     
   2.7320000000000002       0.12199202785124931     
   2.7360000000000002       0.12210879686877678     
   2.7400000000000002       0.12221083739861376     
   2.7440000000000002       0.12229446100852365     
   2.7480000000000002       0.12235752431066678     
   2.7520000000000002       0.12239928788286542     
   2.7560000000000002       0.12241986097340744     
   2.7600000000000002       0.12241955556226658     
   2.7640000000000002       0.12239851304361152     
   2.7680000000000002       0.12235683495180748     
   2.7720000000000002       0.12229517304206147     
   2.7760000000000002       0.12221533657093799     
   2.7800000000000002       0.12212033836649704     
   2.7840000000000003       0.12201366761757733     
   2.7880000000000003       0.12189815022051896     
   2.7920000000000003       0.12177513316512298     
   2.7960000000000003       0.12164458097378497     
   2.8000000000000003       0.12150594557671396     
   2.8040000000000003       0.12135907030490800     
   2.8080000000000003       0.12120470816435495     
   2.8120000000000003       0.12104500953455270     
   2.8160000000000003       0.12088415680616132     
   2.8200000000000003       0.12072817649712093     
   2.8240000000000003       0.12058350381496255     
   2.8280000000000003       0.12045560156105900     
   2.8320000000000003       0.12034847143036556     
   2.8360000000000003       0.12026464035554926     
   2.8400000000000003       0.12020514032429880     
   2.8440000000000003       0.12016951151995471     
   2.8480000000000003       0.12015600242608408     
   2.8520000000000003       0.12016187803250632     
   2.8560000000000003       0.12018360146052201     
   2.8600000000000003       0.12021677193977530     
   2.8640000000000003       0.12025591028589987     
   2.8680000000000003       0.12029446267013809     
   2.8720000000000003       0.12032559971257627     
   2.8760000000000003       0.12034393246753160     
   2.8800000000000003       0.12034713551742297     
   2.8840000000000003       0.12033617380584856     
   2.8880000000000003       0.12031419017698211     
   2.8920000000000003       0.12028516395635504     
   2.8960000000000004       0.12025297971483601     
   2.9000000000000004       0.12022088218137644     
   2.9040000000000004       0.12019125549941607     
   2.9079999999999999       0.12016572204223593     
   2.9119999999999999       0.12014532976723308     
   2.9159999999999999       0.12013053636542306     
   2.9199999999999999       0.12012104721670520     
   2.9239999999999999       0.12011576976258186     
   2.9279999999999999       0.12011300783365764     
   2.9319999999999999       0.12011088526578838     
   2.9359999999999999       0.12010779938460940     
   2.9399999999999999       0.12010252750077417     
   2.9440000000000000       0.12009386133518347     
   2.9480000000000000       0.12008022192956594     
   2.9520000000000000       0.12005996346698346     
   2.9560000000000000       0.12003245484738236     
   2.9600000000000000       0.11999890275622020     
   2.9640000000000000       0.11996189993375764     
   2.9680000000000000       0.11992423700242728     
   2.9720000000000000       0.11988828042019888     
   2.9760000000000000       0.11985630735693308     
   2.9800000000000000       0.11983106919902152     
   2.9840000000000000       0.11981567202533824     
   2.9880000000000000       0.11981275832939338     
   2.9920000000000000       0.11982371887083476     
   2.9960000000000000       0.11984845830139886     
   3.0000000000000000       0.11988567090453850     
   3.0040000000000000       0.11993317623448475     
   3.0080000000000000       0.11998793364518730     
   3.0120000000000000       0.12004585439483252     
   3.0160000000000000       0.12010182703520046     
   3.0200000000000000       0.12015019114496664     
   3.0240000000000000       0.12018565119469814     
   3.0280000000000000       0.12020449162594214     
   3.0320000000000000       0.12020569067131130     
   3.0360000000000000       0.12019126710781343     
   3.0400000000000000       0.12016550107604643     
   3.0440000000000000       0.12013349182154126     
   3.0480000000000000       0.12009985680024665     
   3.0520000000000000       0.12006799475854397     
   3.0560000000000000       0.12003993214183308     
   3.0600000000000001       0.12001657638942055     
   3.0640000000000001       0.11999816362248598     
   3.0680000000000001       0.11998474271319912     
   3.0720000000000001       0.11997646580188669     
   3.0760000000000001       0.11997347181368480     
   3.0800000000000001       0.11997548597156653     
   3.0840000000000001       0.11998145282905720     
   3.0880000000000001       0.11998938424614469     
   3.0920000000000001       0.11999646328334886     
   3.0960000000000001       0.11999940521565365     
   3.1000000000000001       0.11999505401412291     
   3.1040000000000001       0.11998112958794235     
   3.1080000000000001       0.11995697492732862     
   3.1120000000000001       0.11992415016507980     
   3.1160000000000001       0.11988664353600606     
   3.1200000000000001       0.11985033109365126     
   3.1240000000000001       0.11982158360589301     
   3.1280000000000001       0.11980563542035193     
   3.1320000000000001       0.11980566377557500     
   3.1360000000000001       0.11982299595342720     
   3.1400000000000001       0.11985805362702265     
   3.1440000000000001       0.11991126751283954     
   3.1480000000000001       0.11998340176362671     
   3.1520000000000001       0.12007522246778107     
   3.1560000000000001       0.12018682751186034     
   3.1600000000000001       0.12031708008968137     
   3.1640000000000001       0.12046345797216748     
   3.1680000000000001       0.12062230944723877     
   3.1720000000000002       0.12078921825394522     
   3.1760000000000002       0.12095915701111985     
   3.1800000000000002       0.12112642094267170     
   3.1840000000000002       0.12128470446393222     
   3.1880000000000002       0.12142769436871775     
   3.1920000000000002       0.12155017642029164     
   3.1960000000000002       0.12164923586029153     
   3.2000000000000002       0.12172499877809800     
   3.2040000000000002       0.12178058741751505     
   3.2080000000000002       0.12182137485719774     
   3.2120000000000002       0.12185390904861368     
   3.2160000000000002       0.12188487527581608     
   3.2200000000000002       0.12192031965141593     
   3.2240000000000002       0.12196522021082538     
   3.2280000000000002       0.12202336946143191     
   3.2320000000000002       0.12209741970603470     
   3.2360000000000002       0.12218890222683106     
   3.2400000000000002       0.12229813109722655     
   3.2440000000000002       0.12242408980406420     
   3.2480000000000002       0.12256449994983631     
   3.2520000000000002       0.12271617858387272     
   3.2560000000000002       0.12287556784451723     
   3.2600000000000002       0.12303912875451119     
   3.2640000000000002       0.12320333995367692     
   3.2680000000000002       0.12336452694447503     
   3.2720000000000002       0.12351924478187486     
   3.2760000000000002       0.12366551029023974     
   3.2800000000000002       0.12380403696400662     
   3.2840000000000003       0.12393830320047970     
   3.2880000000000003       0.12407333859129557     
   3.2920000000000003       0.12421411243500918     
   3.2960000000000003       0.12436428970182133     
   3.3000000000000003       0.12452556040299054     
   3.3040000000000003       0.12469753085628062     
   3.3080000000000003       0.12487816730827375     
   3.3120000000000003       0.12506469155029498     
   3.3160000000000003       0.12525461575683461     
   3.3200000000000003       0.12544643084113763     
   3.3240000000000003       0.12563954668641711     
   3.3280000000000003       0.12583353378046902     
   3.3320000000000003       0.12602730598220432     
   3.3360000000000003       0.12621898290792763     
   3.3400000000000003       0.12640659657230738     
   3.3440000000000003       0.12658916732136463     
   3.3480000000000003       0.12676751953349771     
   3.3520000000000003       0.12694446990649563     
   3.3560000000000003       0.12712429253781318     
   3.3600000000000003       0.12731154238665360     
   3.3640000000000003       0.12750958242629948     
   3.3680000000000003       0.12771939038528324     
   3.3720000000000003       0.12793913374463312     
   3.3760000000000003       0.12816467795367162     
   3.3800000000000003       0.12839079990092331     
   3.3840000000000003       0.12861262756090652     
   3.3880000000000003       0.12882689795889052     
   3.3920000000000003       0.12903268877400442     
   3.3960000000000004       0.12923128920069865     
   3.4000000000000004       0.12942530712184450     
   3.4040000000000004       0.12961764538840281     
   3.4080000000000004       0.12981089753705555     
   3.4120000000000004       0.13000715295831411     
   3.4160000000000004       0.13020785182399391     
   3.4200000000000004       0.13041355232300950     
   3.4240000000000004       0.13062386793910560     
   3.4280000000000004       0.13083776787824761     
   3.4320000000000004       0.13105405998994696     
   3.4359999999999999       0.13127180946771061     
   3.4399999999999999       0.13149061532016265     
   3.4440000000000000       0.13171064173070399     
   3.4480000000000000       0.13193228465137580     
   3.4520000000000000       0.13215561562753203     
   3.4560000000000000       0.13237997367878368     
   3.4600000000000000       0.13260394845240617     
   3.4640000000000000       0.13282560982718802     
   3.4680000000000000       0.13304258813760847     
   3.4720000000000000       0.13325180746769288     
   3.4760000000000000       0.13344910994623685     
   3.4800000000000000       0.13362920812577542     
   3.4840000000000000       0.13378622704759394     
   3.4880000000000000       0.13391477089581369     
   3.4920000000000000       0.13401119865831790     
   3.4960000000000000       0.13407467995831807     
   3.5000000000000000       0.13410756357419068     
   3.5040000000000000       0.13411467469570434     
   3.5080000000000000       0.13410167812381990     
   3.5120000000000000       0.13407338186608223     
   3.5160000000000000       0.13403285460008021     
   3.5200000000000000       0.13398145059360531     
   3.5240000000000000       0.13391929000909275     
   3.5280000000000000       0.13384589606247599     
   3.5320000000000000       0.13376110889355169     
   3.5360000000000000       0.13366638569508374     
   3.5400000000000000       0.13356585245611208     
   3.5440000000000000       0.13346614133320880     
   3.5480000000000000       0.13337510631887722     
   3.5520000000000000       0.13330035773240784     
   3.5560000000000000       0.13324825649013791     
   3.5600000000000001       0.13322348976760814     
   3.5640000000000001       0.13322906794804823     
   3.5680000000000001       0.13326651889718025     
   3.5720000000000001       0.13333616411689836     
   3.5760000000000001       0.13343745850935007     
   3.5800000000000001       0.13356930873830863     
   3.5840000000000001       0.13373013544763163     
   3.5880000000000001       0.13391743923453867     
   3.5920000000000001       0.13412693649317967     
   3.5960000000000001       0.13435178415706456     
   3.6000000000000001       0.13458261582803360     
   3.6040000000000001       0.13480885944223217     
   3.6080000000000001       0.13502111194672328     
   3.6120000000000001       0.13521332731554936     
   3.6160000000000001       0.13538334018136255     
   3.6200000000000001       0.13553185338972570     
   3.6240000000000001       0.13566130962527265     
   3.6280000000000001       0.13577525729955364     
   3.6320000000000001       0.13587767376587737     
   3.6360000000000001       0.13597178948245980     
   3.6400000000000001       0.13605878095510562     
   3.6440000000000001       0.13613717455598578     
   3.6480000000000001       0.13620378982268816     
   3.6520000000000001       0.13625613865323036     
   3.6560000000000001       0.13629445497118842     
   3.6600000000000001       0.13632170452662151     
   3.6640000000000001       0.13634222654079831     
   3.6680000000000001       0.13636044176760706     
   3.6720000000000002       0.13638020839875131     
   3.6760000000000002       0.13640466470072934     
   3.6800000000000002       0.13643610721816685     
   3.6840000000000002       0.13647578460599238     
   3.6880000000000002       0.13652381600250107     
   3.6920000000000002       0.13657927913823700     
   3.6960000000000002       0.13664035465657670     
   3.7000000000000002       0.13670445858673119     
   3.7040000000000002       0.13676837701791555     
   3.7080000000000002       0.13682838788745674     
   3.7120000000000002       0.13688029799690937     
   3.7160000000000002       0.13691959901016548     
   3.7200000000000002       0.13694236085296410     
   3.7240000000000002       0.13694692262076222     
   3.7280000000000002       0.13693507817767472     
   3.7320000000000002       0.13691159565628025     
   3.7360000000000002       0.13688260515936554     
   3.7400000000000002       0.13685403704872998     
   3.7440000000000002       0.13683074399735612     
   3.7480000000000002       0.13681632819290834     
   3.7520000000000002       0.13681329163520808     
   3.7560000000000002       0.13682317416345152     
   3.7600000000000002       0.13684674308185127     
   3.7640000000000002       0.13688431117587638     
   3.7680000000000002       0.13693580354355747     
   3.7720000000000002       0.13700026341847332     
   3.7760000000000002       0.13707519765314991     
   3.7800000000000002       0.13715638274815187     
   3.7840000000000003       0.13723829506799928     
   3.7880000000000003       0.13731500376736910     
   3.7920000000000003       0.13738140604555130     
   3.7960000000000003       0.13743443238897518     
   3.8000000000000003       0.13747336356187867     
   3.8040000000000003       0.13749895440931234     
   3.8080000000000003       0.13751224630655529     
   3.8120000000000003       0.13751395554364262     
   3.8160000000000003       0.13750441596468818     
   3.8200000000000003       0.13748363546345088     
   3.8240000000000003       0.13745124052991645     
   3.8280000000000003       0.13740634748035824     
   3.8320000000000003       0.13734763026736008     
   3.8360000000000003       0.13727388620607908     
   3.8400000000000003       0.13718489545902152     
   3.8440000000000003       0.13708181066274447     
   3.8480000000000003       0.13696666238597224     
   3.8520000000000003       0.13684157229756511     
   3.8560000000000003       0.13670860110775954     
   3.8600000000000003       0.13657017810991118     
   3.8640000000000003       0.13642894790062179     
   3.8680000000000003       0.13628664708921046     
   3.8720000000000003       0.13614303489574406     
   3.8760000000000003       0.13599573026869941     
   3.8800000000000003       0.13584088521057100     
   3.8840000000000003       0.13567410341959021     
   3.8880000000000003       0.13549129777733096     
   3.8920000000000003       0.13528962355936228     
   3.8960000000000004       0.13506815515288875     
   3.9000000000000004       0.13482760265394100     
