    0.004671    0.000000
    0.009342    0.000000
    0.014013    0.000000
    0.018684    0.000000
    0.023355    0.000000
    0.028026    0.000000
    0.032697    0.000000
    0.037368    0.000000
    0.042039    0.000000
    0.046710    0.000000
    0.051381    0.000000
    0.056052    0.000000
    0.060723    0.000000
    0.065394    0.000000
    0.070065    0.000000
    0.074736    0.000000
    0.079407    0.000000
    0.084078    0.000000
    0.088749    0.000000
    0.093420    0.000000
    0.098091    0.000000
    0.102762    0.000000
    0.107433    0.000000
    0.112104    0.000000
    0.116775    0.000000
    0.121446    0.000000
    0.126117    0.000000
    0.130788    0.000000
    0.135459    0.000000
    0.140130    0.000000
    0.144801    0.000000
    0.149472    0.000000
    0.154143    0.000000
    0.158814    0.000000
    0.163485    0.000000
    0.168156    0.000000
    0.172827    0.000000
    0.177498    0.000000
    0.182169    0.000000
    0.186840    0.000000
    0.191511    0.000000
    0.196182    0.000000
    0.200853    0.000000
    0.205524    0.000000
    0.210195    0.000000
    0.214866    0.000000
    0.219537    0.000000
    0.224208    0.000000
    0.228879    0.000000
    0.233550    0.000000
    0.238221    0.000000
    0.242892    0.000000
    0.247563    0.000000
    0.252234    0.000000
    0.256905    0.000000
    0.261576    0.000000
    0.266247    0.000000
    0.270918    0.000000
    0.275589    0.000000
    0.280260    0.000000
    0.284931    0.000000
    0.289602    0.000000
    0.294273    0.000000
    0.298944    0.000000
    0.303615    0.000000
    0.308286    0.000000
    0.312957    0.000000
    0.317628    0.000000
    0.322299    0.000000
    0.326970    0.000000
    0.331641    0.000000
    0.336312    0.000000
    0.340983    0.000000
    0.345654    0.000000
    0.350325    0.000000
    0.354996    0.000000
    0.359667    0.000000
    0.364338    0.000000
    0.369009    0.000000
    0.373680    0.000000
    0.378351    0.000000
    0.383022    0.000000
    0.387693    0.000000
    0.392364    0.000000
    0.397035    0.000000
    0.401706    0.000000
    0.406377    0.000000
    0.411048    0.000000
    0.415719    0.000000
    0.420390    0.000000
    0.425061    0.000000
    0.429732    0.000000
    0.434403    0.000000
    0.439074    0.000000
    0.443745    0.000000
    0.448416    0.000000
    0.453087    0.000000
    0.457758    0.000000
    0.462429    0.000000
    0.467100    0.000000
    0.471771    0.000000
    0.476442    0.000000
    0.481113    0.000000
    0.485784    0.000000
    0.490455    0.000000
    0.495126    0.000000
    0.499797    0.000000
    0.504468    0.000000
    0.509139    0.000000
    0.513810    0.000000
    0.518481    0.000000
    0.523152    0.000000
    0.527823    0.000000
    0.532494    0.000000
    0.537165    0.000000
    0.541836    0.000000
    0.546507    0.000000
    0.551178    0.000000
    0.555849    0.000000
    0.560520    0.000000
    0.565191    0.000000
    0.569862    0.000000
    0.574533    0.000000
    0.579204    0.000000
    0.583875    0.000000
    0.588546    0.000000
    0.593217    0.000000
    0.597888    0.000000
    0.602559    0.000000
    0.607230    0.000000
    0.611901    0.000000
    0.616572    0.000000
    0.621243    0.000000
    0.625914    0.000000
    0.630585    0.000000
    0.635256    0.000000
    0.639927    0.000000
    0.644598    0.000000
    0.649269    0.000000
    0.653940    0.000000
    0.658611    0.000000
    0.663282    0.000000
    0.667953    0.000000
    0.672624    0.000000
    0.677295    0.000000
    0.681966    0.000000
    0.686637    0.000000
    0.691308    0.000000
    0.695979    0.000000
    0.700650    0.000000
    0.705321    0.000000
    0.709992    0.000000
    0.714663    0.000000
    0.719334    0.000000
    0.724005    0.000000
    0.728676    0.000000
    0.733347    0.000000
    0.738018    0.000000
    0.742689    0.000000
    0.747360    0.000000
    0.752031    0.000000
    0.756702    0.000000
    0.761373    0.000000
    0.766044    0.000000
    0.770715    0.000000
    0.775386    0.000000
    0.780057    0.000000
    0.784728    0.000000
    0.789399    0.000000
    0.794070    0.000000
    0.798741    0.000000
    0.803412    0.000000
    0.808083    0.000003
    0.812754    0.000004
    0.817425    0.000005
    0.822096    0.000011
    0.826767    0.000021
    0.831438    0.000032
    0.836109    0.000050
    0.840780    0.000091
    0.845451    0.000157
    0.850122    0.000255
    0.854793    0.000485
    0.859464    0.000884
    0.864135    0.001541
    0.868806    0.002632
    0.873477    0.004179
    0.878148    0.006571
    0.882819    0.010173
    0.887490    0.015534
    0.892161    0.023025
    0.896832    0.033059
    0.901503    0.046175
    0.906174    0.062835
    0.910845    0.084024
    0.915516    0.110472
    0.920187    0.142536
    0.924858    0.181040
    0.929529    0.226596
    0.934200    0.279252
    0.938871    0.339225
    0.943542    0.407878
    0.948213    0.485452
    0.952884    0.571245
    0.957555    0.666337
    0.962226    0.770330
    0.966897    0.883192
    0.971568    1.004083
    0.976239    1.132723
    0.980910    1.269655
    0.985581    1.413729
    0.990252    1.564967
    0.994923    1.723060
    0.999594    1.888526
    1.004265    2.059059
    1.008936    2.234996
    1.013607    2.414394
    1.018278    2.597987
    1.022949    2.785244
    1.027620    2.975199
    1.032291    3.166686
    1.036962    3.360931
    1.041633    3.557323
    1.046304    3.755241
    1.050975    3.953375
    1.055646    4.150574
    1.060317    4.347176
    1.064988    4.543392
    1.069659    4.737983
    1.074330    4.931164
    1.079001    5.123058
    1.083672    5.312956
    1.088343    5.501030
    1.093014    5.686909
    1.097685    5.871246
    1.102356    6.052856
    1.107027    6.232600
    1.111698    6.408797
    1.116369    6.581118
    1.121040    6.750654
    1.125711    6.917899
    1.130382    7.082504
    1.135053    7.243439
    1.139724    7.401032
    1.144395    7.554853
    1.149066    7.705632
    1.153737    7.853339
    1.158408    7.997299
    1.163079    8.138175
    1.167750    8.274991
    1.172421    8.409351
    1.177092    8.540407
    1.181763    8.669348
    1.186434    8.794428
    1.191105    8.916935
    1.195776    9.036081
    1.200447    9.153374
    1.205118    9.267904
    1.209789    9.379308
    1.214460    9.488939
    1.219131    9.595866
    1.223802    9.699108
    1.228473    9.799677
    1.233144    9.898381
    1.237815    9.995947
    1.242486   10.090821
    1.247157   10.183519
    1.251828   10.273526
    1.256499   10.361996
    1.261170   10.448461
    1.265841   10.533510
    1.270512   10.616258
    1.275183   10.697387
    1.279854   10.776983
    1.284525   10.854829
    1.289196   10.930358
    1.293867   11.004505
    1.298538   11.077210
    1.303209   11.148891
    1.307880   11.218946
    1.312551   11.287841
    1.317222   11.355877
    1.321893   11.423406
    1.326564   11.489723
    1.331235   11.555073
    1.335906   11.619538
    1.340577   11.683482
    1.345248   11.746520
    1.349919   11.809007
    1.354590   11.871164
    1.359261   11.932839
    1.363932   11.994107
    1.368603   12.055070
    1.373274   12.115939
    1.377945   12.176918
    1.382616   12.237717
    1.387287   12.297759
    1.391958   12.358094
    1.396629   12.417961
    1.401300   12.478166
    1.405971   12.538893
    1.410642   12.599701
    1.415313   12.660990
    1.419984   12.722172
    1.424655   12.784040
    1.429326   12.845927
    1.433997   12.908649
    1.438668   12.972217
    1.443339   13.035743
    1.448010   13.099777
    1.452681   13.164579
    1.457352   13.230032
    1.462023   13.296360
    1.466694   13.363426
    1.471365   13.431444
    1.476036   13.500305
    1.480707   13.570836
    1.485378   13.642109
    1.490049   13.714412
    1.494720   13.787522
    1.499391   13.861106
    1.504062   13.935937
    1.508733   14.011196
    1.513404   14.087232
    1.518075   14.164395
    1.522746   14.242684
    1.527417   14.322940
    1.532088   14.403535
    1.536759   14.484965
    1.541430   14.567394
    1.546101   14.651654
    1.550772   14.736582
    1.555443   14.822296
    1.560114   14.909725
    1.564785   14.998789
    1.569456   15.088734
    1.574127   15.179843
    1.578798   15.272619
    1.583469   15.367631
    1.588140   15.463952
    1.592811   15.561154
    1.597482   15.660374
    1.602153   15.760757
    1.606824   15.862611
    1.611495   15.966842
    1.616166   16.072465
    1.620837   16.179679
    1.625508   16.288993
    1.630179   16.400852
    1.634850   16.514573
    1.639521   16.629927
    1.644192   16.748054
    1.648863   16.868016
    1.653534   16.990975
    1.658205   17.116124
    1.662876   17.242873
    1.667547   17.372757
    1.672218   17.505272
    1.676889   17.638983
    1.681560   17.777014
    1.686231   17.918061
    1.690902   18.063559
    1.695573   18.213654
    1.700244   18.366716
    1.704915   18.523494
    1.709586   18.684296
    1.714257   18.848727
    1.718928   19.016775
    1.723599   19.189135
    1.728270   19.367102
    1.732941   19.548255
    1.737612   19.733440
    1.742283   19.922622
    1.746954   20.116155
    1.751625   20.315808
    1.756296   20.520105
    1.760967   20.729356
    1.765638   20.944506
    1.770309   21.164241
    1.774980   21.387233
    1.779651   21.614422
    1.784322   21.845625
    1.788993   22.081947
    1.793664   22.323481
    1.798335   22.568839
    1.803006   22.818889
    1.807677   23.073738
    1.812348   23.332819
    1.817019   23.596217
    1.821690   23.865085
    1.826361   24.138402
    1.831032   24.415231
    1.835703   24.694365
    1.840374   24.978290
    1.845045   25.265294
    1.849716   25.557154
    1.854387   25.852038
    1.859058   26.149640
    1.863729   26.450029
    1.868400   26.753256
    1.873071   27.059554
    1.877742   27.369094
    1.882413   27.679615
    1.887084   27.991073
    1.891755   28.305825
    1.896426   28.623390
    1.901097   28.940706
    1.905768   29.260340
    1.910439   29.580910
    1.915110   29.902450
    1.919781   30.224101
    1.924452   30.547823
    1.929123   30.872602
    1.933794   31.198063
    1.938465   31.523064
    1.943136   31.845736
    1.947807   32.168935
    1.952478   32.492622
    1.957149   32.816615
    1.961820   33.139175
    1.966491   33.460040
    1.971162   33.780701
    1.975833   34.101896
    1.980504   34.422316
    1.985175   34.743162
    1.989846   35.063848
    1.994517   35.385116
    1.999188   35.703255
    2.003859   36.020058
    2.008530   36.335461
    2.013201   36.650069
    2.017872   36.963024
    2.022543   37.273351
    2.027214   37.583130
    2.031885   37.890692
    2.036556   38.197021
    2.041227   38.501569
    2.045898   38.805887
    2.050569   39.108988
    2.055240   39.410768
    2.059911   39.710662
    2.064582   40.009378
    2.069253   40.307801
    2.073924   40.604945
    2.078595   40.899668
    2.083266   41.193670
    2.087937   41.486414
    2.092608   41.778209
    2.097279   42.068466
    2.101950   42.358341
    2.106621   42.646714
    2.111292   42.932473
    2.115963   43.216482
    2.120634   43.498727
    2.125305   43.780228
    2.129976   44.061671
    2.134647   44.342012
    2.139318   44.622012
    2.143989   44.899288
    2.148660   45.175549
    2.153331   45.450857
    2.158002   45.727026
    2.162673   46.003834
    2.167344   46.278880
    2.172015   46.554404
    2.176686   46.829309
    2.181357   47.103964
    2.186028   47.378376
    2.190699   47.652058
    2.195370   47.923285
    2.200041   48.194084
    2.204712   48.465513
    2.209383   48.737023
    2.214054   49.007720
    2.218725   49.278246
    2.223396   49.549898
    2.228067   49.822793
    2.232738   50.096146
    2.237409   50.369253
    2.242080   50.642832
    2.246751   50.916576
    2.251422   51.191340
    2.256093   51.467124
    2.260764   51.743948
    2.265435   52.021120
    2.270106   52.298053
    2.274777   52.574636
    2.279448   52.853144
    2.284119   53.131934
    2.288790   53.411789
    2.293461   53.693119
    2.298132   53.975036
    2.302803   54.258399
    2.307474   54.543554
    2.312145   54.830324
    2.316816   55.117325
    2.321487   55.405227
    2.326158   55.696302
    2.330829   55.989083
    2.335500   56.282043
    2.340171   56.579714
    2.344842   56.878166
    2.349513   57.178866
    2.354184   57.481515
    2.358855   57.786373
    2.363526   58.094080
    2.368197   58.401749
    2.372868   58.712188
    2.377539   59.024479
    2.382210   59.338109
    2.386881   59.654934
    2.391552   59.970986
    2.396223   60.288669
    2.400894   60.607376
    2.405565   60.928237
    2.410236   61.251791
    2.414907   61.577418
    2.419578   61.903629
    2.424249   62.232227
    2.428920   62.562938
    2.433591   62.895131
    2.438262   63.229758
    2.442933   63.566229
    2.447604   63.901033
    2.452275   64.238204
    2.456946   64.576766
    2.461617   64.916607
    2.466288   65.256343
    2.470959   65.597912
    2.475630   65.940747
    2.480301   66.285399
    2.484972   66.631530
    2.489643   66.979053
    2.494314   67.327787
    2.498985   67.676884
    2.503656   68.027111
    2.508327   68.378326
    2.512998   68.729550
    2.517669   69.081110
    2.522340   69.433627
    2.527011   69.787034
    2.531682   70.141066
    2.536353   70.495106
    2.541024   70.848757
    2.545695   71.203522
    2.550366   71.560236
    2.555037   71.918092
    2.559708   72.276332
    2.564379   72.636745
    2.569050   72.996370
    2.573721   73.356400
    2.578392   73.717300
    2.583063   74.079944
    2.587734   74.444056
    2.592405   74.811702
    2.597076   75.181993
    2.601747   75.551575
    2.606418   75.922937
    2.611089   76.295728
    2.615760   76.669772
    2.620431   77.045536
    2.625102   77.421589
    2.629773   77.800615
    2.634444   78.179723
    2.639115   78.561723
    2.643786   78.947694
    2.648457   79.336425
    2.653128   79.728971
    2.657799   80.123928
    2.662470   80.522779
    2.667141   80.924745
    2.671812   81.329431
    2.676483   81.738551
    2.681154   82.152524
    2.685825   82.571342
    2.690496   82.994349
    2.695167   83.421272
    2.699838   83.855236
    2.704509   84.292961
    2.709180   84.734121
    2.713851   85.180942
    2.718522   85.633235
    2.723193   86.091331
    2.727864   86.555062
    2.732535   87.022422
    2.737206   87.496278
    2.741877   87.975346
    2.746548   88.461723
    2.751219   88.954269
    2.755890   89.454743
    2.760561   89.961418
    2.765232   90.474589
    2.769903   90.992559
    2.774574   91.516974
    2.779245   92.046884
    2.783916   92.582428
    2.788587   93.124933
    2.793258   93.672878
    2.797929   94.226593
    2.802600   94.784644
    2.807271   95.351053
    2.811942   95.920439
    2.816613   96.494440
    2.821284   97.073832
    2.825955   97.660934
    2.830626   98.251136
    2.835297   98.846204
    2.839968   99.448047
    2.844639  100.052321
    2.849310  100.663390
    2.853981  101.276898
    2.858652  101.894662
    2.863323  102.514552
    2.867994  103.139479
    2.872665  103.767773
    2.877336  104.399880
    2.882007  105.034815
    2.886678  105.672937
    2.891349  106.313744
    2.896020  106.956356
    2.900691  107.599974
    2.905362  108.243023
    2.910033  108.889251
    2.914704  109.534896
    2.919375  110.178001
    2.924046  110.819455
    2.928717  111.463608
    2.933388  112.107919
    2.938059  112.751746
    2.942730  113.394050
    2.947401  114.037468
    2.952072  114.678706
    2.956743  115.320570
    2.961414  115.962001
    2.966085  116.599813
    2.970756  117.233593
    2.975427  117.866382
    2.980098  118.497100
    2.984769  119.125736
    2.989440  119.751950
    2.994111  120.376302
    2.998782  121.000444
    3.003453  121.621536
    3.008124  122.241394
    3.012795  122.856739
    3.017466  123.466909
    3.022137  124.073695
    3.026808  124.676821
    3.031479  125.276946
    3.036150  125.877686
    3.040821  126.475339
    3.045492  127.070741
    3.050163  127.662478
    3.054834  128.250401
    3.059505  128.835858
    3.064176  129.421098
    3.068847  130.005853
    3.073518  130.586369
    3.078189  131.163422
    3.082860  131.740991
    3.087531  132.315760
    3.092202  132.889821
    3.096873  133.461931
    3.101544  134.030849
    3.106215  134.600709
    3.110886  135.169571
    3.115557  135.737436
    3.120228  136.303778
    3.124899  136.869856
    3.129570  137.437334
    3.134241  138.002334
    3.138912  138.568395
    3.143583  139.133757
    3.148254  139.700938
    3.152925  140.266965
    3.157596  140.834092
    3.162267  141.401700
    3.166938  141.969308
    3.171609  142.540769
    3.176280  143.112123
    3.180951  143.683021
    3.185622  144.256501
    3.190293  144.832211
    3.194964  145.408064
    3.199635  145.985074
    3.204306  146.564067
    3.208977  147.145790
    3.213648  147.727011
    3.218319  148.311282
    3.222990  148.897667
    3.227661  149.487025
    3.232332  150.079713
    3.237003  150.674491
    3.241674  151.270199
    3.246345  151.870688
    3.251016  152.473843
    3.255687  153.081457
    3.260358  153.690889
    3.265029  154.304004
    3.269700  154.917550
    3.274371  155.535975
    3.279042  156.157407
    3.283713  156.780663
    3.288384  157.406750
    3.293055  158.038335
    3.297726  158.674756
    3.302397  159.312625
    3.307068  159.952404
    3.311739  160.595760
    3.316410  161.241683
    3.321081  161.888892
    3.325752  162.538447
    3.330423  163.192459
    3.335094  163.848407
    3.339765  164.504785
    3.344436  165.161958
    3.349107  165.823306
    3.353778  166.486617
    3.358449  167.153051
    3.363120  167.823704
    3.367791  168.497052
    3.372462  169.173441
    3.377133  169.851000
    3.381804  170.528262
    3.386475  171.207049
    3.391146  171.887745
    3.395817  172.571940
    3.400488  173.257007
    3.405159  173.943192
    3.409830  174.630372
    3.414501  175.321391
    3.419172  176.015358
    3.423843  176.710513
    3.428514  177.406465
    3.433185  178.104596
    3.437856  178.804323
    3.442527  179.501505
    3.447198  180.201183
    3.451869  180.901563
    3.456540  181.604954
    3.461211  182.311093
    3.465882  183.018420
    3.470553  183.723839
    3.475224  184.430877
    3.479895  185.139745
    3.484566  185.850686
    3.489237  186.563307
    3.493908  187.276226
    3.498579  187.992484
    3.503250  188.710958
    3.507921  189.428996
    3.512592  190.149365
    3.517263  190.870423
    3.521934  191.592884
    3.526605  192.318753
    3.531276  193.047397
    3.535947  193.774716
    3.540618  194.504026
    3.545289  195.233357
    3.549960  195.966437
    3.554631  196.700283
    3.559302  197.436318
    3.563973  198.174406
    3.568644  198.915901
    3.573315  199.659262
    3.577986  200.406904
    3.582657  201.154544
    3.587328  201.902404
    3.591999  202.654165
    3.596670  203.407757
    3.601341  204.165483
    3.606012  204.925521
    3.610683  205.689853
    3.615354  206.457135
    3.620025  207.229368
    3.624696  208.005073
    3.629367  208.783407
    3.634038  209.566041
    3.638709  210.350841
    3.643380  211.141557
    3.648051  211.935689
    3.652722  212.731956
    3.657393  213.532335
    3.662064  214.335044
    3.666735  215.142854
    3.671406  215.957472
    3.676077  216.776290
    3.680748  217.598626
    3.685419  218.427210
    3.690090  219.261239
    3.694761  220.098483
    3.699432  220.939131
    3.704103  221.786037
    3.708774  222.636783
    3.713445  223.492766
    3.718116  224.355812
    3.722787  225.226179
    3.727458  226.102951
    3.732129  226.984328
    3.736800  227.872914
    3.741471  228.769170
    3.746142  229.672322
    3.750813  230.580229
    3.755484  231.494161
    3.760155  232.415484
    3.764826  233.344433
    3.769497  234.280279
    3.774168  235.221542
    3.778839  236.169489
    3.783510  237.121676
    3.788181  238.081535
    3.792852  239.048829
    3.797523  240.022612
    3.802194  241.004059
    3.806865  241.988655
    3.811536  242.977448
    3.816207  243.975248
    3.820878  244.979309
    3.825549  245.988932
    3.830220  247.004957
    3.834891  248.027119
    3.839562  249.052973
    3.844233  250.085483
    3.848904  251.126533
    3.853575  252.172441
    3.858246  253.222847
    3.862917  254.278823
    3.867588  255.339914
    3.872259  256.408487
    3.876930  257.480489
    3.881601  258.557481
    3.886272  259.637709
    3.890943  260.721852
    3.895614  261.815228
    3.900285  262.913714
    3.904956  264.013995
    3.909627  265.117191
    3.914298  266.221191
    3.918969  267.326491
    3.923640  268.435084
    3.928311  269.546499
    3.932982  270.661888
    3.937653  271.777667
    3.942324  272.894471
    3.946995  274.009859
    3.951666  275.126824
    3.956337  276.244175
    3.961008  277.362168
    3.965679  278.479728
    3.970350  279.594318
    3.975021  280.709019
    3.979692  281.823444
    3.984363  282.937313
    3.989034  284.050233
    3.993705  285.159503
    3.998376  286.266111
    4.003047  287.373268
    4.007718  288.474914
    4.012389  289.574547
    4.017060  290.672087
    4.021731  291.768969
    4.026402  292.860661
    4.031073  293.951006
    4.035744  295.039395
    4.040415  296.123238
    4.045086  297.202966
    4.049757  298.278606
    4.054428  299.350044
    4.059099  300.415383
    4.063770  301.477871
    4.068441  302.537614
    4.073112  303.595100
    4.077783  304.649079
    4.082454  305.697288
    4.087125  306.743213
    4.091796  307.782519
    4.096467  308.817047
    4.101138  309.847953
    4.105809  310.874460
    4.110480  311.897066
    4.115151  312.915467
    4.119822  313.930055
    4.124493  314.941477
    4.129164  315.949354
    4.133835  316.952120
    4.138506  317.953705
    4.143177  318.952302
    4.147848  319.948478
    4.152519  320.942515
    4.157190  321.934665
    4.161861  322.921652
    4.166532  323.905436
    4.171203  324.888333
    4.175874  325.869373
    4.180545  326.849551
    4.185216  327.827454
    4.189887  328.805635
    4.194558  329.782731
    4.199229  330.760677
    4.203900  331.737802
    4.208571  332.710892
    4.213242  333.683998
    4.217913  334.657598
    4.222584  335.630064
    4.227255  336.602352
    4.231926  337.576616
    4.236597  338.550286
    4.241268  339.522734
    4.245939  340.496857
    4.250610  341.473141
    4.255281  342.447566
    4.259952  343.422205
    4.264623  344.398350
    4.269294  345.378618
    4.273965  346.359802
    4.278636  347.339519
    4.283307  348.322755
    4.287978  349.308579
    4.292649  350.296436
    4.297320  351.284796
    4.301991  352.278180
    4.306662  353.274599
    4.311333  354.271723
    4.316004  355.271517
    4.320675  356.274706
    4.325346  357.282117
    4.330017  358.290907
    4.334688  359.304583
    4.339359  360.323271
    4.344030  361.346713
    4.348701  362.373755
    4.353372  363.406687
    4.358043  364.441983
    4.362714  365.480429
    4.367385  366.526470
    4.372056  367.578011
    4.376727  368.638108
    4.381398  369.700489
    4.386069  370.764699
    4.390740  371.832881
    4.395411  372.905832
    4.400082  373.984519
    4.404753  375.071752
    4.409424  376.162128
    4.414095  377.258874
    4.418766  378.359922
    4.423437  379.468333
    4.428108  380.583662
    4.432779  381.708282
    4.437450  382.837277
    4.442121  383.971556
    4.446792  385.110593
    4.451463  386.257005
    4.456134  387.409774
    4.460805  388.568326
    4.465476  389.739980
    4.470147  390.917392
    4.474818  392.101892
    4.479489  393.290488
    4.484160  394.490125
    4.488831  395.695402
    4.493502  396.907494
    4.498173  398.129099
    4.502844  399.356952
    4.507515  400.592067
    4.512186  401.835068
    4.516857  403.085616
    4.521528  404.344383
    4.526199  405.608898
    4.530870  406.881036
    4.535541  408.159047
    4.540212  409.443788
    4.544883  410.737246
    4.549554  412.040847
    4.554225  413.354327
    4.558896  414.674087
    4.563567  416.001591
    4.568238  417.340684
    4.572909  418.688021
    4.577580  420.042352
    4.582251  421.403232
    4.586922  422.770321
    4.591593  424.146751
    4.596264  425.531657
    4.600935  426.924028
    4.605606  428.325402
    4.610277  429.734025
    4.614948  431.151356
    4.619619  432.577061
    4.624290  434.009544
    4.628961  435.449838
    4.633632  436.897681
    4.638303  438.351911
    4.642974  439.813034
    4.647645  441.282031
    4.652316  442.758666
    4.656987  444.242212
    4.661658  445.731620
    4.666329  447.229499
    4.671000  448.731936
