  -3.3599810  -5.1525247   1.7925437
  -3.3599809  -5.1303789   1.7703979
  -3.3599809  -5.1190340   1.7590531
  -3.3599812  -5.1138341   1.7538529
  -3.3599811  -5.1074170   1.7474359
  -3.3599807  -5.1068901   1.7469094
  -3.3599806  -5.1304045   1.7704239
  -3.3599814  -5.1743267   1.8143453
  -3.3599817  -5.2100130   1.8500313
  -3.3599816  -5.2237783   1.8637967
  -3.3599814  -5.2208614   1.8608800
  -3.3599813  -5.2066050   1.8466238
  -3.3599813  -5.1820388   1.8220576
  -3.3599809  -5.1550401   1.7950592
  -3.3599810  -5.1389070   1.7789260
  -3.3599811  -5.1352257   1.7752446
  -3.3599810  -5.1388916   1.7789107
  -3.3599810  -5.1532094   1.7932284
  -3.3599814  -5.1744833   1.8145019
  -3.3599814  -5.1889910   1.8290096
  -3.3599814  -5.1912464   1.8312649
  -3.3599814  -5.1824957   1.8225143
  -3.3599812  -5.1644210   1.8044397
  -3.3599809  -5.1446641   1.7846832
  -3.3599810  -5.1302804   1.7702995
  -3.3599810  -5.1226477   1.7626668
  -3.3599811  -5.1206319   1.7606509
  -3.3599816  -5.1195417   1.7595601
  -3.3599813  -5.1093331   1.7493518
  -3.3599808  -5.0979949   1.7380141
  -3.3599809  -5.1039023   1.7439214
  -3.3599812  -5.1250308   1.7650496
  -3.3599814  -5.1501832   1.7902018
  -3.3599815  -5.1701721   1.8101906
  -3.3599816  -5.1790088   1.8190272
  -3.3599815  -5.1739727   1.8139912
  -3.3599813  -5.1601196   1.8001383
  -3.3599812  -5.1434716   1.7834904
  -3.3599810  -5.1299235   1.7699425
  -3.3599810  -5.1286153   1.7686343
  -3.3599814  -5.1355658   1.7755844
  -3.3599814  -5.1388115   1.7788301
  -3.3599813  -5.1340972   1.7741159
  -3.3599810  -5.1247181   1.7647371
  -3.3599807  -5.1219190   1.7619382
  -3.3599809  -5.1330104   1.7730295
  -3.3599811  -5.1501305   1.7901494
  -3.3599812  -5.1656521   1.8056709
  -3.3599815  -5.1733201   1.8133386
  -3.3599815  -5.1633873   1.8034058
  -3.3599810  -5.1395233   1.7795422
  -3.3599808  -5.1173597   1.7573789
  -3.3599808  -5.1109135   1.7509326
  -3.3599809  -5.1228478   1.7628669
  -3.3599812  -5.1452755   1.7852943
  -3.3599815  -5.1671892   1.8072077
  -3.3599815  -5.1778552   1.8178737
  -3.3599812  -5.1740036   1.8140224
  -3.3599808  -5.1655498   1.8055690
  -3.3599809  -5.1651203   1.8051394
  -3.3599810  -5.1729296   1.8129486
  -3.3599810  -5.1822978   1.8223167
  -3.3599811  -5.1922822   1.8323011
  -3.3599814  -5.1979619   1.8379805
  -3.3599812  -5.1922714   1.8322902
  -3.3599810  -5.1804094   1.8204284
  -3.3599811  -5.1679317   1.8079506
  -3.3599812  -5.1514697   1.7914885
  -3.3599809  -5.1311199   1.7711390
  -3.3599807  -5.1165625   1.7565818
  -3.3599809  -5.1152438   1.7552629
  -3.3599812  -5.1258066   1.7658255
  -3.3599815  -5.1368218   1.7768403
  -3.3599811  -5.1394717   1.7794906
  -3.3599809  -5.1443889   1.7844080
  -3.3599812  -5.1575975   1.7976163
  -3.3599815  -5.1691678   1.8091863
  -3.3599815  -5.1678662   1.8078847
  -3.3599811  -5.1535521   1.7935710
  -3.3599807  -5.1401823   1.7802016
  -3.3599811  -5.1389361   1.7789550
  -3.3599815  -5.1392742   1.7792927
  -3.3599815  -5.1271071   1.7671256
  -3.3599809  -5.1093684   1.7493875
  -3.3599804  -5.1085713   1.7485909
  -3.3599806  -5.1380659   1.7780853
  -3.3599811  -5.1901841   1.8302030
  -3.3599817  -5.2393288   1.8793471
  -3.3599816  -5.2634354   1.9034538
  -3.3599812  -5.2630052   1.9030240
  -3.3599811  -5.2465645   1.8865834
  -3.3599811  -5.2187906   1.8588095
  -3.3599810  -5.1843913   1.8244104
  -3.3599810  -5.1499420   1.7899610
  -3.3599809  -5.1210448   1.7610638
  -3.3599807  -5.1038148   1.7438341
  -3.3599809  -5.1037129   1.7437320
  -3.3599813  -5.1147027   1.7547214
  -3.3599814  -5.1225662   1.7625847
  -3.3599812  -5.1240298   1.7640486
  -3.3599810  -5.1237805   1.7637995
  -3.3599810  -5.1287969   1.7688159
  -3.3599811  -5.1402217   1.7802406
  -3.3599811  -5.1527498   1.7927687
  -3.3599810  -5.1639307   1.8039497
  -3.3599810  -5.1739851   1.8140041
  -3.3599812  -5.1823978   1.8224165
  -3.3599812  -5.1826195   1.8226382
  -3.3599808  -5.1764577   1.8164769
  -3.3599808  -5.1772829   1.8173021
  -3.3599814  -5.1832465   1.8232651
  -3.3599816  -5.1746171   1.8146355
  -3.3599813  -5.1434770   1.7834957
  -3.3599807  -5.1078265   1.7478458
  -3.3599807  -5.0889563   1.7289756
  -3.3599809  -5.0924695   1.7324885
  -3.3599810  -5.1107765   1.7507955
  -3.3599813  -5.1344569   1.7744756
  -3.3599814  -5.1526126   1.7926311
  -3.3599815  -5.1542704   1.7942890
  -3.3599809  -5.1402947   1.7803138
  -3.3599808  -5.1281362   1.7681554
  -3.3599810  -5.1275257   1.7675448
  -3.3599812  -5.1310501   1.7710689
  -3.3599812  -5.1323866   1.7724055
  -3.3599812  -5.1303094   1.7703282
  -3.3599810  -5.1255937   1.7656127
  -3.3599809  -5.1223476   1.7623666
  -3.3599809  -5.1238105   1.7638296
  -3.3599810  -5.1318801   1.7718991
  -3.3599810  -5.1448561   1.7848751
  -3.3599811  -5.1598422   1.7998612
  -3.3599811  -5.1762922   1.8163111
  -3.3599814  -5.1903543   1.8303728
  -3.3599815  -5.1912656   1.8312841
  -3.3599813  -5.1755256   1.8155443
  -3.3599810  -5.1542935   1.7943125
  -3.3599808  -5.1390909   1.7791101
  -3.3599808  -5.1344104   1.7744295
  -3.3599810  -5.1399960   1.7800150
  -3.3599810  -5.1511061   1.7911251
  -3.3599810  -5.1625377   1.8025566
  -3.3599812  -5.1684276   1.8084465
  -3.3599814  -5.1657262   1.8057449
  -3.3599814  -5.1511855   1.7912042
  -3.3599811  -5.1252264   1.7652452
  -3.3599809  -5.1010009   1.7410201
  -3.3599808  -5.0909033   1.7309225
  -3.3599810  -5.0958335   1.7358525
  -3.3599810  -5.1101409   1.7501599
  -3.3599812  -5.1268625   1.7668812
  -3.3599813  -5.1418349   1.7818536
  -3.3599814  -5.1517727   1.7917912
  -3.3599812  -5.1550453   1.7950640
  -3.3599811  -5.1585881   1.7986069
  -3.3599813  -5.1664909   1.8065097
  -3.3599811  -5.1747550   1.8147739
  -3.3599813  -5.1829053   1.8229240
  -3.3599816  -5.1841899   1.8242083
  -3.3599815  -5.1674408   1.8074593
  -3.3599809  -5.1379872   1.7780063
  -3.3599806  -5.1212063   1.7612257
  -3.3599810  -5.1269011   1.7669201
  -3.3599812  -5.1411316   1.7811504
  -3.3599813  -5.1556819   1.7957006
  -3.3599813  -5.1658083   1.8058270
  -3.3599812  -5.1705897   1.8106084
  -3.3599813  -5.1721251   1.8121438
  -3.3599813  -5.1675898   1.8076085
  -3.3599811  -5.1560140   1.7960329
  -3.3599808  -5.1474367   1.7874560
  -3.3599809  -5.1510257   1.7910449
  -3.3599811  -5.1625279   1.8025468
  -3.3599813  -5.1737660   1.8137847
  -3.3599813  -5.1772186   1.8172373
  -3.3599812  -5.1716234   1.8116422
  -3.3599809  -5.1646948   1.8047139
  -3.3599808  -5.1683208   1.8083401
  -3.3599813  -5.1825068   1.8225255
  -3.3599814  -5.1930507   1.8330693
  -3.3599813  -5.1917226   1.8317413
  -3.3599813  -5.1792275   1.8192462
  -3.3599812  -5.1584864   1.7985052
  -3.3599810  -5.1336999   1.7737189
  -3.3599809  -5.1112382   1.7512573
  -3.3599809  -5.0933633   1.7333824
  -3.3599809  -5.0818413   1.7218604
  -3.3599808  -5.0834063   1.7234255
  -3.3599811  -5.0993112   1.7393302
  -3.3599810  -5.1196902   1.7597092
  -3.3599810  -5.1425611   1.7825801
  -3.3599811  -5.1665033   1.8065223
  -3.3599814  -5.1838079   1.8238265
  -3.3599813  -5.1836685   1.8236872
  -3.3599810  -5.1678233   1.8078423
  -3.3599807  -5.1532948   1.7933141
  -3.3599808  -5.1524771   1.7924963
  -3.3599810  -5.1637706   1.8037896
  -3.3599814  -5.1745955   1.8146141
  -3.3599814  -5.1715523   1.8115709
  -3.3599810  -5.1587438   1.7987628
  -3.3599812  -5.1504576   1.7904765
  -3.3599814  -5.1449953   1.7850140
  -3.3599811  -5.1355061   1.7755250
  -3.3599810  -5.1267435   1.7667625
  -3.3599809  -5.1217647   1.7617838
  -3.3599809  -5.1242776   1.7642967
  -3.3599810  -5.1347205   1.7747395
  -3.3599813  -5.1451694   1.7851881
  -3.3599813  -5.1486011   1.7886199
  -3.3599812  -5.1494481   1.7894670
  -3.3599813  -5.1501379   1.7901566
  -3.3599811  -5.1485598   1.7885787
  -3.3599812  -5.1510684   1.7910872
  -3.3599812  -5.1566879   1.7967067
  -3.3599813  -5.1605385   1.8005571
  -3.3599815  -5.1575860   1.7976046
  -3.3599812  -5.1441050   1.7841238
  -3.3599809  -5.1301396   1.7701587
  -3.3599808  -5.1288394   1.7688586
  -3.3599810  -5.1423390   1.7823580
  -3.3599812  -5.1626581   1.8026769
  -3.3599813  -5.1809511   1.8209698
  -3.3599814  -5.1889075   1.8289261
  -3.3599814  -5.1799206   1.8199391
  -3.3599811  -5.1555689   1.7955878
  -3.3599807  -5.1315498   1.7715691
  -3.3599808  -5.1267180   1.7667372
  -3.3599813  -5.1380503   1.7780690
  -3.3599814  -5.1465837   1.7866024
  -3.3599813  -5.1461781   1.7861968
  -3.3599813  -5.1376795   1.7776981
  -3.3599810  -5.1242056   1.7642246
  -3.3599805  -5.1195127   1.7595322
  -3.3599807  -5.1373856   1.7774049
  -3.3599813  -5.1691114   1.8091301
  -3.3599818  -5.1901818   1.8302000
  -3.3599819  -5.1858657   1.8258838
  -3.3599815  -5.1553641   1.7953826
  -3.3599806  -5.1146619   1.7546813
  -3.3599803  -5.0954039   1.7354236
  -3.3599808  -5.1136581   1.7536774
  -3.3599814  -5.1510456   1.7910643
  -3.3599814  -5.1856694   1.8256881
  -3.3599816  -5.2094126   1.8494310
  -3.3599815  -5.2154640   1.8554825
  -3.3599812  -5.2042997   1.8443186
  -3.3599812  -5.1874729   1.8274917
  -3.3599813  -5.1695511   1.8095698
  -3.3599812  -5.1512955   1.7913144
  -3.3599810  -5.1388014   1.7788204
  -3.3599809  -5.1403325   1.7803516
  -3.3599811  -5.1544073   1.7944262
  -3.3599813  -5.1712097   1.8112284
  -3.3599814  -5.1829769   1.8229955
  -3.3599815  -5.1849647   1.8249832
  -3.3599815  -5.1759378   1.8159563
  -3.3599812  -5.1594113   1.7994301
  -3.3599809  -5.1472488   1.7872679
  -3.3599814  -5.1459692   1.7859878
  -3.3599814  -5.1476594   1.7876780
  -3.3599812  -5.1473216   1.7873404
  -3.3599812  -5.1478360   1.7878548
  -3.3599812  -5.1527325   1.7927513
  -3.3599811  -5.1649979   1.8050168
  -3.3599812  -5.1812635   1.8212822
  -3.3599815  -5.1954687   1.8354872
  -3.3599811  -5.2016054   1.8416243
  -3.3599810  -5.2078485   1.8478675
  -3.3599813  -5.2183309   1.8583496
  -3.3599816  -5.2177996   1.8578180
  -3.3599813  -5.1992222   1.8392410
  -3.3599810  -5.1720770   1.8120960
  -3.3599809  -5.1472434   1.7872624
  -3.3599810  -5.1283951   1.7684141
  -3.3599808  -5.1178083   1.7578275
  -3.3599811  -5.1199627   1.7599815
  -3.3599817  -5.1228772   1.7628954
  -3.3599813  -5.1114265   1.7514451
  -3.3599806  -5.0991621   1.7391815
  -3.3599810  -5.1071753   1.7471943
  -3.3599813  -5.1277587   1.7677774
  -3.3599812  -5.1486177   1.7886365
  -3.3599814  -5.1673102   1.8073288
  -3.3599815  -5.1753856   1.8154042
  -3.3599813  -5.1688192   1.8088378
  -3.3599811  -5.1528346   1.7928535
  -3.3599809  -5.1362793   1.7762984
  -3.3599809  -5.1286379   1.7686570
  -3.3599814  -5.1314742   1.7714928
  -3.3599817  -5.1336354   1.7736536
  -3.3599815  -5.1217495   1.7617680
  -3.3599810  -5.1057452   1.7457642
  -3.3599808  -5.1060436   1.7460628
  -3.3599811  -5.1260826   1.7661016
  -3.3599812  -5.1561916   1.7962104
  -3.3599813  -5.1871343   1.8271529
  -3.3599817  -5.2088554   1.8488737
  -3.3599817  -5.2096890   1.8497073
  -3.3599812  -5.1881867   1.8282055
  -3.3599806  -5.1639723   1.8039918
  -3.3599808  -5.1586911   1.7987104
  -3.3599814  -5.1687496   1.8087682
  -3.3599817  -5.1711088   1.8111272
  -3.3599810  -5.1582032   1.7982222
  -3.3599807  -5.1515733   1.7915926
  -3.3599812  -5.1640252   1.8040439
  -3.3599817  -5.1828057   1.8228239
  -3.3599816  -5.1907256   1.8307439
  -3.3599815  -5.1836588   1.8236773
  -3.3599812  -5.1686815   1.8087003
  -3.3599808  -5.1578079   1.7978272
  -3.3599807  -5.1640107   1.8040300
  -3.3599812  -5.1892208   1.8292396
  -3.3599818  -5.2150290   1.8550472
  -3.3599817  -5.2216803   1.8616986
  -3.3599815  -5.2094237   1.8494422
  -3.3599812  -5.1870165   1.8270353
  -3.3599809  -5.1639663   1.8039853
  -3.3599809  -5.1480863   1.7881054
  -3.3599810  -5.1408849   1.7809039
  -3.3599813  -5.1403353   1.7803540
  -3.3599813  -5.1419158   1.7819346
  -3.3599814  -5.1405974   1.7806159
  -3.3599813  -5.1320049   1.7720236
  -3.3599811  -5.1233226   1.7633415
  -3.3599813  -5.1192665   1.7592853
  -3.3599811  -5.1147902   1.7548091
  -3.3599810  -5.1111792   1.7511982
  -3.3599810  -5.1160295   1.7560485
  -3.3599809  -5.1311980   1.7712171
  -3.3599811  -5.1546421   1.7946610
  -3.3599817  -5.1827336   1.8227519
  -3.3599819  -5.1959259   1.8359440
  -3.3599813  -5.1844327   1.8244514
  -3.3599809  -5.1639283   1.8039474
  -3.3599809  -5.1526436   1.7926627
  -3.3599812  -5.1522643   1.7922831
  -3.3599813  -5.1521760   1.7921946
  -3.3599811  -5.1490896   1.7891085
  -3.3599812  -5.1493144   1.7893332
  -3.3599811  -5.1549710   1.7949898
  -3.3599812  -5.1645316   1.8045504
  -3.3599813  -5.1754252   1.8154439
  -3.3599817  -5.1777971   1.8178154
  -3.3599814  -5.1641758   1.8041944
  -3.3599809  -5.1441018   1.7841209
  -3.3599808  -5.1383561   1.7783753
  -3.3599816  -5.1475812   1.7875996
  -3.3599816  -5.1476715   1.7876899
  -3.3599812  -5.1329273   1.7729461
  -3.3599807  -5.1189237   1.7589430
  -3.3599806  -5.1243496   1.7643690
  -3.3599810  -5.1519548   1.7919738
  -3.3599814  -5.1848486   1.8248672
  -3.3599815  -5.2046387   1.8446572
  -3.3599814  -5.2082269   1.8482455
  -3.3599814  -5.1994438   1.8394624
  -3.3599812  -5.1818777   1.8218965
  -3.3599811  -5.1651783   1.8051973
  -3.3599811  -5.1568832   1.7969021
  -3.3599813  -5.1562258   1.7962445
  -3.3599816  -5.1532630   1.7932814
  -3.3599815  -5.1402697   1.7802883
  -3.3599810  -5.1235393   1.7635583
  -3.3599809  -5.1147407   1.7547598
  -3.3599810  -5.1203294   1.7603484
  -3.3599814  -5.1312603   1.7712789
  -3.3599814  -5.1365230   1.7765416
  -3.3599812  -5.1367016   1.7767204
  -3.3599810  -5.1371304   1.7771493
  -3.3599812  -5.1409673   1.7809861
  -3.3599811  -5.1447922   1.7848111
  -3.3599811  -5.1504862   1.7905051
  -3.3599810  -5.1640691   1.8040881
  -3.3599813  -5.1837257   1.8237445
  -3.3599815  -5.2005668   1.8405852
  -3.3599817  -5.2014806   1.8414989
  -3.3599815  -5.1796613   1.8196798
  -3.3599808  -5.1475303   1.7875494
  -3.3599808  -5.1242673   1.7642865
  -3.3599811  -5.1139094   1.7539283
  -3.3599811  -5.1107676   1.7507865
  -3.3599810  -5.1157639   1.7557829
  -3.3599815  -5.1275157   1.7675342
  -3.3599816  -5.1320751   1.7720935
  -3.3599813  -5.1244288   1.7644475
  -3.3599809  -5.1137797   1.7537988
  -3.3599808  -5.1134930   1.7535122
  -3.3599811  -5.1273810   1.7673998
  -3.3599812  -5.1431632   1.7831820
  -3.3599811  -5.1523954   1.7924143
  -3.3599809  -5.1586942   1.7987133
  -3.3599809  -5.1685541   1.8085732
  -3.3599812  -5.1830161   1.8230349
  -3.3599815  -5.1930102   1.8330286
  -3.3599815  -5.1895593   1.8295778
  -3.3599813  -5.1738611   1.8138798
  -3.3599809  -5.1549185   1.7949375
  -3.3599804  -5.1519482   1.7919678
