   4.0000000000000001E-003   5.9614901680123689E-005
   8.0000000000000002E-003   2.3793516466110630E-004
   1.2000000000000000E-002   5.3327066902394895E-004
   1.6000000000000000E-002   9.4277864686338753E-004
   2.0000000000000000E-002   1.4625122705627909E-003
   2.4000000000000000E-002   2.0874554225383418E-003
   2.8000000000000001E-002   2.8115715119535079E-003
   3.2000000000000001E-002   3.6279032751177199E-003
   3.6000000000000004E-002   4.5287425515983647E-003
   4.0000000000000001E-002   5.5058570479906777E-003
   4.4000000000000004E-002   6.5507364023336435E-003
   4.8000000000000001E-002   7.6548106210090139E-003
   5.2000000000000005E-002   8.8095976731696647E-003
   5.6000000000000001E-002   1.0006757878910359E-002
   6.0000000000000005E-002   1.1238076616389982E-002
   6.4000000000000001E-002   1.2495445794293002E-002
   6.8000000000000005E-002   1.3770925756378118E-002
   7.2000000000000008E-002   1.5056919379146284E-002
   7.5999999999999998E-002   1.6346409638359601E-002
   8.0000000000000002E-002   1.7633162932538495E-002
   8.4000000000000005E-002   1.8911812589580544E-002
   8.8000000000000009E-002   2.0177788742848431E-002
   9.1999999999999998E-002   2.1427125004327346E-002
   9.6000000000000002E-002   2.2656226793780744E-002
  0.10000000000000001        2.3861695882060226E-002
  0.10400000000000001        2.5040261570270710E-002
  0.10800000000000000        2.6188805351155892E-002
  0.11200000000000000        2.7304420231278860E-002
  0.11600000000000001        2.8384439977485632E-002
  0.12000000000000001        2.9426410926670865E-002
  0.12400000000000000        3.0428035181778626E-002
  0.12800000000000000        3.1387144789109776E-002
  0.13200000000000001        3.2301744211095072E-002
  0.13600000000000001        3.3170105708823526E-002
  0.14000000000000001        3.3990870889445107E-002
  0.14400000000000002        3.4763124286862158E-002
  0.14800000000000002        3.5486430151449096E-002
  0.15200000000000000        3.6160832725076718E-002
  0.15600000000000000        3.6786822486031920E-002
  0.16000000000000000        3.7365278391744430E-002
  0.16400000000000001        3.7897403930880369E-002
  0.16800000000000001        3.8384674568868703E-002
  0.17200000000000001        3.8828796707266973E-002
  0.17600000000000002        3.9231646483978838E-002
  0.18000000000000002        3.9595140654506311E-002
  0.18400000000000000        3.9921025497794631E-002
  0.18800000000000000        4.0210649176783617E-002
  0.19200000000000000        4.0464850165341765E-002
  0.19600000000000001        4.0684075222373238E-002
  0.20000000000000001        4.0868710852881705E-002
  0.20400000000000001        4.1019463447913525E-002
  0.20800000000000002        4.1137607013029522E-002
  0.21200000000000002        4.1225041329370209E-002
  0.21600000000000000        4.1284210304608576E-002
  0.22000000000000000        4.1317940250250047E-002
  0.22400000000000000        4.1329237509330735E-002
  0.22800000000000001        4.1321084969745445E-002
  0.23200000000000001        4.1296278276376830E-002
  0.23600000000000002        4.1257321952342357E-002
  0.24000000000000002        4.1206374755462676E-002
  0.24400000000000002        4.1145216222506525E-002
  0.24800000000000000        4.1075212713055823E-002
  0.25200000000000000        4.0997282947972544E-002
  0.25600000000000001        4.0911884237639091E-002
  0.26000000000000001        4.0819047484918783E-002
  0.26400000000000001        4.0718472364538016E-002
  0.26800000000000002        4.0609659644851526E-002
  0.27200000000000002        4.0492030944940104E-002
  0.27600000000000002        4.0364995049763187E-002
  0.28000000000000003        4.0227964523571455E-002
  0.28400000000000003        4.0080371380199833E-002
  0.28800000000000003        3.9921735084902731E-002
  0.29200000000000004        3.9751792955997761E-002
  0.29600000000000004        3.9570643991011074E-002
  0.29999999999999999        3.9378827275833354E-002
  0.30399999999999999        3.9177281505994102E-002
  0.30800000000000000        3.8967197046159058E-002
  0.31200000000000000        3.8749826316298627E-002
  0.31600000000000000        3.8526323333974641E-002
  0.32000000000000001        3.8297648047685415E-002
  0.32400000000000001        3.8064532453032381E-002
  0.32800000000000001        3.7827489618100625E-002
  0.33200000000000002        3.7586853576665601E-002
  0.33600000000000002        3.7342853064074907E-002
  0.34000000000000002        3.7095728101784325E-002
  0.34400000000000003        3.6845886064317990E-002
  0.34800000000000003        3.6594068267294617E-002
  0.35200000000000004        3.6341476323350351E-002
  0.35600000000000004        3.6089804181938474E-002
  0.36000000000000004        3.5841145605050279E-002
  0.36399999999999999        3.5597796458694909E-002
  0.36799999999999999        3.5362025389381088E-002
  0.37200000000000000        3.5135902656833799E-002
  0.37600000000000000        3.4921233406259813E-002
  0.38000000000000000        3.4719568346745534E-002
  0.38400000000000001        3.4532220383888708E-002
  0.38800000000000001        3.4360229345254248E-002
  0.39200000000000002        3.4204267263992581E-002
  0.39600000000000002        3.4064526548594737E-002
  0.40000000000000002        3.3940654201078557E-002
  0.40400000000000003        3.3831772633006109E-002
  0.40800000000000003        3.3736579577695554E-002
  0.41200000000000003        3.3653487982447161E-002
  0.41600000000000004        3.3580775047579468E-002
  0.42000000000000004        3.3516735690958838E-002
  0.42400000000000004        3.3459841509448349E-002
  0.42800000000000005        3.3408888033030090E-002
  0.43200000000000000        3.3363100039243081E-002
  0.43600000000000000        3.3322174858019325E-002
  0.44000000000000000        3.3286264689176011E-002
  0.44400000000000001        3.3255912136728662E-002
  0.44800000000000001        3.3231953982512337E-002
  0.45200000000000001        3.3215402802887872E-002
  0.45600000000000002        3.3207309944349221E-002
  0.46000000000000002        3.3208611785810319E-002
  0.46400000000000002        3.3219967504060914E-002
  0.46800000000000003        3.3241607028550176E-002
  0.47200000000000003        3.3273215811605195E-002
  0.47600000000000003        3.3313885816607151E-002
  0.48000000000000004        3.3362155582291379E-002
  0.48400000000000004        3.3416141792703836E-002
  0.48800000000000004        3.3473740996169350E-002
  0.49200000000000005        3.3532866068969353E-002
  0.49600000000000000        3.3591674397705509E-002
  0.50000000000000000        3.3648735765927452E-002
  0.50400000000000000        3.3703093608702855E-002
  0.50800000000000001        3.3754214516419273E-002
  0.51200000000000001        3.3801878297426161E-002
  0.51600000000000001        3.3846084322479590E-002
  0.52000000000000002        3.3887018495203779E-002
  0.52400000000000002        3.3925069737379618E-002
  0.52800000000000002        3.3960845159613007E-002
  0.53200000000000003        3.3995128329304611E-002
  0.53600000000000003        3.4028755714870192E-002
  0.54000000000000004        3.4062435259826378E-002
  0.54400000000000004        3.4096571895877635E-002
  0.54800000000000004        3.4131174234873614E-002
  0.55200000000000005        3.4165886451460896E-002
  0.55600000000000005        3.4200132347120715E-002
  0.56000000000000005        3.4233304242585944E-002
  0.56400000000000006        3.4264913225101383E-002
  0.56800000000000006        3.4294649465102862E-002
  0.57200000000000006        3.4322352647104468E-002
  0.57600000000000007        3.4347925472737552E-002
  0.58000000000000007        3.4371231409261155E-002
  0.58400000000000007        3.4392016300975860E-002
  0.58800000000000008        3.4409889056846499E-002
  0.59200000000000008        3.4424377691627678E-002
  0.59599999999999997        3.4435043304845932E-002
  0.59999999999999998        3.4441607106077833E-002
  0.60399999999999998        3.4444047361970077E-002
  0.60799999999999998        3.4442651394429730E-002
  0.61199999999999999        3.4438033443141010E-002
  0.61599999999999999        3.4431126602922441E-002
  0.62000000000000000        3.4423132930260544E-002
  0.62400000000000000        3.4415402965355321E-002
  0.62800000000000000        3.4409242174760109E-002
  0.63200000000000001        3.4405696536838948E-002
  0.63600000000000001        3.4405408875047165E-002
  0.64000000000000001        3.4408619852287624E-002
  0.64400000000000002        3.4415312957229764E-002
  0.64800000000000002        3.4425424453100165E-002
  0.65200000000000002        3.4439018488653189E-002
  0.65600000000000003        3.4456369065831376E-002
  0.66000000000000003        3.4477942204626418E-002
  0.66400000000000003        3.4504297990396164E-002
  0.66800000000000004        3.4535944214897751E-002
  0.67200000000000004        3.4573182320666716E-002
  0.67600000000000005        3.4615982914466874E-002
  0.68000000000000005        3.4663911760333892E-002
  0.68400000000000005        3.4716113836368613E-002
  0.68800000000000006        3.4771364239253290E-002
  0.69200000000000006        3.4828199239962714E-002
  0.69600000000000006        3.4885126951740827E-002
  0.70000000000000007        3.4940876764209455E-002
  0.70400000000000007        3.4994601273244885E-002
  0.70800000000000007        3.5045939123268789E-002
  0.71200000000000008        3.5094904528694092E-002
  0.71600000000000008        3.5141648081006588E-002
  0.72000000000000008        3.5186173923140954E-002
  0.72400000000000009        3.5228096314701363E-002
  0.72799999999999998        3.5266500334155911E-002
  0.73199999999999998        3.5299944733616605E-002
  0.73599999999999999        3.5326609050223765E-002
  0.73999999999999999        3.5344555036193832E-002
  0.74399999999999999        3.5352049753548241E-002
  0.74800000000000000        3.5347883375862831E-002
  0.75200000000000000        3.5331616664110985E-002
  0.75600000000000001        3.5303721070959630E-002
  0.76000000000000001        3.5265614360501324E-002
  0.76400000000000001        3.5219612657191320E-002
  0.76800000000000002        3.5168803738948713E-002
  0.77200000000000002        3.5116827951041957E-002
  0.77600000000000002        3.5067569168593923E-002
  0.78000000000000003        3.5024801893941360E-002
  0.78400000000000003        3.4991871222338253E-002
  0.78800000000000003        3.4971472562677630E-002
  0.79200000000000004        3.4965557582668040E-002
  0.79600000000000004        3.4975348520759016E-002
  0.80000000000000004        3.5001416492877420E-002
  0.80400000000000005        3.5043780528705111E-002
  0.80800000000000005        3.5102004266224070E-002
  0.81200000000000006        3.5175285337384912E-002
  0.81600000000000006        3.5262534439427444E-002
  0.82000000000000006        3.5362435932436299E-002
  0.82400000000000007        3.5473485882568857E-002
  0.82800000000000007        3.5594018444391244E-002
  0.83200000000000007        3.5722239180133793E-002
  0.83600000000000008        3.5856274069374618E-002
  0.84000000000000008        3.5994227400578262E-002
  0.84400000000000008        3.6134237438643330E-002
  0.84800000000000009        3.6274528038817387E-002
  0.85200000000000009        3.6413464272172187E-002
  0.85600000000000009        3.6549619978836996E-002
  0.85999999999999999        3.6681854821572143E-002
  0.86399999999999999        3.6809387051040213E-002
  0.86799999999999999        3.6931838736398361E-002
  0.87200000000000000        3.7049223918639768E-002
  0.87600000000000000        3.7161858194353616E-002
  0.88000000000000000        3.7270196107766711E-002
  0.88400000000000001        3.7374636247887498E-002
  0.88800000000000001        3.7475351149279093E-002
  0.89200000000000002        3.7572188336047203E-002
  0.89600000000000002        3.7664654588036729E-002
  0.90000000000000002        3.7751961008770089E-002
  0.90400000000000003        3.7833104448060310E-002
  0.90800000000000003        3.7906990758185724E-002
  0.91200000000000003        3.7972617395945339E-002
  0.91600000000000004        3.8029292336757822E-002
  0.92000000000000004        3.8076814134040286E-002
  0.92400000000000004        3.8115540580310074E-002
  0.92800000000000005        3.8146330976339654E-002
  0.93200000000000005        3.8170405053157767E-002
  0.93600000000000005        3.8189181254488953E-002
  0.94000000000000006        3.8204140354567442E-002
  0.94400000000000006        3.8216730473484201E-002
  0.94800000000000006        3.8228308339784516E-002
  0.95200000000000007        3.8240107266999494E-002
  0.95600000000000007        3.8253228283167920E-002
  0.96000000000000008        3.8268653177463467E-002
  0.96400000000000008        3.8287267183680529E-002
  0.96800000000000008        3.8309861396628793E-002
  0.97200000000000009        3.8337082117123437E-002
  0.97600000000000009        3.8369324570224968E-002
  0.98000000000000009        3.8406623978851959E-002
  0.98400000000000010        3.8448631420203716E-002
  0.98800000000000010        3.8494728445012914E-002
  0.99199999999999999        3.8544246238109717E-002
  0.99600000000000000        3.8596690212068435E-002
   1.0000000000000000        3.8651884324150405E-002
   1.0040000000000000        3.8709999246707177E-002
   1.0080000000000000        3.8771454985907200E-002
   1.0120000000000000        3.8836702779695594E-002
   1.0160000000000000        3.8905929382628657E-002
   1.0200000000000000        3.8978773880882500E-002
   1.0240000000000000        3.9054157016006556E-002
   1.0280000000000000        3.9130279661322175E-002
   1.0320000000000000        3.9204781776502225E-002
   1.0360000000000000        3.9275007289484305E-002
   1.0400000000000000        3.9338306816668341E-002
   1.0440000000000000        3.9392316721197397E-002
   1.0480000000000000        3.9435171675504574E-002
   1.0520000000000000        3.9465630738711371E-002
   1.0560000000000000        3.9483112597156228E-002
   1.0600000000000001        3.9487645621580122E-002
   1.0640000000000001        3.9479753193549287E-002
   1.0680000000000001        3.9460312041144786E-002
   1.0720000000000001        3.9430425236831018E-002
   1.0760000000000001        3.9391331503520144E-002
   1.0800000000000001        3.9344340054900652E-002
   1.0840000000000001        3.9290763273584502E-002
   1.0880000000000001        3.9231832183648799E-002
   1.0920000000000001        3.9168600227086806E-002
   1.0960000000000001        3.9101845211275507E-002
   1.1000000000000001        3.9031978355574697E-002
   1.1040000000000001        3.8958985654774209E-002
   1.1080000000000001        3.8882449114608961E-002
   1.1120000000000001        3.8801686837401921E-002
   1.1160000000000001        3.8715996175045612E-002
   1.1200000000000001        3.8624918527226076E-002
   1.1240000000000001        3.8528424823102876E-002
   1.1280000000000001        3.8426968220994027E-002
   1.1320000000000001        3.8321419283106804E-002
   1.1360000000000001        3.8212934897276382E-002
   1.1400000000000001        3.8102812427933702E-002
   1.1440000000000001        3.7992367710930092E-002
   1.1480000000000001        3.7882857871534267E-002
   1.1520000000000001        3.7775444972274558E-002
   1.1560000000000001        3.7671175402374329E-002
   1.1600000000000001        3.7570951726202957E-002
   1.1640000000000001        3.7475497894771767E-002
   1.1680000000000001        3.7385340390526177E-002
   1.1720000000000002        3.7300823005855438E-002
   1.1760000000000002        3.7222149769214501E-002
   1.1800000000000002        3.7149434220242930E-002
   1.1840000000000002        3.7082736977262998E-002
   1.1880000000000002        3.7022088531924062E-002
   1.1919999999999999        3.6967505381963570E-002
   1.1960000000000000        3.6919004906398274E-002
   1.2000000000000000        3.6876613254589234E-002
   1.2040000000000000        3.6840356648898155E-002
   1.2080000000000000        3.6810239701612450E-002
   1.2120000000000000        3.6786230937911370E-002
   1.2160000000000000        3.6768275148360154E-002
   1.2200000000000000        3.6756334761018424E-002
   1.2240000000000000        3.6750446605775242E-002
   1.2280000000000000        3.6750771397221368E-002
   1.2320000000000000        3.6757607176628376E-002
   1.2360000000000000        3.6771339629444975E-002
   1.2400000000000000        3.6792318979062273E-002
   1.2440000000000000        3.6820683806448505E-002
   1.2480000000000000        3.6856182187019526E-002
   1.2520000000000000        3.6898053800947968E-002
   1.2560000000000000        3.6945023981095559E-002
   1.2600000000000000        3.6995423667218030E-002
   1.2640000000000000        3.7047401748477427E-002
   1.2680000000000000        3.7099159835500245E-002
   1.2720000000000000        3.7149135369295913E-002
   1.2760000000000000        3.7196091626055160E-002
   1.2800000000000000        3.7239122306893135E-002
   1.2840000000000000        3.7277613792312883E-002
   1.2880000000000000        3.7311209401393590E-002
   1.2920000000000000        3.7339789608669433E-002
   1.2960000000000000        3.7363451528018433E-002
   1.3000000000000000        3.7382470430866080E-002
   1.3040000000000000        3.7397250551626120E-002
   1.3080000000000001        3.7408286862732044E-002
   1.3120000000000001        3.7416145578499947E-002
   1.3160000000000001        3.7421446579812313E-002
   1.3200000000000001        3.7424824376274965E-002
   1.3240000000000001        3.7426863621358684E-002
   1.3280000000000001        3.7428030900121693E-002
   1.3320000000000001        3.7428631586770705E-002
   1.3360000000000001        3.7428799236399683E-002
   1.3400000000000001        3.7428493075657612E-002
   1.3440000000000001        3.7427468938539085E-002
   1.3480000000000001        3.7425215989537443E-002
   1.3520000000000001        3.7420896590638734E-002
   1.3560000000000001        3.7413347875718317E-002
   1.3600000000000001        3.7401177139760648E-002
   1.3640000000000001        3.7382929929181609E-002
   1.3680000000000001        3.7357275499867393E-002
   1.3720000000000001        3.7323161190742180E-002
   1.3760000000000001        3.7279912332766035E-002
   1.3800000000000001        3.7227271262727082E-002
   1.3840000000000001        3.7165380505853621E-002
   1.3880000000000001        3.7094729838128788E-002
   1.3920000000000001        3.7016093125177611E-002
   1.3960000000000001        3.6930464200600345E-002
   1.4000000000000001        3.6838981541944774E-002
   1.4040000000000001        3.6742839585910347E-002
   1.4080000000000001        3.6643208284632425E-002
   1.4120000000000001        3.6541185516951097E-002
   1.4160000000000001        3.6437783702578386E-002
   1.4200000000000002        3.6333929499934206E-002
   1.4240000000000002        3.6230452013753044E-002
   1.4280000000000002        3.6128046635738410E-002
   1.4320000000000002        3.6027220720573676E-002
   1.4360000000000002        3.5928251982840012E-002
   1.4400000000000002        3.5831204825798615E-002
   1.4440000000000002        3.5736031039987876E-002
   1.4480000000000002        3.5642732006743935E-002
   1.4520000000000002        3.5551512167470309E-002
   1.4560000000000000        3.5462845669673858E-002
   1.4600000000000000        3.5377428301205847E-002
   1.4640000000000000        3.5296063335499277E-002
   1.4680000000000000        3.5219563213078557E-002
   1.4720000000000000        3.5148712152023392E-002
   1.4760000000000000        3.5084269846067218E-002
   1.4800000000000000        3.5026958400414268E-002
   1.4840000000000000        3.4977386069969280E-002
   1.4880000000000000        3.4935906090117548E-002
   1.4920000000000000        3.4902448575638574E-002
   1.4960000000000000        3.4876373782200328E-002
   1.5000000000000000        3.4856391110416655E-002
   1.5040000000000000        3.4840589473174206E-002
   1.5080000000000000        3.4826620511480194E-002
   1.5120000000000000        3.4812039627670634E-002
   1.5160000000000000        3.4794738822141492E-002
   1.5200000000000000        3.4773337559639274E-002
   1.5240000000000000        3.4747392080114306E-002
   1.5280000000000000        3.4717361848751543E-002
   1.5320000000000000        3.4684385263705916E-002
   1.5360000000000000        3.4649987415134975E-002
   1.5400000000000000        3.4615835464858025E-002
   1.5440000000000000        3.4583591664251435E-002
   1.5480000000000000        3.4554836718477581E-002
   1.5520000000000000        3.4531001183767604E-002
   1.5560000000000000        3.4513274609569759E-002
   1.5600000000000001        3.4502522294086638E-002
   1.5640000000000001        3.4499259662623259E-002
   1.5680000000000001        3.4503696841730484E-002
   1.5720000000000001        3.4515815898757067E-002
   1.5760000000000001        3.4535431633617580E-002
   1.5800000000000001        3.4562213571015396E-002
   1.5840000000000001        3.4595671752568544E-002
   1.5880000000000001        3.4635117072015859E-002
   1.5920000000000001        3.4679615722125308E-002
   1.5960000000000001        3.4727972475075329E-002
   1.6000000000000001        3.4778777443317990E-002
   1.6040000000000001        3.4830526841099732E-002
   1.6080000000000001        3.4881794409190418E-002
   1.6120000000000001        3.4931402961014033E-002
   1.6160000000000001        3.4978538376040931E-002
   1.6200000000000001        3.5022772929251038E-002
   1.6240000000000001        3.5064013737422954E-002
   1.6280000000000001        3.5102425127074226E-002
   1.6320000000000001        3.5138361956316484E-002
   1.6360000000000001        3.5172315192961767E-002
   1.6400000000000001        3.5204849926341132E-002
   1.6440000000000001        3.5236523707176733E-002
   1.6480000000000001        3.5267794296816028E-002
   1.6520000000000001        3.5298938425529669E-002
   1.6560000000000001        3.5330001050179541E-002
   1.6600000000000001        3.5360786408811955E-002
   1.6640000000000001        3.5390897676174572E-002
   1.6680000000000001        3.5419833046456919E-002
   1.6720000000000002        3.5447143645828051E-002
   1.6760000000000002        3.5472636588255800E-002
   1.6800000000000002        3.5496562583310409E-002
   1.6840000000000002        3.5519700212399259E-002
   1.6880000000000002        3.5543283766043043E-002
   1.6920000000000002        3.5568804951166148E-002
   1.6960000000000002        3.5597778890973389E-002
   1.7000000000000002        3.5631552678714158E-002
   1.7040000000000002        3.5671178727758442E-002
   1.7080000000000002        3.5717341162951104E-002
   1.7120000000000002        3.5770327913109801E-002
   1.7160000000000002        3.5830043912437722E-002
   1.7200000000000000        3.5896043307648430E-002
   1.7240000000000000        3.5967553306631532E-002
   1.7280000000000000        3.6043487817836270E-002
   1.7320000000000000        3.6122475452630178E-002
   1.7360000000000000        3.6202926090244079E-002
   1.7400000000000000        3.6283140502134437E-002
   1.7440000000000000        3.6361440880083952E-002
   1.7480000000000000        3.6436281699693554E-002
   1.7520000000000000        3.6506309347216777E-002
   1.7560000000000000        3.6570371155701401E-002
   1.7600000000000000        3.6627497325812670E-002
   1.7640000000000000        3.6676877013797154E-002
   1.7680000000000000        3.6717842929475566E-002
   1.7720000000000000        3.6749885091785041E-002
   1.7760000000000000        3.6772718697108478E-002
   1.7800000000000000        3.6786394095804982E-002
   1.7840000000000000        3.6791365356585767E-002
   1.7880000000000000        3.6788428851531413E-002
   1.7920000000000000        3.6778557158626386E-002
   1.7960000000000000        3.6762752327270790E-002
   1.8000000000000000        3.6742001277985201E-002
   1.8040000000000000        3.6717312062516223E-002
   1.8080000000000001        3.6689767417277419E-002
   1.8120000000000001        3.6660556879611728E-002
   1.8160000000000001        3.6630977984971960E-002
   1.8200000000000001        3.6602398870044600E-002
   1.8240000000000001        3.6576167631161678E-002
   1.8280000000000001        3.6553464486979263E-002
   1.8320000000000001        3.6535119624217537E-002
   1.8360000000000001        3.6521442153628687E-002
   1.8400000000000001        3.6512111938580269E-002
   1.8440000000000001        3.6506175563634620E-002
   1.8480000000000001        3.6502165057160682E-002
   1.8520000000000001        3.6498326391665108E-002
   1.8560000000000001        3.6492908353904653E-002
   1.8600000000000001        3.6484436836737841E-002
   1.8640000000000001        3.6471907610248856E-002
   1.8680000000000001        3.6454875350845635E-002
   1.8720000000000001        3.6433461652290992E-002
   1.8760000000000001        3.6408309550755129E-002
   1.8800000000000001        3.6380484445035381E-002
   1.8840000000000001        3.6351304807272236E-002
   1.8880000000000001        3.6322105628584019E-002
   1.8920000000000001        3.6293978229563803E-002
   1.8960000000000001        3.6267557696687616E-002
   1.9000000000000001        3.6242925717232630E-002
   1.9040000000000001        3.6219664293259436E-002
   1.9080000000000001        3.6197046374049871E-002
   1.9120000000000001        3.6174296954369869E-002
   1.9160000000000001        3.6150827497270804E-002
   1.9200000000000002        3.6126355598402535E-002
   1.9240000000000002        3.6100868543778308E-002
   1.9280000000000002        3.6074465243150576E-002
   1.9320000000000002        3.6047180541685722E-002
   1.9360000000000002        3.6018900074566512E-002
   1.9400000000000002        3.5989399294816600E-002
   1.9440000000000002        3.5958450850538899E-002
   1.9480000000000002        3.5925911948640268E-002
   1.9520000000000002        3.5891741748633091E-002
   1.9560000000000002        3.5855965054570754E-002
   1.9600000000000002        3.5818634571935279E-002
   1.9640000000000002        3.5779830823308087E-002
   1.9680000000000002        3.5739698365202223E-002
   1.9720000000000002        3.5698484330706728E-002
   1.9760000000000002        3.5656543852504774E-002
   1.9800000000000002        3.5614300391139629E-002
   1.9840000000000000        3.5572171915833645E-002
   1.9880000000000000        3.5530480375385948E-002
   1.9920000000000000        3.5489361605217547E-002
   1.9960000000000000        3.5448701323957083E-002
   2.0000000000000000        3.5408139326258949E-002
   2.0040000000000000        3.5367178379094741E-002
   2.0080000000000000        3.5325372284032049E-002
   2.0120000000000000        3.5282479255554527E-002
   2.0160000000000000        3.5238463706230821E-002
   2.0200000000000000        3.5193359091735807E-002
   2.0240000000000000        3.5147130278843412E-002
   2.0280000000000000        3.5099655684755392E-002
   2.0320000000000000        3.5050835105428772E-002
   2.0360000000000000        3.5000742546844543E-002
   2.0400000000000000        3.4949729256489641E-002
   2.0440000000000000        3.4898420178717478E-002
   2.0480000000000000        3.4847610310247044E-002
   2.0520000000000000        3.4798122514472660E-002
   2.0560000000000000        3.4750691592605160E-002
   2.0600000000000001        3.4705888956488989E-002
   2.0640000000000001        3.4664055145503268E-002
   2.0680000000000001        3.4625215560983101E-002
   2.0720000000000001        3.4589003144400776E-002
   2.0760000000000001        3.4554642330735914E-002
   2.0800000000000001        3.4521031338388637E-002
   2.0840000000000001        3.4486916353178972E-002
   2.0880000000000001        3.4451115801984344E-002
   2.0920000000000001        3.4412741329579340E-002
   2.0960000000000001        3.4371371142292509E-002
   2.1000000000000001        3.4327148482257673E-002
   2.1040000000000001        3.4280790680788278E-002
   2.1080000000000001        3.4233506401006614E-002
   2.1120000000000001        3.4186839793307666E-002
   2.1160000000000001        3.4142483788674426E-002
   2.1200000000000001        3.4102110947344735E-002
   2.1240000000000001        3.4067250057779261E-002
   2.1280000000000001        3.4039205895722943E-002
   2.1320000000000001        3.4019001284841109E-002
   2.1360000000000001        3.4007322235416616E-002
   2.1400000000000001        3.4004457627922778E-002
   2.1440000000000001        3.4010233678285276E-002
   2.1480000000000001        3.4023951972834747E-002
   2.1520000000000001        3.4044351502036004E-002
   2.1560000000000001        3.4069624807176561E-002
   2.1600000000000001        3.4097516398239262E-002
   2.1640000000000001        3.4125515366065139E-002
   2.1680000000000001        3.4151128398407199E-002
   2.1720000000000002        3.4172188444179165E-002
   2.1760000000000002        3.4187127060636792E-002
   2.1800000000000002        3.4195131977815971E-002
   2.1840000000000002        3.4196139962756562E-002
   2.1880000000000002        3.4190671582250635E-002
   2.1920000000000002        3.4179571551356223E-002
   2.1960000000000002        3.4163749803901466E-002
   2.2000000000000002        3.4144010047798830E-002
   2.2040000000000002        3.4121002577199938E-002
   2.2080000000000002        3.4095265734138770E-002
   2.2120000000000002        3.4067270590992599E-002
   2.2160000000000002        3.4037402086316053E-002
   2.2200000000000002        3.4005885935270083E-002
   2.2240000000000002        3.3972728506958240E-002
   2.2280000000000002        3.3937725459156548E-002
   2.2320000000000002        3.3900547084286296E-002
   2.2360000000000002        3.3860882459400964E-002
   2.2400000000000002        3.3818629786359966E-002
   2.2440000000000002        3.3774115812903696E-002
   2.2480000000000002        3.3728286435811612E-002
   2.2520000000000002        3.3682776625007425E-002
   2.2560000000000002        3.3639799372724072E-002
   2.2600000000000002        3.3601878598475805E-002
   2.2640000000000002        3.3571513977577898E-002
   2.2680000000000002        3.3550864515952912E-002
   2.2720000000000002        3.3541499018017312E-002
   2.2760000000000002        3.3544226837343337E-002
   2.2800000000000002        3.3559004886736250E-002
   2.2840000000000003        3.3584913113613592E-002
   2.2880000000000003        3.3620194583836055E-002
   2.2920000000000003        3.3662365094916963E-002
   2.2960000000000003        3.3708406003979792E-002
   2.3000000000000003        3.3755053433926055E-002
   2.3040000000000003        3.3799174752799088E-002
   2.3080000000000003        3.3838177493598486E-002
   2.3120000000000003        3.3870351108315877E-002
   2.3160000000000003        3.3895037779747568E-002
   2.3200000000000003        3.3912582573410045E-002
   2.3240000000000003        3.3924095771658315E-002
   2.3280000000000003        3.3931122628208861E-002
   2.3320000000000003        3.3935331083236028E-002
   2.3360000000000003        3.3938296762680953E-002
   2.3400000000000003        3.3941408568880428E-002
   2.3440000000000003        3.3945861523949392E-002
   2.3480000000000003        3.3952667078151748E-002
   2.3520000000000003        3.3962613825179636E-002
   2.3560000000000003        3.3976161706818067E-002
   2.3600000000000003        3.3993322539039979E-002
   2.3640000000000003        3.4013612113857929E-002
   2.3680000000000003        3.4036125632308671E-002
   2.3720000000000003        3.4059718029389445E-002
   2.3760000000000003        3.4083214260233481E-002
   2.3799999999999999        3.4105563726987143E-002
   2.3839999999999999        3.4125889493713570E-002
   2.3879999999999999        3.4143442294311155E-002
   2.3919999999999999        3.4157512661713761E-002
   2.3959999999999999        3.4167355018533796E-002
   2.3999999999999999        3.4172150116111348E-002
   2.4039999999999999        3.4171014156313115E-002
   2.4079999999999999        3.4163064312665949E-002
   2.4119999999999999        3.4147545398815607E-002
   2.4159999999999999        3.4123990778126105E-002
   2.4199999999999999        3.4092357667381959E-002
   2.4239999999999999        3.4053080778040354E-002
   2.4279999999999999        3.4007031046731986E-002
   2.4319999999999999        3.3955413130509475E-002
   2.4359999999999999        3.3899652544480199E-002
   2.4399999999999999        3.3841304907322685E-002
   2.4440000000000000        3.3781985310929026E-002
   2.4480000000000000        3.3723294681739534E-002
   2.4520000000000000        3.3666729933784528E-002
   2.4560000000000000        3.3613590463896982E-002
   2.4600000000000000        3.3564901761465260E-002
   2.4640000000000000        3.3521361802489408E-002
   2.4680000000000000        3.3483303482704112E-002
   2.4720000000000000        3.3450676013775410E-002
   2.4760000000000000        3.3423067351984623E-002
   2.4800000000000000        3.3399793205091899E-002
   2.4840000000000000        3.3380054996361458E-002
   2.4880000000000000        3.3363128893924371E-002
   2.4920000000000000        3.3348516906513956E-002
   2.4960000000000000        3.3335996099956383E-002
   2.5000000000000000        3.3325545606711852E-002
   2.5040000000000000        3.3317188705138605E-002
   2.5080000000000000        3.3310822939201477E-002
   2.5120000000000000        3.3306108000087278E-002
   2.5160000000000000        3.3302447589807056E-002
   2.5200000000000000        3.3299056608172700E-002
   2.5240000000000000        3.3295062185517511E-002
   2.5280000000000000        3.3289575693112403E-002
   2.5320000000000000        3.3281723054881786E-002
   2.5360000000000000        3.3270690200898137E-002
   2.5400000000000000        3.3255829189225920E-002
   2.5440000000000000        3.3236781372540804E-002
   2.5480000000000000        3.3213534372779539E-002
   2.5520000000000000        3.3186396820052998E-002
   2.5560000000000000        3.3155945140981094E-002
   2.5600000000000001        3.3122982831338930E-002
   2.5640000000000001        3.3088494362906742E-002
   2.5680000000000001        3.3053554597726582E-002
   2.5720000000000001        3.3019198015404781E-002
   2.5760000000000001        3.2986310741933068E-002
   2.5800000000000001        3.2955617199250019E-002
   2.5840000000000001        3.2927787503000690E-002
   2.5880000000000001        3.2903621219265232E-002
   2.5920000000000001        3.2884203033484473E-002
   2.5960000000000001        3.2870921043720920E-002
   2.6000000000000001        3.2865308366411050E-002
   2.6040000000000001        3.2868770572867551E-002
   2.6080000000000001        3.2882318308107915E-002
   2.6120000000000001        3.2906402075568490E-002
   2.6160000000000001        3.2940878545273673E-002
   2.6200000000000001        3.2985083554002481E-002
   2.6240000000000001        3.3037968592771201E-002
   2.6280000000000001        3.3098257892172724E-002
   2.6320000000000001        3.3164593133825082E-002
   2.6360000000000001        3.3235652705341005E-002
   2.6400000000000001        3.3310242051178801E-002
   2.6440000000000001        3.3387342604109777E-002
   2.6480000000000001        3.3466112290870903E-002
   2.6520000000000001        3.3545865426419873E-002
   2.6560000000000001        3.3626083083064820E-002
   2.6600000000000001        3.3706478208090654E-002
   2.6640000000000001        3.3787082088951169E-002
   2.6680000000000001        3.3868278666900550E-002
   2.6720000000000002        3.3950722804208459E-002
   2.6760000000000002        3.4035132649776825E-002
   2.6800000000000002        3.4122011575797605E-002
   2.6840000000000002        3.4211396246006338E-002
   2.6880000000000002        3.4302729619074157E-002
   2.6920000000000002        3.4394923556559272E-002
   2.6960000000000002        3.4486612101489227E-002
   2.7000000000000002        3.4576517478063264E-002
   2.7040000000000002        3.4663789085173674E-002
   2.7080000000000002        3.4748177393687532E-002
   2.7120000000000002        3.4829984362381619E-002
   2.7160000000000002        3.4909846437485043E-002
   2.7200000000000002        3.4988483151687358E-002
   2.7240000000000002        3.5066538645639578E-002
   2.7280000000000002        3.5144564144919704E-002
   2.7320000000000002        3.5223090268897125E-002
   2.7360000000000002        3.5302685488379802E-002
   2.7400000000000002        3.5383924227125517E-002
   2.7440000000000002        3.5467263860511057E-002
   2.7480000000000002        3.5552891000965745E-002
   2.7520000000000002        3.5640609531274868E-002
   2.7560000000000002        3.5729811328233961E-002
   2.7600000000000002        3.5819521542672005E-002
   2.7640000000000002        3.5908478395711901E-002
   2.7680000000000002        3.5995213077961420E-002
   2.7720000000000002        3.6078126663029148E-002
   2.7760000000000002        3.6155582238537452E-002
   2.7800000000000002        3.6226019948862702E-002
   2.7840000000000003        3.6288076378577443E-002
   2.7880000000000003        3.6340682626382265E-002
   2.7920000000000003        3.6383135243680913E-002
   2.7960000000000003        3.6415148273480615E-002
   2.8000000000000003        3.6436871984120982E-002
   2.8040000000000003        3.6448827375490711E-002
   2.8080000000000003        3.6451717063839477E-002
   2.8120000000000003        3.6446148197852607E-002
   2.8160000000000003        3.6432375823311131E-002
   2.8200000000000003        3.6410179125296822E-002
   2.8240000000000003        3.6378920444060943E-002
   2.8280000000000003        3.6337756417300977E-002
   2.8320000000000003        3.6285915934440242E-002
   2.8360000000000003        3.6222948675997152E-002
   2.8400000000000003        3.6148875435110910E-002
   2.8440000000000003        3.6064218771151423E-002
   2.8480000000000003        3.5969939446359997E-002
   2.8520000000000003        3.5867331481516822E-002
   2.8560000000000003        3.5757927288729632E-002
   2.8600000000000003        3.5643439702711104E-002
   2.8640000000000003        3.5525735082166623E-002
   2.8680000000000003        3.5406810418079041E-002
   2.8720000000000003        3.5288747028031489E-002
   2.8760000000000003        3.5173625219742023E-002
   2.8800000000000003        3.5063395529352948E-002
   2.8840000000000003        3.4959712295936224E-002
   2.8880000000000003        3.4863753072016550E-002
   2.8920000000000003        3.4776068842062365E-002
   2.8960000000000004        3.4696519997532524E-002
   2.9000000000000004        3.4624341390497519E-002
   2.9040000000000004        3.4558346304683539E-002
   2.9079999999999999        3.4497231629757034E-002
   2.9119999999999999        3.4439905529458421E-002
   2.9159999999999999        3.4385746932602490E-002
   2.9199999999999999        3.4334729221601974E-002
   2.9239999999999999        3.4287381568355306E-002
   2.9279999999999999        3.4244599168200648E-002
   2.9319999999999999        3.4207343186121439E-002
   2.9359999999999999        3.4176296165552497E-002
   2.9399999999999999        3.4151559266266916E-002
   2.9440000000000000        3.4132485444414197E-002
   2.9480000000000000        3.4117720435303103E-002
   2.9520000000000000        3.4105461459000903E-002
   2.9560000000000000        3.4093858399738268E-002
   2.9600000000000000        3.4081420607783956E-002
   2.9640000000000000        3.4067298813417267E-002
   2.9680000000000000        3.4051380552719362E-002
   2.9720000000000000        3.4034214440888264E-002
   2.9760000000000000        3.4016817081584778E-002
   2.9800000000000000        3.4000416486024240E-002
   2.9840000000000000        3.3986178917718574E-002
   2.9880000000000000        3.3974968261947285E-002
   2.9920000000000000        3.3967182360339472E-002
   2.9960000000000000        3.3962686507854070E-002
   3.0000000000000000        3.3960833672118176E-002
   3.0040000000000000        3.3960548493480694E-002
   3.0080000000000000        3.3960458375867059E-002
   3.0120000000000000        3.3959061566130398E-002
   3.0160000000000000        3.3954920941251181E-002
   3.0200000000000000        3.3946871830528386E-002
   3.0240000000000000        3.3934232443098400E-002
   3.0280000000000000        3.3916997285845928E-002
   3.0320000000000000        3.3895975110848776E-002
   3.0360000000000000        3.3872818757424206E-002
   3.0400000000000000        3.3849902903822005E-002
   3.0440000000000000        3.3830044722149573E-002
   3.0480000000000000        3.3816116354393570E-002
   3.0520000000000000        3.3810640241203671E-002
   3.0560000000000000        3.3815469010819180E-002
   3.0600000000000001        3.3831622870259682E-002
   3.0640000000000001        3.3859294021654690E-002
   3.0680000000000001        3.3897961075203042E-002
   3.0720000000000001        3.3946536352019246E-002
   3.0760000000000001        3.4003502685012850E-002
   3.0800000000000001        3.4067040821061288E-002
   3.0840000000000001        3.4135169131612679E-002
   3.0880000000000001        3.4205908099531390E-002
   3.0920000000000001        3.4277450239730042E-002
   3.0960000000000001        3.4348291515416858E-002
   3.1000000000000001        3.4417296971368180E-002
   3.1040000000000001        3.4483714559036711E-002
   3.1080000000000001        3.4547165414302729E-002
   3.1120000000000001        3.4607615620470274E-002
   3.1160000000000001        3.4665314066027145E-002
   3.1200000000000001        3.4720695073522233E-002
   3.1240000000000001        3.4774273276473804E-002
   3.1280000000000001        3.4826565194102731E-002
   3.1320000000000001        3.4878046015897723E-002
   3.1360000000000001        3.4929115613933283E-002
   3.1400000000000001        3.4980043255596907E-002
   3.1440000000000001        3.5030900130949935E-002
   3.1480000000000001        3.5081532592173420E-002
   3.1520000000000001        3.5131620905994386E-002
   3.1560000000000001        3.5180810927050193E-002
   3.1600000000000001        3.5228852473107301E-002
   3.1640000000000001        3.5275670000964376E-002
   3.1680000000000001        3.5321328526492182E-002
   3.1720000000000002        3.5365914843155433E-002
   3.1760000000000002        3.5409395521815705E-002
   3.1800000000000002        3.5451517260545636E-002
   3.1840000000000002        3.5491788044275295E-002
   3.1880000000000002        3.5529542062667688E-002
   3.1920000000000002        3.5564063095730777E-002
   3.1960000000000002        3.5594726178058221E-002
   3.2000000000000002        3.5621115979843472E-002
   3.2040000000000002        3.5643092445238417E-002
   3.2080000000000002        3.5660797370123953E-002
   3.2120000000000002        3.5674625979898573E-002
   3.2160000000000002        3.5685209648692783E-002
   3.2200000000000002        3.5693441002932307E-002
   3.2240000000000002        3.5700511785214176E-002
   3.2280000000000002        3.5707873674071314E-002
   3.2320000000000002        3.5717048884705553E-002
   3.2360000000000002        3.5729321117903251E-002
   3.2400000000000002        3.5745430528441306E-002
   3.2440000000000002        3.5765393513808100E-002
   3.2480000000000002        3.5788496732533669E-002
   3.2520000000000002        3.5813443646524966E-002
   3.2560000000000002        3.5838592911730888E-002
   3.2600000000000002        3.5862220522964137E-002
   3.2640000000000002        3.5882751672076170E-002
   3.2680000000000002        3.5898928134845846E-002
   3.2720000000000002        3.5909891494761356E-002
   3.2760000000000002        3.5915175393142186E-002
   3.2800000000000002        3.5914617926347633E-002
   3.2840000000000003        3.5908225128250842E-002
   3.2880000000000003        3.5896028860178938E-002
   3.2920000000000003        3.5877986768149607E-002
   3.2960000000000003        3.5853966427173763E-002
   3.3000000000000003        3.5823826354969140E-002
   3.3040000000000003        3.5787551600660127E-002
   3.3080000000000003        3.5745366940322827E-002
   3.3120000000000003        3.5697779330849042E-002
   3.3160000000000003        3.5645556547074415E-002
   3.3200000000000003        3.5589669602073243E-002
   3.3240000000000003        3.5531222479173744E-002
   3.3280000000000003        3.5471397702307714E-002
   3.3320000000000003        3.5411440763535765E-002
   3.3360000000000003        3.5352664395008032E-002
   3.3400000000000003        3.5296410032570905E-002
   3.3440000000000003        3.5243919547248766E-002
   3.3480000000000003        3.5196139165481539E-002
   3.3520000000000003        3.5153528566311487E-002
   3.3560000000000003        3.5115941999308550E-002
   3.3600000000000003        3.5082610643976317E-002
   3.3640000000000003        3.5052228469607934E-002
   3.3680000000000003        3.5023140150381188E-002
   3.3720000000000003        3.4993626458616936E-002
   3.3760000000000003        3.4962249160617583E-002
   3.3800000000000003        3.4928155130811767E-002
   3.3840000000000003        3.4891203776589087E-002
   3.3880000000000003        3.4851837307583768E-002
   3.3920000000000003        3.4810746788539293E-002
   3.3960000000000004        3.4768495797989803E-002
   3.4000000000000004        3.4725261397061710E-002
   3.4040000000000004        3.4680758728585913E-002
   3.4080000000000004        3.4634319261706834E-002
   3.4120000000000004        3.4585055356547073E-002
   3.4160000000000004        3.4532062708790133E-002
   3.4200000000000004        3.4474641539736971E-002
   3.4240000000000004        3.4412515648003870E-002
   3.4280000000000004        3.4346001531743518E-002
   3.4320000000000004        3.4276071867795660E-002
   3.4359999999999999        3.4204290066055909E-002
   3.4399999999999999        3.4132635809830510E-002
   3.4440000000000000        3.4063264098079610E-002
   3.4480000000000000        3.3998243429490885E-002
   3.4520000000000000        3.3939319708016218E-002
   3.4560000000000000        3.3887753889514816E-002
   3.4600000000000000        3.3844272971883228E-002
   3.4640000000000000        3.3809143453886380E-002
   3.4680000000000000        3.3782325761413302E-002
   3.4720000000000000        3.3763626483349969E-002
   3.4760000000000000        3.3752773986361166E-002
   3.4800000000000000        3.3749405813796741E-002
   3.4840000000000000        3.3753020817476852E-002
   3.4880000000000000        3.3762961644417812E-002
   3.4920000000000000        3.3778455124469926E-002
   3.4960000000000000        3.3798692434896541E-002
   3.5000000000000000        3.3822913811428601E-002
   3.5040000000000000        3.3850476190658271E-002
   3.5080000000000000        3.3880902765330762E-002
   3.5120000000000000        3.3913918591060584E-002
   3.5160000000000000        3.3949463207886471E-002
   3.5200000000000000        3.3987656669780063E-002
   3.5240000000000000        3.4028698268874773E-002
   3.5280000000000000        3.4072705492241999E-002
   3.5320000000000000        3.4119543330980030E-002
   3.5360000000000000        3.4168713956660830E-002
   3.5400000000000000        3.4219346394913162E-002
   3.5440000000000000        3.4270271366242958E-002
   3.5480000000000000        3.4320137865139162E-002
   3.5520000000000000        3.4367541131005680E-002
   3.5560000000000000        3.4411157827919432E-002
   3.5600000000000001        3.4449890993040841E-002
   3.5640000000000001        3.4483006502440905E-002
   3.5680000000000001        3.4510215284028284E-002
   3.5720000000000001        3.4531654518151399E-002
   3.5760000000000001        3.4547759996483289E-002
   3.5800000000000001        3.4559077861941047E-002
   3.5840000000000001        3.4566094701343759E-002
   3.5880000000000001        3.4569145558998170E-002
   3.5920000000000001        3.4568406935673729E-002
   3.5960000000000001        3.4563939867023358E-002
   3.6000000000000001        3.4555750204764549E-002
   3.6040000000000001        3.4543861021711468E-002
   3.6080000000000001        3.4528398771097889E-002
   3.6120000000000001        3.4509669020057705E-002
   3.6160000000000001        3.4488178860702975E-002
   3.6200000000000001        3.4464584478938583E-002
   3.6240000000000001        3.4439585492317515E-002
   3.6280000000000001        3.4413816614520761E-002
   3.6320000000000001        3.4387787690332461E-002
   3.6360000000000001        3.4361899949669920E-002
   3.6400000000000001        3.4336527208404105E-002
   3.6440000000000001        3.4312114767143680E-002
   3.6480000000000001        3.4289243873982279E-002
   3.6520000000000001        3.4268644163873492E-002
   3.6560000000000001        3.4251174809200792E-002
   3.6600000000000001        3.4237796723281901E-002
   3.6640000000000001        3.4229529416803996E-002
   3.6680000000000001        3.4227370197424910E-002
   3.6720000000000002        3.4232170017764449E-002
   3.6760000000000002        3.4244482350010257E-002
   3.6800000000000002        3.4264406714157508E-002
   3.6840000000000002        3.4291456958443628E-002
   3.6880000000000002        3.4324502164630726E-002
   3.6920000000000002        3.4361824367307656E-002
   3.6960000000000002        3.4401298546047149E-002
   3.7000000000000002        3.4440653669699693E-002
   3.7040000000000002        3.4477745336764370E-002
   3.7080000000000002        3.4510770030990991E-002
   3.7120000000000002        3.4538376952800647E-002
   3.7160000000000002        3.4559674667146482E-002
   3.7200000000000002        3.4574162984924293E-002
   3.7240000000000002        3.4581632303253937E-002
   3.7280000000000002        3.4582072979431534E-002
   3.7320000000000002        3.4575634857309460E-002
   3.7360000000000002        3.4562656552394738E-002
   3.7400000000000002        3.4543736371792214E-002
   3.7440000000000002        3.4519772247724630E-002
   3.7480000000000002        3.4491901191786710E-002
   3.7520000000000002        3.4461327309404870E-002
   3.7560000000000002        3.4429099669874529E-002
   3.7600000000000002        3.4395932417380405E-002
   3.7640000000000002        3.4362127973810074E-002
   3.7680000000000002        3.4327603627936014E-002
   3.7720000000000002        3.4291985412942809E-002
   3.7760000000000002        3.4254736497928623E-002
   3.7800000000000002        3.4215303631356483E-002
   3.7840000000000003        3.4173271976703674E-002
   3.7880000000000003        3.4128511750353745E-002
   3.7920000000000003        3.4081284344313859E-002
   3.7960000000000003        3.4032264720735630E-002
   3.8000000000000003        3.3982451729029806E-002
   3.8040000000000003        3.3932982843719463E-002
   3.8080000000000003        3.3884918410587127E-002
   3.8120000000000003        3.3839073560613414E-002
   3.8160000000000003        3.3795943262094737E-002
   3.8200000000000003        3.3755716773491914E-002
   3.8240000000000003        3.3718349194387272E-002
   3.8280000000000003        3.3683659307898288E-002
   3.8320000000000003        3.3651439278018710E-002
   3.8360000000000003        3.3621569999606089E-002
   3.8400000000000003        3.3594124843636136E-002
   3.8440000000000003        3.3569427059485457E-002
   3.8480000000000003        3.3548027762171327E-002
   3.8520000000000003        3.3530598284952050E-002
   3.8560000000000003        3.3517762466120080E-002
   3.8600000000000003        3.3509914198980015E-002
   3.8640000000000003        3.3507071344623066E-002
   3.8680000000000003        3.3508807707904514E-002
   3.8720000000000003        3.3514273808689495E-002
   3.8760000000000003        3.3522274116393851E-002
   3.8800000000000003        3.3531349570448420E-002
   3.8840000000000003        3.3539846298068596E-002
   3.8880000000000003        3.3546007721467173E-002
   3.8920000000000003        3.3548147040376917E-002
   3.8960000000000004        3.3544917002082876E-002
   3.9000000000000004        3.3535625748996968E-002
