  -5.8893014  -6.3520914   0.4627900
  -5.8893014  -6.3513394   0.4620381
  -5.8893013  -6.3486170   0.4593157
  -5.8893013  -6.3454538   0.4561525
  -5.8893013  -6.3428389   0.4535377
  -5.8893013  -6.3407555   0.4514542
  -5.8893013  -6.3384973   0.4491960
  -5.8893013  -6.3356977   0.4463964
  -5.8893013  -6.3330964   0.4437952
  -5.8893013  -6.3318983   0.4425970
  -5.8893013  -6.3323489   0.4430476
  -5.8893013  -6.3334292   0.4441279
  -5.8893014  -6.3339211   0.4446198
  -5.8893013  -6.3333951   0.4440937
  -5.8893013  -6.3323092   0.4430079
  -5.8893013  -6.3315119   0.4422106
  -5.8893013  -6.3317195   0.4424182
  -5.8893013  -6.3332222   0.4439209
  -5.8893013  -6.3358583   0.4465570
  -5.8893012  -6.3392250   0.4499238
  -5.8893013  -6.3428272   0.4535259
  -5.8893014  -6.3460031   0.4567018
  -5.8893013  -6.3479487   0.4586473
  -5.8893014  -6.3480517   0.4587504
  -5.8893013  -6.3462329   0.4569316
  -5.8893013  -6.3428856   0.4535843
  -5.8893014  -6.3384519   0.4491506
  -5.8893013  -6.3332053   0.4439040
  -5.8893013  -6.3275299   0.4382286
  -5.8893012  -6.3222005   0.4328993
  -5.8893013  -6.3183683   0.4290671
  -5.8893012  -6.3172360   0.4279348
  -5.8893013  -6.3193485   0.4300472
  -5.8893014  -6.3239975   0.4346962
  -5.8893013  -6.3294760   0.4401746
  -5.8893013  -6.3340149   0.4447135
  -5.8893014  -6.3365929   0.4472915
  -5.8893014  -6.3371370   0.4478356
  -5.8893013  -6.3362407   0.4469394
  -5.8893013  -6.3348560   0.4455547
  -5.8893013  -6.3340466   0.4447453
  -5.8893013  -6.3346290   0.4453277
  -5.8893013  -6.3368966   0.4475953
  -5.8893013  -6.3405766   0.4512753
  -5.8893013  -6.3448660   0.4555646
  -5.8893013  -6.3485233   0.4592220
  -5.8893014  -6.3502311   0.4609297
  -5.8893013  -6.3493459   0.4600446
  -5.8893013  -6.3464854   0.4571841
  -5.8893013  -6.3430524   0.4537511
  -5.8893013  -6.3399489   0.4506476
  -5.8893013  -6.3368869   0.4475855
  -5.8893013  -6.3329252   0.4436238
  -5.8893013  -6.3275145   0.4382132
  -5.8893013  -6.3211823   0.4318810
  -5.8893013  -6.3154837   0.4261825
  -5.8893012  -6.3123370   0.4230357
  -5.8893012  -6.3130679   0.4237667
  -5.8893013  -6.3176596   0.4283583
  -5.8893013  -6.3247953   0.4354940
  -5.8893013  -6.3326589   0.4433576
  -5.8893013  -6.3397173   0.4504160
  -5.8893014  -6.3449313   0.4556299
  -5.8893014  -6.3476351   0.4583337
  -5.8893014  -6.3476071   0.4583057
  -5.8893014  -6.3453391   0.4560378
  -5.8893013  -6.3419552   0.4526539
  -5.8893013  -6.3385359   0.4492346
  -5.8893013  -6.3354635   0.4461622
  -5.8893014  -6.3324347   0.4431333
  -5.8893013  -6.3291034   0.4398020
  -5.8893013  -6.3258317   0.4365304
  -5.8893012  -6.3238184   0.4345172
  -5.8893012  -6.3243977   0.4350964
  -5.8893012  -6.3281485   0.4388472
  -5.8893012  -6.3344647   0.4451634
  -5.8893013  -6.3416945   0.4523932
  -5.8893014  -6.3476935   0.4583921
  -5.8893014  -6.3504989   0.4611975
  -5.8893014  -6.3488818   0.4595803
  -5.8893014  -6.3427857   0.4534843
  -5.8893013  -6.3336719   0.4443706
  -5.8893012  -6.3244340   0.4351328
  -5.8893011  -6.3184355   0.4291343
  -5.8893012  -6.3178635   0.4285623
  -5.8893013  -6.3224727   0.4331715
  -5.8893013  -6.3297667   0.4404654
  -5.8893014  -6.3365066   0.4472051
  -5.8893013  -6.3404085   0.4511071
  -5.8893014  -6.3409601   0.4516587
  -5.8893013  -6.3391315   0.4498302
  -5.8893013  -6.3365175   0.4472162
  -5.8893013  -6.3345849   0.4452837
  -5.8893013  -6.3342616   0.4449603
  -5.8893013  -6.3356814   0.4463801
  -5.8893013  -6.3381194   0.4488181
  -5.8893013  -6.3403853   0.4510840
  -5.8893013  -6.3415223   0.4522209
  -5.8893014  -6.3412993   0.4519980
  -5.8893013  -6.3402138   0.4509126
  -5.8893013  -6.3391342   0.4498330
  -5.8893013  -6.3388219   0.4495206
  -5.8893013  -6.3395043   0.4502030
  -5.8893013  -6.3407240   0.4514227
  -5.8893013  -6.3416846   0.4523833
  -5.8893013  -6.3418352   0.4525339
  -5.8893013  -6.3411218   0.4518205
  -5.8893013  -6.3398088   0.4505074
  -5.8893013  -6.3381920   0.4488907
  -5.8893013  -6.3364591   0.4471578
  -5.8893013  -6.3346978   0.4453966
  -5.8893013  -6.3328718   0.4435705
  -5.8893013  -6.3307607   0.4414594
  -5.8893013  -6.3281634   0.4388621
  -5.8893013  -6.3253495   0.4360483
  -5.8893012  -6.3232123   0.4339111
  -5.8893013  -6.3228073   0.4335060
  -5.8893012  -6.3246400   0.4353388
  -5.8893013  -6.3282916   0.4389903
  -5.8893014  -6.3326235   0.4433221
  -5.8893014  -6.3363531   0.4470517
  -5.8893014  -6.3385381   0.4492367
  -5.8893014  -6.3386917   0.4493904
  -5.8893013  -6.3367661   0.4474648
  -5.8893014  -6.3333292   0.4440278
  -5.8893013  -6.3296848   0.4403835
  -5.8893013  -6.3274655   0.4381643
  -5.8893013  -6.3278300   0.4385287
  -5.8893013  -6.3308476   0.4415463
  -5.8893014  -6.3353864   0.4460850
  -5.8893013  -6.3395757   0.4502744
  -5.8893014  -6.3417619   0.4524605
  -5.8893013  -6.3413596   0.4520583
  -5.8893013  -6.3389015   0.4496002
  -5.8893013  -6.3353924   0.4460911
  -5.8893013  -6.3318068   0.4425055
  -5.8893013  -6.3290675   0.4397663
  -5.8893012  -6.3280152   0.4387139
  -5.8893013  -6.3291612   0.4398600
  -5.8893012  -6.3324376   0.4431364
  -5.8893013  -6.3370106   0.4477093
  -5.8893013  -6.3414715   0.4521702
  -5.8893013  -6.3445696   0.4552683
  -5.8893014  -6.3458010   0.4564996
  -5.8893013  -6.3453339   0.4560326
  -5.8893014  -6.3436097   0.4543083
  -5.8893013  -6.3410708   0.4517695
  -5.8893013  -6.3381085   0.4488072
  -5.8893013  -6.3351152   0.4458139
  -5.8893012  -6.3324379   0.4431366
  -5.8893013  -6.3302032   0.4409019
  -5.8893013  -6.3283171   0.4390158
  -5.8893013  -6.3267267   0.4374254
  -5.8893013  -6.3255642   0.4362629
  -5.8893013  -6.3249816   0.4356803
  -5.8893013  -6.3250111   0.4357098
  -5.8893013  -6.3256961   0.4363948
  -5.8893013  -6.3271338   0.4378326
  -5.8893013  -6.3292249   0.4399236
  -5.8893013  -6.3316004   0.4422991
  -5.8893013  -6.3338151   0.4445138
  -5.8893014  -6.3354024   0.4461011
  -5.8893013  -6.3358815   0.4465802
  -5.8893013  -6.3350049   0.4457036
  -5.8893013  -6.3330727   0.4437715
  -5.8893013  -6.3310087   0.4417075
  -5.8893012  -6.3301336   0.4408323
  -5.8893012  -6.3316073   0.4423061
  -5.8893013  -6.3356522   0.4463508
  -5.8893013  -6.3411086   0.4518073
  -5.8893014  -6.3458834   0.4565820
  -5.8893014  -6.3480589   0.4587575
  -5.8893013  -6.3468378   0.4575365
  -5.8893013  -6.3428084   0.4535070
  -5.8893013  -6.3375549   0.4482537
  -5.8893013  -6.3328813   0.4435800
  -5.8893012  -6.3300493   0.4407480
  -5.8893013  -6.3294385   0.4401372
  -5.8893013  -6.3307348   0.4414335
  -5.8893013  -6.3333899   0.4440887
  -5.8893013  -6.3369319   0.4476307
  -5.8893013  -6.3408838   0.4515825
  -5.8893014  -6.3444942   0.4551929
  -5.8893013  -6.3467263   0.4574250
  -5.8893013  -6.3466515   0.4573502
  -5.8893013  -6.3440122   0.4547109
  -5.8893013  -6.3395812   0.4502799
  -5.8893013  -6.3349888   0.4456876
  -5.8893013  -6.3319680   0.4426667
  -5.8893012  -6.3314085   0.4421073
  -5.8893013  -6.3328619   0.4435607
  -5.8893013  -6.3348496   0.4455483
  -5.8893014  -6.3357634   0.4464621
  -5.8893013  -6.3347530   0.4454517
  -5.8893013  -6.3319700   0.4426687
  -5.8893013  -6.3282120   0.4389107
  -5.8893013  -6.3245449   0.4352436
  -5.8893012  -6.3220253   0.4327241
  -5.8893012  -6.3213369   0.4320357
  -5.8893013  -6.3225121   0.4332108
  -5.8893013  -6.3250122   0.4357109
  -5.8893013  -6.3280735   0.4387723
  -5.8893013  -6.3310762   0.4417749
  -5.8893013  -6.3338408   0.4445395
  -5.8893013  -6.3366078   0.4473065
  -5.8893013  -6.3395423   0.4502410
  -5.8893013  -6.3422644   0.4529631
  -5.8893013  -6.3439704   0.4546691
  -5.8893013  -6.3439839   0.4546826
  -5.8893014  -6.3421589   0.4528576
  -5.8893013  -6.3389017   0.4496004
  -5.8893013  -6.3350084   0.4457070
  -5.8893012  -6.3315049   0.4422037
  -5.8893013  -6.3294576   0.4401563
  -5.8893013  -6.3295979   0.4402966
  -5.8893013  -6.3319207   0.4426194
  -5.8893013  -6.3356944   0.4463931
  -5.8893013  -6.3398393   0.4505380
  -5.8893014  -6.3432575   0.4539561
  -5.8893013  -6.3450837   0.4557824
  -5.8893013  -6.3449190   0.4556177
  -5.8893014  -6.3428232   0.4535218
  -5.8893013  -6.3391716   0.4498703
  -5.8893013  -6.3346956   0.4453943
  -5.8893013  -6.3304659   0.4411647
  -5.8893013  -6.3275214   0.4382202
  -5.8893013  -6.3264624   0.4371611
  -5.8893013  -6.3273143   0.4380130
  -5.8893013  -6.3295832   0.4402819
  -5.8893013  -6.3324663   0.4431650
  -5.8893013  -6.3351430   0.4458417
  -5.8893014  -6.3369215   0.4476201
  -5.8893013  -6.3372364   0.4479351
  -5.8893013  -6.3358259   0.4465245
  -5.8893013  -6.3331973   0.4438960
  -5.8893013  -6.3307923   0.4414910
  -5.8893012  -6.3302570   0.4409558
  -5.8893013  -6.3323120   0.4430108
  -5.8893013  -6.3362536   0.4469523
  -5.8893013  -6.3404877   0.4511865
  -5.8893014  -6.3435329   0.4542316
  -5.8893014  -6.3446232   0.4553218
  -5.8893013  -6.3436959   0.4543945
  -5.8893013  -6.3411348   0.4518335
  -5.8893013  -6.3376336   0.4483323
  -5.8893013  -6.3341142   0.4448129
  -5.8893012  -6.3313478   0.4420466
  -5.8893012  -6.3295245   0.4402232
  -5.8893013  -6.3284171   0.4391159
  -5.8893013  -6.3279392   0.4386379
  -5.8893013  -6.3283678   0.4390665
  -5.8893013  -6.3301363   0.4408351
  -5.8893013  -6.3334397   0.4441384
  -5.8893013  -6.3377579   0.4484566
  -5.8893013  -6.3416951   0.4523938
  -5.8893014  -6.3435981   0.4542967
  -5.8893014  -6.3425172   0.4532158
  -5.8893013  -6.3386513   0.4493499
  -5.8893013  -6.3331702   0.4438689
  -5.8893013  -6.3278074   0.4385062
  -5.8893012  -6.3243786   0.4350774
  -5.8893012  -6.3241786   0.4348774
  -5.8893012  -6.3273520   0.4380508
  -5.8893013  -6.3326909   0.4433896
  -5.8893013  -6.3382491   0.4489478
  -5.8893014  -6.3422947   0.4529933
  -5.8893013  -6.3438065   0.4545052
  -5.8893014  -6.3424708   0.4531694
  -5.8893013  -6.3385740   0.4492727
  -5.8893014  -6.3328853   0.4435840
  -5.8893013  -6.3264502   0.4371489
  -5.8893013  -6.3204655   0.4311641
  -5.8893012  -6.3163523   0.4270510
  -5.8893012  -6.3156839   0.4263827
  -5.8893012  -6.3196447   0.4303435
  -5.8893012  -6.3281996   0.4388983
  -5.8893013  -6.3394674   0.4501661
  -5.8893014  -6.3500718   0.4607704
  -5.8893014  -6.3567025   0.4674011
  -5.8893015  -6.3576987   0.4683973
  -5.8893014  -6.3534162   0.4641148
  -5.8893014  -6.3455479   0.4562465
  -5.8893013  -6.3363028   0.4470015
  -5.8893012  -6.3279138   0.4386125
  -5.8893012  -6.3222663   0.4329651
  -5.8893012  -6.3204740   0.4311728
  -5.8893012  -6.3225623   0.4332611
  -5.8893013  -6.3274271   0.4381258
  -5.8893014  -6.3332332   0.4439318
  -5.8893013  -6.3382060   0.4489047
  -5.8893013  -6.3412769   0.4519756
  -5.8893014  -6.3421123   0.4528109
  -5.8893013  -6.3407912   0.4514899
  -5.8893013  -6.3376651   0.4483638
  -5.8893013  -6.3334455   0.4441442
  -5.8893013  -6.3291755   0.4398743
  -5.8893012  -6.3260159   0.4367147
  -5.8893013  -6.3250516   0.4357503
  -5.8893013  -6.3269522   0.4376509
  -5.8893013  -6.3314073   0.4421060
  -5.8893013  -6.3369227   0.4476214
  -5.8893014  -6.3414177   0.4521163
  -5.8893014  -6.3433121   0.4540107
  -5.8893013  -6.3423172   0.4530159
  -5.8893013  -6.3393206   0.4500193
  -5.8893013  -6.3356175   0.4463162
  -5.8893012  -6.3323399   0.4430386
  -5.8893012  -6.3304399   0.4411387
  -5.8893012  -6.3307131   0.4414118
  -5.8893013  -6.3333552   0.4440539
  -5.8893013  -6.3375543   0.4482530
  -5.8893013  -6.3418154   0.4525141
  -5.8893014  -6.3446380   0.4553367
  -5.8893013  -6.3449614   0.4556600
  -5.8893013  -6.3425111   0.4532098
  -5.8893013  -6.3381019   0.4488007
  -5.8893013  -6.3334159   0.4441146
  -5.8893012  -6.3300911   0.4407899
  -5.8893013  -6.3288226   0.4395213
  -5.8893013  -6.3292777   0.4399764
  -5.8893013  -6.3307150   0.4414137
  -5.8893012  -6.3325211   0.4432199
  -5.8893013  -6.3342496   0.4449483
  -5.8893013  -6.3354401   0.4461387
  -5.8893013  -6.3356861   0.4463848
  -5.8893013  -6.3349377   0.4456365
  -5.8893013  -6.3336322   0.4443309
  -5.8893013  -6.3324985   0.4431972
  -5.8893013  -6.3321832   0.4428819
  -5.8893013  -6.3329111   0.4436098
  -5.8893013  -6.3344180   0.4451167
  -5.8893013  -6.3360890   0.4467877
  -5.8893014  -6.3371185   0.4478171
  -5.8893013  -6.3369217   0.4476204
  -5.8893013  -6.3357180   0.4464168
  -5.8893013  -6.3344853   0.4451840
  -5.8893013  -6.3341268   0.4448255
  -5.8893013  -6.3348301   0.4455288
  -5.8893013  -6.3362082   0.4469069
  -5.8893013  -6.3377534   0.4484521
  -5.8893013  -6.3390658   0.4497645
  -5.8893014  -6.3398153   0.4505139
  -5.8893013  -6.3396519   0.4503506
  -5.8893013  -6.3383005   0.4489992
  -5.8893013  -6.3358259   0.4465246
  -5.8893013  -6.3327587   0.4434574
  -5.8893013  -6.3299242   0.4406229
  -5.8893012  -6.3281101   0.4388088
  -5.8893013  -6.3277176   0.4384163
  -5.8893013  -6.3285997   0.4392984
  -5.8893013  -6.3302767   0.4409754
  -5.8893013  -6.3322989   0.4429977
  -5.8893014  -6.3344431   0.4451417
  -5.8893013  -6.3367009   0.4473996
  -5.8893013  -6.3390488   0.4497474
  -5.8893013  -6.3410989   0.4517976
  -5.8893013  -6.3420473   0.4527460
  -5.8893014  -6.3411795   0.4518781
  -5.8893013  -6.3384888   0.4491874
  -5.8893013  -6.3347594   0.4454581
  -5.8893013  -6.3310679   0.4417667
  -5.8893012  -6.3281559   0.4388547
  -5.8893012  -6.3261360   0.4368347
  -5.8893013  -6.3246940   0.4353927
  -5.8893012  -6.3234580   0.4341568
  -5.8893013  -6.3221622   0.4328609
  -5.8893013  -6.3207279   0.4314266
  -5.8893013  -6.3194620   0.4301607
  -5.8893013  -6.3191369   0.4298356
  -5.8893013  -6.3205215   0.4312202
  -5.8893013  -6.3236436   0.4343423
  -5.8893013  -6.3277205   0.4384193
  -5.8893013  -6.3318245   0.4425232
  -5.8893013  -6.3353953   0.4460940
  -5.8893014  -6.3382061   0.4489047
  -5.8893013  -6.3401674   0.4508661
  -5.8893013  -6.3413946   0.4520933
  -5.8893012  -6.3423290   0.4530278
  -5.8893013  -6.3434411   0.4541398
  -5.8893013  -6.3447447   0.4554434
  -5.8893014  -6.3457410   0.4564397
  -5.8893014  -6.3457938   0.4564925
  -5.8893014  -6.3445569   0.4552555
  -5.8893013  -6.3422447   0.4529434
  -5.8893013  -6.3395298   0.4502285
  -5.8893013  -6.3372053   0.4479040
  -5.8893012  -6.3359681   0.4466668
  -5.8893013  -6.3362081   0.4469069
  -5.8893013  -6.3377014   0.4484000
  -5.8893013  -6.3395237   0.4502223
  -5.8893014  -6.3404014   0.4511000
  -5.8893013  -6.3393117   0.4500104
  -5.8893013  -6.3360364   0.4467351
  -5.8893013  -6.3314324   0.4421311
  -5.8893012  -6.3272040   0.4379028
  -5.8893013  -6.3251334   0.4358321
  -5.8893012  -6.3261341   0.4368329
  -5.8893013  -6.3297302   0.4404289
  -5.8893014  -6.3342991   0.4449977
  -5.8893014  -6.3379191   0.4486177
