   4.0000000000000001E-003   1.4155266694538977E-005
   8.0000000000000002E-003   5.6540206252369395E-005
   1.2000000000000000E-002   1.2691996183646339E-004
   1.6000000000000000E-002   2.2490278547579730E-004
   2.0000000000000000E-002   3.4993369022416073E-004
   2.4000000000000000E-002   5.0129026733503426E-004
   2.8000000000000001E-002   6.7808209820511048E-004
   3.2000000000000001E-002   8.7925456024425810E-004
   3.6000000000000004E-002   1.1035972194495221E-003
   4.0000000000000001E-002   1.3497564734895986E-003
   4.4000000000000004E-002   1.6162516988823196E-003
   4.8000000000000001E-002   1.9014939498203198E-003
   5.2000000000000005E-002   2.2038062006057347E-003
   5.6000000000000001E-002   2.5214442038297819E-003
   6.0000000000000005E-002   2.8526172184034451E-003
   6.4000000000000001E-002   3.1955079909263030E-003
   6.8000000000000005E-002   3.5482914925226154E-003
   7.2000000000000008E-002   3.9091519649617551E-003
   7.5999999999999998E-002   4.2762979398616946E-003
   8.0000000000000002E-002   4.6479750986349331E-003
   8.4000000000000005E-002   5.0224771030295025E-003
   8.8000000000000009E-002   5.3981547626335323E-003
   9.1999999999999998E-002   5.7734240449266649E-003
   9.6000000000000002E-002   6.1467733111993618E-003
  0.10000000000000001        6.5167698814631468E-003
  0.10400000000000001        6.8820656447050261E-003
  0.10800000000000000        7.2414012187371679E-003
  0.11200000000000000        7.5936080762396066E-003
  0.11600000000000001        7.9376082439247854E-003
  0.12000000000000001        8.2724115524535433E-003
  0.12400000000000000        8.5971108541959083E-003
  0.12800000000000000        8.9108760083895996E-003
  0.13200000000000001        9.2129477542426935E-003
  0.13600000000000001        9.5026326158769922E-003
  0.14000000000000001        9.7792997546457192E-003
  0.14400000000000002        1.0042380338757229E-002
  0.14800000000000002        1.0291369430151119E-002
  0.15200000000000000        1.0525829867955430E-002
  0.15600000000000000        1.0745396966088682E-002
  0.16000000000000000        1.0949782484359872E-002
  0.16400000000000001        1.1138776341381175E-002
  0.16800000000000001        1.1312244992295339E-002
  0.17200000000000001        1.1470126329728041E-002
  0.17600000000000002        1.1612421988718499E-002
  0.18000000000000002        1.1739188655099320E-002
  0.18400000000000000        1.1850530119150748E-002
  0.18800000000000000        1.1946591484861661E-002
  0.19200000000000000        1.2027556358707694E-002
  0.19600000000000001        1.2093647272280482E-002
  0.20000000000000001        1.2145129272590585E-002
  0.20400000000000001        1.2182316395268756E-002
  0.20800000000000002        1.2205580429818773E-002
  0.21200000000000002        1.2215360988437871E-002
  0.21600000000000000        1.2212175487020662E-002
  0.22000000000000000        1.2196627213626042E-002
  0.22400000000000000        1.2169409510916284E-002
  0.22800000000000001        1.2131304373354537E-002
  0.23200000000000001        1.2083174437833247E-002
  0.23600000000000002        1.2025948322108130E-002
  0.24000000000000002        1.1960600304226339E-002
  0.24400000000000002        1.1888126155207037E-002
  0.24800000000000000        1.1809517448442993E-002
  0.25200000000000000        1.1725736768837812E-002
  0.25600000000000001        1.1637695952870279E-002
  0.26000000000000001        1.1546238980660853E-002
  0.26400000000000001        1.1452130514746211E-002
  0.26800000000000002        1.1356050222736950E-002
  0.27200000000000002        1.1258592309183382E-002
  0.27600000000000002        1.1160269041341986E-002
  0.28000000000000003        1.1061516726319862E-002
  0.28400000000000003        1.0962702779636544E-002
  0.28800000000000003        1.0864133078308929E-002
  0.29200000000000004        1.0766059379353090E-002
  0.29600000000000004        1.0668687032200612E-002
  0.29999999999999999        1.0572183380105791E-002
  0.30399999999999999        1.0476686987189184E-002
  0.30800000000000000        1.0382317441819200E-002
  0.31200000000000000        1.0289185162148305E-002
  0.31600000000000000        1.0197400503987727E-002
  0.32000000000000001        1.0107081508678336E-002
  0.32400000000000001        1.0018359816412199E-002
  0.32800000000000001        9.9313845250005427E-003
  0.33200000000000002        9.8463239790939940E-003
  0.33600000000000002        9.7633655639395561E-003
  0.34000000000000002        9.6827135881176613E-003
  0.34400000000000003        9.6045852997242859E-003
  0.34800000000000003        9.5292050802000174E-003
  0.35200000000000004        9.4567968152462351E-003
  0.35600000000000004        9.3875745430538598E-003
  0.36000000000000004        9.3217317359617826E-003
  0.36399999999999999        9.2594299816089031E-003
  0.36799999999999999        9.2007881997220910E-003
  0.37200000000000000        9.1458739606449010E-003
  0.37600000000000000        9.0946986767609581E-003
  0.38000000000000000        9.0472180481119754E-003
  0.38400000000000001        9.0033383989831604E-003
  0.38800000000000001        8.9629285243890758E-003
  0.39200000000000002        8.9258354647024588E-003
  0.39600000000000002        8.8919017473848023E-003
  0.40000000000000002        8.8609812333489708E-003
  0.40400000000000003        8.8329510357757872E-003
  0.40800000000000003        8.8077177713278120E-003
  0.41200000000000003        8.7852174753658800E-003
  0.41600000000000004        8.7654097675586105E-003
  0.42000000000000004        8.7482675980550574E-003
  0.42400000000000004        8.7337644206124197E-003
  0.42800000000000005        8.7218608252860631E-003
  0.43200000000000000        8.7124925075310524E-003
  0.43600000000000000        8.7055612143547619E-003
  0.44000000000000000        8.7009298353010016E-003
  0.44400000000000001        8.6984223089562242E-003
  0.44800000000000001        8.6978284913120027E-003
  0.45200000000000001        8.6989135901306709E-003
  0.45600000000000002        8.7014313607773914E-003
  0.46000000000000002        8.7051399756369694E-003
  0.46400000000000002        8.7098192066802499E-003
  0.46800000000000003        8.7152873196465145E-003
  0.47200000000000003        8.7214160010392148E-003
  0.47600000000000003        8.7281416721392089E-003
  0.48000000000000004        8.7354717891199984E-003
  0.48400000000000004        8.7434852727495144E-003
  0.48800000000000004        8.7523269794467021E-003
  0.49200000000000005        8.7621969116886671E-003
  0.49600000000000000        8.7733355220765696E-003
  0.50000000000000000        8.7860068742639155E-003
  0.50400000000000000        8.8004814735335238E-003
  0.50800000000000001        8.8170203068950199E-003
  0.51200000000000001        8.8358611534137491E-003
  0.51600000000000001        8.8572075768372192E-003
  0.52000000000000002        8.8812204651190340E-003
  0.52400000000000002        8.9080116185846197E-003
  0.52800000000000002        8.9376387251355067E-003
  0.53200000000000003        8.9701011545919810E-003
  0.53600000000000003        9.0053363329982913E-003
  0.54000000000000004        9.0432169164315155E-003
  0.54400000000000004        9.0835493605035920E-003
  0.54800000000000004        9.1260747229772055E-003
  0.55200000000000005        9.1704725899644218E-003
  0.55600000000000005        9.2163686597509318E-003
  0.56000000000000005        9.2633459627950530E-003
  0.56400000000000006        9.3109589535088598E-003
  0.56800000000000006        9.3587490628642290E-003
  0.57200000000000006        9.4062598794883365E-003
  0.57600000000000007        9.4530501669999982E-003
  0.58000000000000007        9.4987033401276941E-003
  0.58400000000000007        9.5428325819036479E-003
  0.58800000000000008        9.5850815306715836E-003
  0.59200000000000008        9.6251210408251717E-003
  0.59599999999999997        9.6626430784723209E-003
  0.59999999999999998        9.6973532377837776E-003
  0.60399999999999998        9.7289636281910029E-003
  0.60799999999999998        9.7571879630643042E-003
  0.61199999999999999        9.7817404525271986E-003
  0.61599999999999999        9.8023395894068274E-003
  0.62000000000000000        9.8187171242570918E-003
  0.62400000000000000        9.8306315387587349E-003
  0.62800000000000000        9.8378844951928085E-003
  0.63200000000000001        9.8403382222813640E-003
  0.63600000000000001        9.8379316671795645E-003
  0.64000000000000001        9.8306934611617405E-003
  0.64400000000000002        9.8187502648676237E-003
  0.64800000000000002        9.8023296508748092E-003
  0.65200000000000002        9.7817572335346867E-003
  0.65600000000000003        9.7574482535151465E-003
  0.66000000000000003        9.7298941823241482E-003
  0.66400000000000003        9.6996452201395782E-003
  0.66800000000000004        9.6672897373531620E-003
  0.67200000000000004        9.6334318804872764E-003
  0.67600000000000005        9.5986685113973388E-003
  0.68000000000000005        9.5635665620221119E-003
  0.68400000000000005        9.5286417155201614E-003
  0.68800000000000006        9.4943391766420422E-003
  0.69200000000000006        9.4610171874249110E-003
  0.69600000000000006        9.4289338686257881E-003
  0.70000000000000007        9.3982379840187643E-003
  0.70400000000000007        9.3689642936042126E-003
  0.70800000000000007        9.3410342414711554E-003
  0.71200000000000008        9.3142626248925737E-003
  0.71600000000000008        9.2883707491181605E-003
  0.72000000000000008        9.2630061561126669E-003
  0.72400000000000009        9.2377684529231213E-003
  0.72799999999999998        9.2122399690642807E-003
  0.73199999999999998        9.1860192733748090E-003
  0.73599999999999999        9.1587548641826645E-003
  0.73999999999999999        9.1301759416936943E-003
  0.74399999999999999        9.1001171649093496E-003
  0.74800000000000000        9.0685347367538277E-003
  0.75200000000000000        9.0355120164366271E-003
  0.75600000000000001        9.0012539840185809E-003
  0.76000000000000001        8.9660711961443307E-003
  0.76400000000000001        8.9303550812698338E-003
  0.76800000000000002        8.8945473142924315E-003
  0.77200000000000002        8.8591065309045255E-003
  0.77600000000000002        8.8244757012452529E-003
  0.78000000000000003        8.7910531188438428E-003
  0.78400000000000003        8.7591692937162048E-003
  0.78800000000000003        8.7290711425277931E-003
  0.79200000000000004        8.7009139788271211E-003
  0.79600000000000004        8.6747609342058517E-003
  0.80000000000000004        8.6505888009708459E-003
  0.80400000000000005        8.6282988235976688E-003
  0.80800000000000005        8.6077307943337577E-003
  0.81200000000000006        8.5886789061479143E-003
  0.81600000000000006        8.5709080531245676E-003
  0.82000000000000006        8.5541696622078410E-003
  0.82400000000000007        8.5382164375021365E-003
  0.82800000000000007        8.5228156993673830E-003
  0.83200000000000007        8.5077610956161339E-003
  0.83600000000000008        8.4928823601101312E-003
  0.84000000000000008        8.4780525798205750E-003
  0.84400000000000008        8.4631923247616165E-003
  0.84800000000000009        8.4482701043103129E-003
  0.85200000000000009        8.4332988955154817E-003
  0.85600000000000009        8.4183290038534180E-003
  0.85999999999999999        8.4034380349063374E-003
  0.86399999999999999        8.3887191957401110E-003
  0.86799999999999999        8.3742693121099596E-003
  0.87200000000000000        8.3601779377780721E-003
  0.87600000000000000        8.3465187337083066E-003
  0.88000000000000000        8.3333439125519090E-003
  0.88400000000000001        8.3206821072090084E-003
  0.88800000000000001        8.3085395817288094E-003
  0.89200000000000002        8.2969043831013761E-003
  0.89600000000000002        8.2857527902953990E-003
  0.90000000000000002        8.2750573412986011E-003
  0.90400000000000003        8.2647956349104438E-003
  0.90800000000000003        8.2549591193988442E-003
  0.91200000000000003        8.2455611068399954E-003
  0.91600000000000004        8.2366432770969930E-003
  0.92000000000000004        8.2282799242252430E-003
  0.92400000000000004        8.2205793236690156E-003
  0.92800000000000005        8.2136817659886740E-003
  0.93200000000000005        8.2077541398684825E-003
  0.93600000000000005        8.2029814104504720E-003
  0.94000000000000006        8.1995557967291122E-003
  0.94400000000000006        8.1976648913696538E-003
  0.94800000000000006        8.1974801091506261E-003
  0.95200000000000007        8.1991467271220544E-003
  0.95600000000000007        8.2027763494547969E-003
  0.96000000000000008        8.2084422159011301E-003
  0.96400000000000008        8.2161773444020675E-003
  0.96800000000000008        8.2259751302689987E-003
  0.97200000000000009        8.2377918826310563E-003
  0.97600000000000009        8.2515506928484104E-003
  0.98000000000000009        8.2671460606587050E-003
  0.98400000000000010        8.2844488010719221E-003
  0.98800000000000010        8.3033109161696674E-003
  0.99199999999999999        8.3235702367934813E-003
  0.99600000000000000        8.3450548089352063E-003
   1.0000000000000000        8.3675871004862453E-003
   1.0040000000000000        8.3909880060415651E-003
   1.0080000000000000        8.4150805203722628E-003
   1.0120000000000000        8.4396927566901293E-003
   1.0160000000000000        8.4646598238586369E-003
   1.0200000000000000        8.4898240854632181E-003
   1.0240000000000000        8.5150335344899349E-003
   1.0280000000000000        8.5401384420332200E-003
   1.0320000000000000        8.5649869395563998E-003
   1.0360000000000000        8.5894206157817107E-003
   1.0400000000000000        8.6132714014776780E-003
   1.0440000000000000        8.6363608992131320E-003
   1.0480000000000000        8.6585028728464082E-003
   1.0520000000000000        8.6795090657624443E-003
   1.0560000000000000        8.6991978736210406E-003
   1.0600000000000001        8.7174048521175343E-003
   1.0640000000000001        8.7339936800834225E-003
   1.0680000000000001        8.7488661555973710E-003
   1.0720000000000001        8.7619698819870820E-003
   1.0760000000000001        8.7733025680758452E-003
   1.0800000000000001        8.7829123848989828E-003
   1.0840000000000001        8.7908942519690017E-003
   1.0880000000000001        8.7973824158086873E-003
   1.0920000000000001        8.8025400929191786E-003
   1.0960000000000001        8.8065472588072808E-003
   1.1000000000000001        8.8095878886578823E-003
   1.1040000000000001        8.8118378852319688E-003
   1.1080000000000001        8.8134547186666939E-003
   1.1120000000000001        8.8145694137742054E-003
   1.1160000000000001        8.8152810520978099E-003
   1.1200000000000001        8.8156535227439398E-003
   1.1240000000000001        8.8157139675088727E-003
   1.1280000000000001        8.8154523415351817E-003
   1.1320000000000001        8.8148216551009202E-003
   1.1360000000000001        8.8137388931499791E-003
   1.1400000000000001        8.8120869857362793E-003
   1.1440000000000001        8.8097185030673337E-003
   1.1480000000000001        8.8064617820091465E-003
   1.1520000000000001        8.8021299259464225E-003
   1.1560000000000001        8.7965326616142158E-003
   1.1600000000000001        8.7894904507566912E-003
   1.1640000000000001        8.7808497433308347E-003
   1.1680000000000001        8.7704979691378537E-003
   1.1720000000000002        8.7583767697399489E-003
   1.1760000000000002        8.7444921795331552E-003
   1.1800000000000002        8.7289207433096701E-003
   1.1840000000000002        8.7118109280193874E-003
   1.1880000000000002        8.6933794329113658E-003
   1.1919999999999999        8.6739022958415221E-003
   1.1960000000000000        8.6537011041281572E-003
   1.2000000000000000        8.6331250733690124E-003
   1.2040000000000000        8.6125302492556163E-003
   1.2080000000000000        8.5922576655138271E-003
   1.2120000000000000        8.5726126596144224E-003
   1.2160000000000000        8.5538474781425549E-003
   1.2200000000000000        8.5361489521926168E-003
   1.2240000000000000        8.5196323012585659E-003
   1.2280000000000000        8.5043412263327168E-003
   1.2320000000000000        8.4902535289625245E-003
   1.2360000000000000        8.4772907703656326E-003
   1.2400000000000000        8.4653300865243936E-003
   1.2440000000000000        8.4542163542707417E-003
   1.2480000000000000        8.4437733839752317E-003
   1.2520000000000000        8.4338135231518275E-003
   1.2560000000000000        8.4241457504399507E-003
   1.2600000000000000        8.4145827799046394E-003
   1.2640000000000000        8.4049477908163771E-003
   1.2680000000000000        8.3950811877192850E-003
   1.2720000000000000        8.3848473815141284E-003
   1.2760000000000000        8.3741413574909811E-003
   1.2800000000000000        8.3628946523742476E-003
   1.2840000000000000        8.3510804065343672E-003
   1.2880000000000000        8.3387172950838053E-003
   1.2920000000000000        8.3258719818058453E-003
   1.2960000000000000        8.3126595979407369E-003
   1.3000000000000000        8.2992415772512821E-003
   1.3040000000000000        8.2858201703765420E-003
   1.3080000000000001        8.2726293592360091E-003
   1.3120000000000001        8.2599225822709704E-003
   1.3160000000000001        8.2479584370418902E-003
   1.3200000000000001        8.2369860471412110E-003
   1.3240000000000001        8.2272318733210541E-003
   1.3280000000000001        8.2188893908265899E-003
   1.3320000000000001        8.2121123720106208E-003
   1.3360000000000001        8.2070118279596212E-003
   1.3400000000000001        8.2036560071330686E-003
   1.3440000000000001        8.2020725568400562E-003
   1.3480000000000001        8.2022519591192031E-003
   1.3520000000000001        8.2041514635836851E-003
   1.3560000000000001        8.2076989637770194E-003
   1.3600000000000001        8.2127965466674453E-003
   1.3640000000000001        8.2193236709064612E-003
   1.3680000000000001        8.2271400142447399E-003
   1.3720000000000001        8.2360882099128188E-003
   1.3760000000000001        8.2459967171631537E-003
   1.3800000000000001        8.2566831072292696E-003
   1.3840000000000001        8.2679579648932584E-003
   1.3880000000000001        8.2796294150607533E-003
   1.3920000000000001        8.2915079478061079E-003
   1.3960000000000001        8.3034110047466442E-003
   1.4000000000000001        8.3151666938501706E-003
   1.4040000000000001        8.3266160403146078E-003
   1.4080000000000001        8.3376135534453458E-003
   1.4120000000000001        8.3480262759784239E-003
   1.4160000000000001        8.3577318631944363E-003
   1.4200000000000002        8.3666165022391447E-003
   1.4240000000000002        8.3745734237321845E-003
   1.4280000000000002        8.3815025356787747E-003
   1.4320000000000002        8.3873113086628502E-003
   1.4360000000000002        8.3919166318567971E-003
   1.4400000000000002        8.3952470783471428E-003
   1.4440000000000002        8.3972449238865123E-003
   1.4480000000000002        8.3978674393406488E-003
   1.4520000000000002        8.3970873271754249E-003
   1.4560000000000000        8.3948925523354076E-003
   1.4600000000000000        8.3912861632383616E-003
   1.4640000000000000        8.3862867580481153E-003
   1.4680000000000000        8.3799299624820103E-003
   1.4720000000000000        8.3722707625844672E-003
   1.4760000000000000        8.3633860027087087E-003
   1.4800000000000000        8.3533760910125040E-003
   1.4840000000000000        8.3423651216979477E-003
   1.4880000000000000        8.3304990641980478E-003
   1.4920000000000000        8.3179423038050732E-003
   1.4960000000000000        8.3048732086781849E-003
   1.5000000000000000        8.2914794351440901E-003
   1.5040000000000000        8.2779534482939100E-003
   1.5080000000000000        8.2644883550332549E-003
   1.5120000000000000        8.2512738484283848E-003
   1.5160000000000000        8.2384918541249276E-003
   1.5200000000000000        8.2263116453047767E-003
   1.5240000000000000        8.2148844955791372E-003
   1.5280000000000000        8.2043382063004509E-003
   1.5320000000000000        8.1947721195226222E-003
   1.5360000000000000        8.1862533400387724E-003
   1.5400000000000000        8.1788148118917079E-003
   1.5440000000000000        8.1724557014581801E-003
   1.5480000000000000        8.1671442787587274E-003
   1.5520000000000000        8.1628233517283613E-003
   1.5560000000000000        8.1594181399781314E-003
   1.5600000000000001        8.1568463328064375E-003
   1.5640000000000001        8.1550299340591350E-003
   1.5680000000000001        8.1539081954270717E-003
   1.5720000000000001        8.1534506264310941E-003
   1.5760000000000001        8.1536687585327845E-003
   1.5800000000000001        8.1546251121688632E-003
   1.5840000000000001        8.1564378498900983E-003
   1.5880000000000001        8.1592798932652293E-003
   1.5920000000000001        8.1633718504395044E-003
   1.5960000000000001        8.1689689231377802E-003
   1.6000000000000001        8.1763427925328775E-003
   1.6040000000000001        8.1857602406576555E-003
   1.6080000000000001        8.1974606718710971E-003
   1.6120000000000001        8.2116348300875965E-003
   1.6160000000000001        8.2284067011467715E-003
   1.6200000000000001        8.2478201081098868E-003
   1.6240000000000001        8.2698309428510166E-003
   1.6280000000000001        8.2943054342602841E-003
   1.6320000000000001        8.3210243977280083E-003
   1.6360000000000001        8.3496929353643577E-003
   1.6400000000000001        8.3799547353200238E-003
   1.6440000000000001        8.4114098055749435E-003
   1.6480000000000001        8.4436342194908805E-003
   1.6520000000000001        8.4762003095046490E-003
   1.6560000000000001        8.5086957523743869E-003
   1.6600000000000001        8.5407401822751913E-003
   1.6640000000000001        8.5719982381808318E-003
   1.6680000000000001        8.6021884529421944E-003
   1.6720000000000002        8.6310878987881246E-003
   1.6760000000000002        8.6585329795609688E-003
   1.6800000000000002        8.6844171718766881E-003
   1.6840000000000002        8.7086867133772915E-003
   1.6880000000000002        8.7313352861087233E-003
   1.6920000000000002        8.7523987096494709E-003
   1.6960000000000002        8.7719504081110421E-003
   1.7000000000000002        8.7900980478464921E-003
   1.7040000000000002        8.8069813005890001E-003
   1.7080000000000002        8.8227703714531293E-003
   1.7120000000000002        8.8376645660754906E-003
   1.7160000000000002        8.8518899749940420E-003
   1.7200000000000000        8.8656954596997919E-003
   1.7240000000000000        8.8793463005754115E-003
   1.7280000000000000        8.8931152601736101E-003
   1.7320000000000000        8.9072713031303676E-003
   1.7360000000000000        8.9220665955486583E-003
   1.7400000000000000        8.9377227485010202E-003
   1.7440000000000000        8.9544174814664215E-003
   1.7480000000000000        8.9722729964212475E-003
   1.7520000000000000        8.9913473094748089E-003
   1.7560000000000000        9.0116295810798129E-003
   1.7600000000000000        9.0330402425954429E-003
   1.7640000000000000        9.0554362284121764E-003
   1.7680000000000000        9.0786211297356149E-003
   1.7720000000000000        9.1023595891842144E-003
   1.7760000000000000        9.1263947774455310E-003
   1.7800000000000000        9.1504674548529147E-003
   1.7840000000000000        9.1743349053772585E-003
   1.7880000000000000        9.1977879529939015E-003
   1.7920000000000000        9.2206644183953617E-003
   1.7960000000000000        9.2428577139338653E-003
   1.8000000000000000        9.2643197922029370E-003
   1.8040000000000000        9.2850582983818736E-003
   1.8080000000000001        9.3051283231555190E-003
   1.8120000000000001        9.3246197098121718E-003
   1.8160000000000001        9.3436413436098764E-003
   1.8200000000000001        9.3623040880702040E-003
   1.8240000000000001        9.3807042027277045E-003
   1.8280000000000001        9.3989089916363452E-003
   1.8320000000000001        9.4169460736375343E-003
   1.8360000000000001        9.4347971064338426E-003
   1.8400000000000001        9.4523960045219992E-003
   1.8440000000000001        9.4696311026728573E-003
   1.8480000000000001        9.4863503210230876E-003
   1.8520000000000001        9.5023683454783393E-003
   1.8560000000000001        9.5174750898966570E-003
   1.8600000000000001        9.5314450298374358E-003
   1.8640000000000001        9.5440472087063750E-003
   1.8680000000000001        9.5550557316600258E-003
   1.8720000000000001        9.5642604278370104E-003
   1.8760000000000001        9.5714770951670462E-003
   1.8800000000000001        9.5765565127072117E-003
   1.8840000000000001        9.5793913684578593E-003
   1.8880000000000001        9.5799204107561362E-003
   1.8920000000000001        9.5781294181840927E-003
   1.8960000000000001        9.5740489641998813E-003
   1.9000000000000001        9.5677493438494285E-003
   1.9040000000000001        9.5593333575932759E-003
   1.9080000000000001        9.5489278031441020E-003
   1.9120000000000001        9.5366745148836325E-003
   1.9160000000000001        9.5227216854276795E-003
   1.9200000000000002        9.5072160726337798E-003
   1.9240000000000002        9.4902966790652455E-003
   1.9280000000000002        9.4720904859688353E-003
   1.9320000000000002        9.4527107503894030E-003
   1.9360000000000002        9.4322581227141312E-003
   1.9400000000000002        9.4108244603457944E-003
   1.9440000000000002        9.3884986680870322E-003
   1.9480000000000002        9.3653734370652258E-003
   1.9520000000000002        9.3415514629440789E-003
   1.9560000000000002        9.3171498010417245E-003
   1.9600000000000002        9.2923013335496664E-003
   1.9640000000000002        9.2671528429388635E-003
   1.9680000000000002        9.2418598287280340E-003
   1.9720000000000002        9.2165787790562323E-003
   1.9760000000000002        9.1914580074772233E-003
   1.9800000000000002        9.1666282801498508E-003
   1.9840000000000000        9.1421943163852593E-003
   1.9880000000000000        9.1182279940888091E-003
   1.9920000000000000        9.0947637585561420E-003
   1.9960000000000000        9.0717963762939023E-003
   2.0000000000000000        9.0492809505743812E-003
   2.0040000000000000        9.0271349969286794E-003
   2.0080000000000000        9.0052423223729496E-003
   2.0120000000000000        8.9834584960563624E-003
   2.0160000000000000        8.9616176781339846E-003
   2.0200000000000000        8.9395406483047130E-003
   2.0240000000000000        8.9170438920773507E-003
   2.0280000000000000        8.8939496103699386E-003
   2.0320000000000000        8.8700963910101800E-003
   2.0360000000000000        8.8453500882174092E-003
   2.0400000000000000        8.8196141522801346E-003
   2.0440000000000000        8.7928384280132020E-003
   2.0480000000000000        8.7650253554369048E-003
   2.0520000000000000        8.7362327445357907E-003
   2.0560000000000000        8.7065727797336033E-003
   2.0600000000000001        8.6762074473443456E-003
   2.0640000000000001        8.6453410908014210E-003
   2.0680000000000001        8.6142110860995408E-003
   2.0720000000000001        8.5830775768684815E-003
   2.0760000000000001        8.5522129609405997E-003
   2.0800000000000001        8.5218915405499852E-003
   2.0840000000000001        8.4923795504547109E-003
   2.0880000000000001        8.4639257526826685E-003
   2.0920000000000001        8.4367528508627575E-003
   2.0960000000000001        8.4110501796219057E-003
   2.1000000000000001        8.3869681723430806E-003
   2.1040000000000001        8.3646149372001884E-003
   2.1080000000000001        8.3440549839405732E-003
   2.1120000000000001        8.3253097702788263E-003
   2.1160000000000001        8.3083595527762254E-003
   2.1200000000000001        8.2931460498068127E-003
   2.1240000000000001        8.2795757076898364E-003
   2.1280000000000001        8.2675236941237469E-003
   2.1320000000000001        8.2568389708871249E-003
   2.1360000000000001        8.2473508062794378E-003
   2.1400000000000001        8.2388768779230650E-003
   2.1440000000000001        8.2312326654645947E-003
   2.1480000000000001        8.2242414558646500E-003
   2.1520000000000001        8.2177440560741149E-003
   2.1560000000000001        8.2116072999872097E-003
   2.1600000000000001        8.2057306860495397E-003
   2.1640000000000001        8.2000508518148343E-003
   2.1680000000000001        8.1945438459069958E-003
   2.1720000000000002        8.1892252941452061E-003
   2.1760000000000002        8.1841486102318482E-003
   2.1800000000000002        8.1794013594148497E-003
   2.1840000000000002        8.1750998834049741E-003
   2.1880000000000002        8.1713824266145541E-003
   2.1920000000000002        8.1684011677093972E-003
   2.1960000000000002        8.1663136659410069E-003
   2.2000000000000002        8.1652743848900158E-003
   2.2040000000000002        8.1654268707412620E-003
   2.2080000000000002        8.1668970353906412E-003
   2.2120000000000002        8.1697877177603490E-003
   2.2160000000000002        8.1741744351502520E-003
   2.2200000000000002        8.1801020034411344E-003
   2.2240000000000002        8.1875816193661671E-003
   2.2280000000000002        8.1965881521937414E-003
   2.2320000000000002        8.2070576944239769E-003
   2.2360000000000002        8.2188859515152212E-003
   2.2400000000000002        8.2319284811814379E-003
   2.2440000000000002        8.2460039968295946E-003
   2.2480000000000002        8.2609017436136196E-003
   2.2520000000000002        8.2763932800666261E-003
   2.2560000000000002        8.2922481062548854E-003
   2.2600000000000002        8.3082516323644603E-003
   2.2640000000000002        8.3242234126838302E-003
   2.2680000000000002        8.3400333214786303E-003
   2.2720000000000002        8.3556135614002661E-003
   2.2760000000000002        8.3709649404614967E-003
   2.2800000000000002        8.3861566426005861E-003
   2.2840000000000003        8.4013195564319170E-003
   2.2880000000000003        8.4166341067192871E-003
   2.2920000000000003        8.4323142114472883E-003
   2.2960000000000003        8.4485893884815293E-003
   2.3000000000000003        8.4656870543275888E-003
   2.3040000000000003        8.4838167224717993E-003
   2.3080000000000003        8.5031571717758912E-003
   2.3120000000000003        8.5238470512427698E-003
   2.3160000000000003        8.5459788417348321E-003
   2.3200000000000003        8.5695957427724331E-003
   2.3240000000000003        8.5946909241407556E-003
   2.3280000000000003        8.6212085519215345E-003
   2.3320000000000003        8.6490460910945421E-003
   2.3360000000000003        8.6780576145640536E-003
   2.3400000000000003        8.7080581072215141E-003
   2.3440000000000003        8.7388289629339883E-003
   2.3480000000000003        8.7701249441021895E-003
   2.3520000000000003        8.8016827055726558E-003
   2.3560000000000003        8.8332305403118639E-003
   2.3600000000000003        8.8644985576457180E-003
   2.3640000000000003        8.8952280914311246E-003
   2.3680000000000003        8.9251790742181335E-003
   2.3720000000000003        8.9541345308612064E-003
   2.3760000000000003        8.9819020024855395E-003
   2.3799999999999999        9.0083124605669120E-003
   2.3839999999999999        9.0332178411115117E-003
   2.3879999999999999        9.0564885574932075E-003
   2.3919999999999999        9.0780121456340186E-003
   2.3959999999999999        9.0976936535669649E-003
   2.3999999999999999        9.1154578583345081E-003
   2.4039999999999999        9.1312529586388448E-003
   2.4079999999999999        9.1450551924468701E-003
   2.4119999999999999        9.1568737785020938E-003
   2.4159999999999999        9.1667556185434790E-003
   2.4199999999999999        9.1747892353230293E-003
   2.4239999999999999        9.1811073646298740E-003
   2.4279999999999999        9.1858874839995230E-003
   2.4319999999999999        9.1893494621141224E-003
   2.4359999999999999        9.1917495809441217E-003
   2.4399999999999999        9.1933705819861461E-003
   2.4440000000000000        9.1945079857024322E-003
   2.4480000000000000        9.1954536441088176E-003
   2.4520000000000000        9.1964781170880486E-003
   2.4560000000000000        9.1978138182365037E-003
   2.4600000000000000        9.1996407453632228E-003
   2.4640000000000000        9.2020761358397856E-003
   2.4680000000000000        9.2051687107775979E-003
   2.4720000000000000        9.2088975239714294E-003
   2.4760000000000000        9.2131749763910611E-003
   2.4800000000000000        9.2178533679428288E-003
   2.4840000000000000        9.2227343409876286E-003
   2.4880000000000000        9.2275806639977899E-003
   2.4920000000000000        9.2321299591022928E-003
   2.4960000000000000        9.2361099967229032E-003
   2.5000000000000000        9.2392551422305642E-003
   2.5040000000000000        9.2413233404172943E-003
   2.5080000000000000        9.2421127945312345E-003
   2.5120000000000000        9.2414772710954184E-003
   2.5160000000000000        9.2393387743590783E-003
   2.5200000000000000        9.2356962292446630E-003
   2.5240000000000000        9.2306289792619765E-003
   2.5280000000000000        9.2242942869215899E-003
   2.5320000000000000        9.2169186831057553E-003
   2.5360000000000000        9.2087838722963826E-003
   2.5400000000000000        9.2002086818673799E-003
   2.5440000000000000        9.1915289878787675E-003
   2.5480000000000000        9.1830776275893429E-003
   2.5520000000000000        9.1751660069433871E-003
   2.5560000000000000        9.1680685432345282E-003
   2.5600000000000001        9.1620104313652785E-003
   2.5640000000000001        9.1571587795317017E-003
   2.5680000000000001        9.1536168374405993E-003
   2.5720000000000001        9.1514209733182961E-003
   2.5760000000000001        9.1505401118501389E-003
   2.5800000000000001        9.1508775099644266E-003
   2.5840000000000001        9.1522747121689663E-003
   2.5880000000000001        9.1545175558026687E-003
   2.5920000000000001        9.1573439559281978E-003
   2.5960000000000001        9.1604530000614550E-003
   2.6000000000000001        9.1635147443370635E-003
   2.6040000000000001        9.1661800690109579E-003
   2.6080000000000001        9.1680901094894074E-003
   2.6120000000000001        9.1688850688203729E-003
   2.6160000000000001        9.1682126414880365E-003
   2.6200000000000001        9.1657365964282721E-003
   2.6240000000000001        9.1611462447406412E-003
   2.6280000000000001        9.1541673224370072E-003
   2.6320000000000001        9.1445745197207395E-003
   2.6360000000000001        9.1322053713211639E-003
   2.6400000000000001        9.1169746911864153E-003
   2.6440000000000001        9.0988884170741108E-003
   2.6480000000000001        9.0780554224003732E-003
   2.6520000000000001        9.0546956629612863E-003
   2.6560000000000001        9.0291429268145595E-003
   2.6600000000000001        9.0018404967955896E-003
   2.6640000000000001        8.9733285391506643E-003
   2.6680000000000001        8.9442228770298844E-003
   2.6720000000000002        8.9151860412124834E-003
   2.6760000000000002        8.8868928225360987E-003
   2.6800000000000002        8.8599936134806951E-003
   2.6840000000000002        8.8350792234630805E-003
   2.6880000000000002        8.8126506334883659E-003
   2.6920000000000002        8.7930961955965965E-003
   2.6960000000000002        8.7766775713385269E-003
   2.7000000000000002        8.7635244789552955E-003
   2.7040000000000002        8.7536373017216701E-003
   2.7080000000000002        8.7468960171994056E-003
   2.7120000000000002        8.7430736129676147E-003
   2.7160000000000002        8.7418522776390208E-003
   2.7200000000000002        8.7428409773595579E-003
   2.7240000000000002        8.7455934747840674E-003
   2.7280000000000002        8.7496263905640949E-003
   2.7320000000000002        8.7544371601409113E-003
   2.7360000000000002        8.7595218299538046E-003
   2.7400000000000002        8.7643925366282221E-003
   2.7440000000000002        8.7685942711887340E-003
   2.7480000000000002        8.7717204186332637E-003
   2.7520000000000002        8.7734264441895488E-003
   2.7560000000000002        8.7734410656354605E-003
   2.7600000000000002        8.7715743278664170E-003
   2.7640000000000002        8.7677220106855015E-003
   2.7680000000000002        8.7618658933595380E-003
   2.7720000000000002        8.7540695248325730E-003
   2.7760000000000002        8.7444695212296458E-003
   2.7800000000000002        8.7332628522357961E-003
   2.7840000000000003        8.7206910671316258E-003
   2.7880000000000003        8.7070228527244397E-003
   2.7920000000000003        8.6925365666963277E-003
   2.7960000000000003        8.6775043062251572E-003
   2.8000000000000003        8.6621787560800610E-003
   2.8040000000000003        8.6467835220692645E-003
   2.8080000000000003        8.6315069638462916E-003
   2.8120000000000003        8.6164990374226393E-003
   2.8160000000000003        8.6018703057497981E-003
   2.8200000000000003        8.5876922739005872E-003
   2.8240000000000003        8.5739983746172498E-003
   2.8280000000000003        8.5607852628868299E-003
   2.8320000000000003        8.5480144107927293E-003
   2.8360000000000003        8.5356143057324502E-003
   2.8400000000000003        8.5234836117405767E-003
   2.8440000000000003        8.5114956261911328E-003
   2.8480000000000003        8.4995041145128538E-003
   2.8520000000000003        8.4873502894379626E-003
   2.8560000000000003        8.4748705190713283E-003
   2.8600000000000003        8.4619043039650382E-003
   2.8640000000000003        8.4483022070479235E-003
   2.8680000000000003        8.4339337201935361E-003
   2.8720000000000003        8.4186951906882225E-003
   2.8760000000000003        8.4025178419683891E-003
   2.8800000000000003        8.3853756043964067E-003
   2.8840000000000003        8.3672920182852571E-003
   2.8880000000000003        8.3483450920260899E-003
   2.8920000000000003        8.3286688971573059E-003
   2.8960000000000004        8.3084508623803635E-003
   2.9000000000000004        8.2879242287157845E-003
   2.9040000000000004        8.2673557455513261E-003
   2.9079999999999999        8.2470293228599032E-003
   2.9119999999999999        8.2272269293930007E-003
   2.9159999999999999        8.2082084991921388E-003
   2.9199999999999999        8.1901928379211463E-003
   2.9239999999999999        8.1733416235127681E-003
   2.9279999999999999        8.1577482679317682E-003
   2.9319999999999999        8.1434328416561640E-003
   2.9359999999999999        8.1303434173537002E-003
   2.9399999999999999        8.1183633538115460E-003
   2.9440000000000000        8.1073232604268689E-003
   2.9480000000000000        8.0970158679544574E-003
   2.9520000000000000        8.0872119344447633E-003
   2.9560000000000000        8.0776755134578573E-003
   2.9600000000000000        8.0681774897692141E-003
   2.9640000000000000        8.0585068844431038E-003
   2.9680000000000000        8.0484800425524739E-003
   2.9720000000000000        8.0379482967186267E-003
   2.9760000000000000        8.0268048176561167E-003
   2.9800000000000000        8.0149911429857508E-003
   2.9840000000000000        8.0025033561165904E-003
   2.9880000000000000        7.9893972617662706E-003
   2.9920000000000000        7.9757913532972746E-003
   2.9960000000000000        7.9618662913635719E-003
   3.0000000000000000        7.9478599478165907E-003
   3.0040000000000000        7.9340578777965451E-003
   3.0080000000000000        7.9207799344231181E-003
   3.0120000000000000        7.9083643722932008E-003
   3.0160000000000000        7.8971510519999753E-003
   3.0200000000000000        7.8874650984831467E-003
   3.0240000000000000        7.8796018850015009E-003
   3.0280000000000000        7.8738137727672602E-003
   3.0320000000000000        7.8702987657676849E-003
   3.0360000000000000        7.8691912837500159E-003
   3.0400000000000000        7.8705554533597764E-003
   3.0440000000000000        7.8743815841794736E-003
   3.0480000000000000        7.8805866358896502E-003
   3.0520000000000000        7.8890193734082459E-003
   3.0560000000000000        7.8994704584841435E-003
   3.0600000000000001        7.9116870583754179E-003
   3.0640000000000001        7.9253908341989383E-003
   3.0680000000000001        7.9402975092087106E-003
   3.0720000000000001        7.9561358676109480E-003
   3.0760000000000001        7.9726640717645951E-003
   3.0800000000000001        7.9896815875704751E-003
   3.0840000000000001        8.0070358299106151E-003
   3.0880000000000001        8.0246235082327508E-003
   3.0920000000000001        8.0423874451353086E-003
   3.0960000000000001        8.0603102758793465E-003
   3.1000000000000001        8.0784066296522225E-003
   3.1040000000000001        8.0967152794858329E-003
   3.1080000000000001        8.1152922921801391E-003
   3.1120000000000001        8.1342056820094474E-003
   3.1160000000000001        8.1535315409846914E-003
   3.1200000000000001        8.1733511862550363E-003
   3.1240000000000001        8.1937486040171825E-003
   3.1280000000000001        8.2148074893721289E-003
   3.1320000000000001        8.2366073886707830E-003
   3.1360000000000001        8.2592187686768397E-003
   3.1400000000000001        8.2826973002615295E-003
   3.1440000000000001        8.3070779671514348E-003
   3.1480000000000001        8.3323698190344454E-003
   3.1520000000000001        8.3585521656872521E-003
   3.1560000000000001        8.3855727898397587E-003
   3.1600000000000001        8.4133484251637837E-003
   3.1640000000000001        8.4417674282840846E-003
   3.1680000000000001        8.4706944004221772E-003
   3.1720000000000002        8.4999763557272439E-003
   3.1760000000000002        8.5294499832166137E-003
   3.1800000000000002        8.5589494088208987E-003
   3.1840000000000002        8.5883138048182938E-003
   3.1880000000000002        8.6173941654899191E-003
   3.1920000000000002        8.6460586384933952E-003
   3.1960000000000002        8.6741960400069807E-003
   3.2000000000000002        8.7017175220249245E-003
   3.2040000000000002        8.7285565792422776E-003
   3.2080000000000002        8.7546676317508242E-003
   3.2120000000000002        8.7800233156870577E-003
   3.2160000000000002        8.8046104248663340E-003
   3.2200000000000002        8.8284243345963295E-003
   3.2240000000000002        8.8514618818894501E-003
   3.2280000000000002        8.8737131552597409E-003
   3.2320000000000002        8.8951532279513447E-003
   3.2360000000000002        8.9157354284274820E-003
   3.2400000000000002        8.9353878961110928E-003
   3.2440000000000002        8.9540147217678293E-003
   3.2480000000000002        8.9715021210250642E-003
   3.2520000000000002        8.9877289913539039E-003
   3.2560000000000002        9.0025801825048685E-003
   3.2600000000000002        9.0159602383076045E-003
   3.2640000000000002        9.0278053304316281E-003
   3.2680000000000002        9.0380916525919352E-003
   3.2720000000000002        9.0468394488810097E-003
   3.2760000000000002        9.0541127292406969E-003
   3.2800000000000002        9.0600154567666170E-003
   3.2840000000000003        9.0646853472073560E-003
   3.2880000000000003        9.0682864528999728E-003
   3.2920000000000003        9.0710014596562492E-003
   3.2960000000000003        9.0730243384804059E-003
   3.3000000000000003        9.0745537025405214E-003
   3.3040000000000003        9.0757869581169510E-003
   3.3080000000000003        9.0769151980436696E-003
   3.3120000000000003        9.0781187185717711E-003
   3.3160000000000003        9.0795629283415922E-003
   3.3200000000000003        9.0813944807324985E-003
   3.3240000000000003        9.0837375076670834E-003
   3.3280000000000003        9.0866899779386296E-003
   3.3320000000000003        9.0903203270634430E-003
   3.3360000000000003        9.0946647631202776E-003
   3.3400000000000003        9.0997256860978325E-003
   3.3440000000000003        9.1054716033052412E-003
   3.3480000000000003        9.1118388251828011E-003
   3.3520000000000003        9.1187349776590820E-003
   3.3560000000000003        9.1260441704488805E-003
   3.3600000000000003        9.1336335266999722E-003
   3.3640000000000003        9.1413607283748494E-003
   3.3680000000000003        9.1490821845588172E-003
   3.3720000000000003        9.1566614518010462E-003
   3.3760000000000003        9.1639773927122779E-003
   3.3800000000000003        9.1709314493997867E-003
   3.3840000000000003        9.1774533945793921E-003
   3.3880000000000003        9.1835049418904097E-003
   3.3920000000000003        9.1890808827286858E-003
   3.3960000000000004        9.1942078162340624E-003
   3.4000000000000004        9.1989409403056017E-003
   3.4040000000000004        9.2033595717036822E-003
   3.4080000000000004        9.2075620941416379E-003
   3.4120000000000004        9.2116608721813566E-003
   3.4160000000000004        9.2157775658832236E-003
   3.4200000000000004        9.2200390669062871E-003
   3.4240000000000004        9.2245741829707559E-003
   3.4280000000000004        9.2295111867915433E-003
   3.4320000000000004        9.2349762815445609E-003
   3.4359999999999999        9.2410928623091783E-003
   3.4399999999999999        9.2479812764293626E-003
   3.4440000000000000        9.2557585255742796E-003
   3.4480000000000000        9.2645372027453585E-003
   3.4520000000000000        9.2744229134281049E-003
   3.4560000000000000        9.2855096279363877E-003
   3.4600000000000000        9.2978727975785783E-003
   3.4640000000000000        9.3115606622180686E-003
   3.4680000000000000        9.3265847385553841E-003
   3.4720000000000000        9.3429109641573402E-003
   3.4760000000000000        9.3604531027806099E-003
   3.4800000000000000        9.3790697383208353E-003
   3.4840000000000000        9.3985657091522155E-003
   3.4880000000000000        9.4186981331623818E-003
   3.4920000000000000        9.4391864745613976E-003
   3.4960000000000000        9.4597255470058594E-003
   3.5000000000000000        9.4799999621842709E-003
   3.5040000000000000        9.4996984747729978E-003
   3.5080000000000000        9.5185267901635329E-003
   3.5120000000000000        9.5362177083275178E-003
   3.5160000000000000        9.5525378557955211E-003
   3.5200000000000000        9.5672907036351892E-003
   3.5240000000000000        9.5803160464438299E-003
   3.5280000000000000        9.5914865929006572E-003
   3.5320000000000000        9.6007026849014784E-003
   3.5360000000000000        9.6078862237581625E-003
   3.5400000000000000        9.6129747168974562E-003
   3.5440000000000000        9.6159159816928477E-003
   3.5480000000000000        9.6166636703334356E-003
   3.5520000000000000        9.6151735726809923E-003
   3.5560000000000000        9.6114006057499771E-003
   3.5600000000000001        9.6052964082273592E-003
   3.5640000000000001        9.5968077323788283E-003
   3.5680000000000001        9.5858760466464420E-003
   3.5720000000000001        9.5724388636991720E-003
   3.5760000000000001        9.5564333686801364E-003
   3.5800000000000001        9.5378027492315012E-003
   3.5840000000000001        9.5165050935597378E-003
   3.5880000000000001        9.4925240946827881E-003
   3.5920000000000001        9.4658800849606890E-003
   3.5960000000000001        9.4366394272265893E-003
   3.6000000000000001        9.4049203226273300E-003
   3.6040000000000001        9.3708936417595916E-003
   3.6080000000000001        9.3347783742916222E-003
   3.6120000000000001        9.2968324446688934E-003
   3.6160000000000001        9.2573404680110806E-003
   3.6200000000000001        9.2166004177352025E-003
   3.6240000000000001        9.1749110772697835E-003
   3.6280000000000001        9.1325615848892958E-003
   3.6320000000000001        9.0898237383655479E-003
   3.6360000000000001        9.0469470835436369E-003
   3.6400000000000001        9.0041563506001749E-003
   3.6440000000000001        8.9616505118818596E-003
   3.6480000000000001        8.9196026849719355E-003
   3.6520000000000001        8.8781603545681192E-003
   3.6560000000000001        8.8374457671425832E-003
   3.6600000000000001        8.7975567115511268E-003
   3.6640000000000001        8.7585682360837649E-003
   3.6680000000000001        8.7205358447966699E-003
   3.6720000000000002        8.6835004633379585E-003
   3.6760000000000002        8.6474949638362126E-003
   3.6800000000000002        8.6125515021860718E-003
   3.6840000000000002        8.5787084791742671E-003
   3.6880000000000002        8.5460158947304500E-003
   3.6920000000000002        8.5145381065802814E-003
   3.6960000000000002        8.4843535214931785E-003
   3.7000000000000002        8.4555513963451203E-003
   3.7040000000000002        8.4282263743037759E-003
   3.7080000000000002        8.4024715826921861E-003
   3.7120000000000002        8.3783711464837773E-003
   3.7160000000000002        8.3559928175052575E-003
   3.7200000000000002        8.3353812794510866E-003
   3.7240000000000002        8.3165527596143728E-003
   3.7280000000000002        8.2994916013586547E-003
   3.7320000000000002        8.2841493184750738E-003
   3.7360000000000002        8.2704463449719563E-003
   3.7400000000000002        8.2582762047225377E-003
   3.7440000000000002        8.2475114528445404E-003
   3.7480000000000002        8.2380105865661052E-003
   3.7520000000000002        8.2296252255676054E-003
   3.7560000000000002        8.2222071699420436E-003
   3.7600000000000002        8.2156152592231177E-003
   3.7640000000000002        8.2097219851697614E-003
   3.7680000000000002        8.2044197745776235E-003
   3.7720000000000002        8.1996266049662453E-003
   3.7760000000000002        8.1952903866519735E-003
   3.7800000000000002        8.1913914506209183E-003
   3.7840000000000003        8.1879425317866895E-003
   3.7880000000000003        8.1849858158705973E-003
   3.7920000000000003        8.1825870256166614E-003
   3.7960000000000003        8.1808268478128846E-003
   3.8000000000000003        8.1797903108993906E-003
   3.8040000000000003        8.1795549811716911E-003
   3.8080000000000003        8.1801789104692189E-003
   3.8120000000000003        8.1816892953738597E-003
   3.8160000000000003        8.1840727824336167E-003
   3.8200000000000003        8.1872682968611270E-003
   3.8240000000000003        8.1911631559159672E-003
   3.8280000000000003        8.1955930969348969E-003
   3.8320000000000003        8.2003466090961909E-003
   3.8360000000000003        8.2051736320546010E-003
   3.8400000000000003        8.2097983047939443E-003
   3.8440000000000003        8.2139349686883890E-003
   3.8480000000000003        8.2173061900247708E-003
   3.8520000000000003        8.2196612569298919E-003
   3.8560000000000003        8.2207934519303999E-003
   3.8600000000000003        8.2205544772824858E-003
   3.8640000000000003        8.2188646571375694E-003
   3.8680000000000003        8.2157179808753748E-003
   3.8720000000000003        8.2111815063024719E-003
   3.8760000000000003        8.2053891883477423E-003
   3.8800000000000003        8.1985307293720687E-003
   3.8840000000000003        8.1908365059990690E-003
   3.8880000000000003        8.1825600380139776E-003
   3.8920000000000003        8.1739596632360943E-003
   3.8960000000000004        8.1652810181859006E-003
   3.9000000000000004        8.1567415813798456E-003
