  -6.1620101  -6.7429873   0.5809773
  -6.1620099  -6.6882592   0.5262493
  -6.1620096  -6.6050667   0.4430571
  -6.1620092  -6.5062630   0.3442537
  -6.1620088  -6.4097806   0.2477719
  -6.1620084  -6.3348184   0.1728099
  -6.1620083  -6.2950174   0.1330091
  -6.1620086  -6.2928022   0.1307937
  -6.1620089  -6.3194578   0.1574489
  -6.1620093  -6.3605532   0.1985439
  -6.1620095  -6.4022533   0.2402438
  -6.1620096  -6.4351065   0.2730970
  -6.1620096  -6.4549366   0.2929271
  -6.1620095  -6.4620334   0.3000239
  -6.1620094  -6.4597580   0.2977487
  -6.1620093  -6.4530510   0.2910417
  -6.1620092  -6.4469382   0.2849290
  -6.1620091  -6.4452090   0.2831999
  -6.1620091  -6.4496479   0.2876388
  -6.1620092  -6.4599785   0.2979694
