    0.004671    0.000000
    0.009342    0.000000
    0.014013    0.000000
    0.018684    0.000000
    0.023355    0.000000
    0.028026    0.000000
    0.032697    0.000000
    0.037368    0.000000
    0.042039    0.000000
    0.046710    0.000000
    0.051381    0.000000
    0.056052    0.000000
    0.060723    0.000000
    0.065394    0.000000
    0.070065    0.000000
    0.074736    0.000000
    0.079407    0.000000
    0.084078    0.000000
    0.088749    0.000000
    0.093420    0.000000
    0.098091    0.000000
    0.102762    0.000000
    0.107433    0.000000
    0.112104    0.000000
    0.116775    0.000000
    0.121446    0.000000
    0.126117    0.000000
    0.130788    0.000000
    0.135459    0.000000
    0.140130    0.000000
    0.144801    0.000000
    0.149472    0.000000
    0.154143    0.000000
    0.158814    0.000000
    0.163485    0.000000
    0.168156    0.000000
    0.172827    0.000000
    0.177498    0.000000
    0.182169    0.000000
    0.186840    0.000000
    0.191511    0.000000
    0.196182    0.000000
    0.200853    0.000000
    0.205524    0.000000
    0.210195    0.000000
    0.214866    0.000000
    0.219537    0.000000
    0.224208    0.000000
    0.228879    0.000000
    0.233550    0.000000
    0.238221    0.000000
    0.242892    0.000000
    0.247563    0.000000
    0.252234    0.000000
    0.256905    0.000000
    0.261576    0.000000
    0.266247    0.000000
    0.270918    0.000000
    0.275589    0.000000
    0.280260    0.000000
    0.284931    0.000000
    0.289602    0.000000
    0.294273    0.000000
    0.298944    0.000000
    0.303615    0.000000
    0.308286    0.000000
    0.312957    0.000000
    0.317628    0.000000
    0.322299    0.000000
    0.326970    0.000000
    0.331641    0.000000
    0.336312    0.000000
    0.340983    0.000000
    0.345654    0.000000
    0.350325    0.000000
    0.354996    0.000000
    0.359667    0.000000
    0.364338    0.000000
    0.369009    0.000000
    0.373680    0.000000
    0.378351    0.000000
    0.383022    0.000000
    0.387693    0.000000
    0.392364    0.000000
    0.397035    0.000000
    0.401706    0.000000
    0.406377    0.000000
    0.411048    0.000000
    0.415719    0.000000
    0.420390    0.000000
    0.425061    0.000000
    0.429732    0.000000
    0.434403    0.000000
    0.439074    0.000000
    0.443745    0.000000
    0.448416    0.000000
    0.453087    0.000000
    0.457758    0.000000
    0.462429    0.000000
    0.467100    0.000000
    0.471771    0.000000
    0.476442    0.000000
    0.481113    0.000000
    0.485784    0.000000
    0.490455    0.000000
    0.495126    0.000000
    0.499797    0.000000
    0.504468    0.000000
    0.509139    0.000000
    0.513810    0.000000
    0.518481    0.000000
    0.523152    0.000000
    0.527823    0.000000
    0.532494    0.000000
    0.537165    0.000000
    0.541836    0.000000
    0.546507    0.000000
    0.551178    0.000000
    0.555849    0.000000
    0.560520    0.000000
    0.565191    0.000000
    0.569862    0.000000
    0.574533    0.000000
    0.579204    0.000000
    0.583875    0.000000
    0.588546    0.000000
    0.593217    0.000000
    0.597888    0.000000
    0.602559    0.000000
    0.607230    0.000000
    0.611901    0.000000
    0.616572    0.000000
    0.621243    0.000000
    0.625914    0.000000
    0.630585    0.000000
    0.635256    0.000000
    0.639927    0.000000
    0.644598    0.000000
    0.649269    0.000000
    0.653940    0.000000
    0.658611    0.000000
    0.663282    0.000000
    0.667953    0.000000
    0.672624    0.000000
    0.677295    0.000000
    0.681966    0.000000
    0.686637    0.000000
    0.691308    0.000000
    0.695979    0.000000
    0.700650    0.000000
    0.705321    0.000000
    0.709992    0.000000
    0.714663    0.000000
    0.719334    0.000000
    0.724005    0.000000
    0.728676    0.000000
    0.733347    0.000000
    0.738018    0.000000
    0.742689    0.000000
    0.747360    0.000000
    0.752031    0.000000
    0.756702    0.000000
    0.761373    0.000000
    0.766044    0.000000
    0.770715    0.000000
    0.775386    0.000000
    0.780057    0.000000
    0.784728    0.000000
    0.789399    0.000000
    0.794070    0.000000
    0.798741    0.000000
    0.803412    0.000000
    0.808083    0.000000
    0.812754    0.000000
    0.817425    0.000000
    0.822096    0.000000
    0.826767    0.000000
    0.831438    0.000000
    0.836109    0.000000
    0.840780    0.000000
    0.845451    0.000000
    0.850122    0.000000
    0.854793    0.000000
    0.859464    0.000000
    0.864135    0.000000
    0.868806    0.000000
    0.873477    0.000000
    0.878148    0.000000
    0.882819    0.000000
    0.887490    0.000000
    0.892161    0.000000
    0.896832    0.000000
    0.901503    0.000000
    0.906174    0.000000
    0.910845    0.000000
    0.915516    0.000000
    0.920187    0.000000
    0.924858    0.000000
    0.929529    0.000000
    0.934200    0.000000
    0.938871    0.000000
    0.943542    0.000000
    0.948213    0.000000
    0.952884    0.000000
    0.957555    0.000000
    0.962226    0.000000
    0.966897    0.000000
    0.971568    0.000000
    0.976239    0.000000
    0.980910    0.005492
    0.985581    0.003984
    0.990252    0.002732
    0.994923    0.015639
    0.999594    0.041341
    1.004265    0.069295
    1.008936    0.084521
    1.013607    0.134308
    1.018278    0.262210
    1.022949    0.453211
    1.027620    0.807915
    1.032291    1.112682
    1.036962    1.613910
    1.041633    2.094324
    1.046304    2.741857
    1.050975    3.292043
    1.055646    3.953892
    1.060317    4.887248
    1.064988    5.477255
    1.069659    6.367727
    1.074330    6.992790
    1.079001    7.928562
    1.083672    8.156080
    1.088343    8.174818
    1.093014    8.143162
    1.097685    8.035770
    1.102356    7.677808
    1.107027    7.290849
    1.111698    6.972319
    1.116369    6.680472
    1.121040    6.156642
    1.125711    5.761542
    1.130382    4.954119
    1.135053    4.617127
    1.139724    4.126311
    1.144395    3.584121
    1.149066    3.088078
    1.153737    2.653835
    1.158408    2.329644
    1.163079    2.084236
    1.167750    1.714736
    1.172421    1.404489
    1.177092    1.219805
    1.181763    0.967911
    1.186434    0.766308
    1.191105    0.665042
    1.195776    0.555285
    1.200447    0.525252
    1.205118    0.391070
    1.209789    0.302675
    1.214460    0.268358
    1.219131    0.157940
    1.223802    0.121603
    1.228473    0.124527
    1.233144    0.085653
    1.237815    0.066500
    1.242486    0.074053
    1.247157    0.046798
    1.251828    0.054809
    1.256499    0.040872
    1.261170    0.025596
    1.265841    0.027173
    1.270512    0.010374
    1.275183    0.013045
    1.279854    0.009814
    1.284525    0.007623
    1.289196    0.000000
    1.293867    0.000000
    1.298538    0.000000
    1.303209    0.000000
    1.307880    0.000000
    1.312551    0.000000
    1.317222    0.000000
    1.321893    0.000000
    1.326564    0.000000
    1.331235    0.000000
    1.335906    0.000000
    1.340577    0.000000
    1.345248    0.000000
    1.349919    0.000000
    1.354590    0.000000
    1.359261    0.000000
    1.363932    0.000000
    1.368603    0.000000
    1.373274    0.003473
    1.377945    0.017051
    1.382616    0.010746
    1.387287    0.017403
    1.391958    0.010640
    1.396629    0.028160
    1.401300    0.024068
    1.405971    0.023080
    1.410642    0.041517
    1.415313    0.036413
    1.419984    0.042818
    1.424655    0.027613
    1.429326    0.050894
    1.433997    0.064642
    1.438668    0.087992
    1.443339    0.104323
    1.448010    0.132261
    1.452681    0.175322
    1.457352    0.213273
    1.462023    0.220025
    1.466694    0.224992
    1.471365    0.260695
    1.476036    0.337585
    1.480707    0.413501
    1.485378    0.533289
    1.490049    0.601889
    1.494720    0.690943
    1.499391    0.861873
    1.504062    0.853041
    1.508733    0.886709
    1.513404    0.955886
    1.518075    1.014314
    1.522746    1.165605
    1.527417    1.260765
    1.532088    1.297353
    1.536759    1.387270
    1.541430    1.491424
    1.546101    1.460444
    1.550772    1.415203
    1.555443    1.468395
    1.560114    1.419894
    1.564785    1.460550
    1.569456    1.505683
    1.574127    1.452006
    1.578798    1.358537
    1.583469    1.304376
    1.588140    1.207126
    1.592811    1.194218
    1.597482    1.081638
    1.602153    0.959447
    1.606824    0.833641
    1.611495    0.770234
    1.616166    0.733191
    1.620837    0.664916
    1.625508    0.639693
    1.630179    0.547055
    1.634850    0.475485
    1.639521    0.357125
    1.644192    0.321070
    1.648863    0.260013
    1.653534    0.217851
    1.658205    0.170718
    1.662876    0.129413
    1.667547    0.125370
    1.672218    0.128636
    1.676889    0.111272
    1.681560    0.086281
    1.686231    0.059497
    1.690902    0.044670
    1.695573    0.048229
    1.700244    0.035349
    1.704915    0.036103
    1.709586    0.024014
    1.714257    0.015652
    1.718928    0.011260
    1.723599    0.010172
    1.728270    0.014701
    1.732941    0.011797
    1.737612    0.010772
    1.742283    0.005811
    1.746954    0.012560
    1.751625    0.021250
    1.756296    0.021812
    1.760967    0.022945
    1.765638    0.035071
    1.770309    0.043080
    1.774980    0.061634
    1.779651    0.093270
    1.784322    0.118591
    1.788993    0.154250
    1.793664    0.206054
    1.798335    0.251059
    1.803006    0.286964
    1.807677    0.374699
    1.812348    0.487450
    1.817019    0.594529
    1.821690    0.731746
    1.826361    0.892188
    1.831032    1.002301
    1.835703    1.214980
    1.840374    1.446366
    1.845045    1.724216
    1.849716    1.945450
    1.854387    2.240253
    1.859058    2.503561
    1.863729    2.762639
    1.868400    3.004282
    1.873071    3.270954
    1.877742    3.491477
    1.882413    3.734243
    1.887084    3.961294
    1.891755    4.135169
    1.896426    4.117679
    1.901097    4.282788
    1.905768    4.242311
    1.910439    4.200343
    1.915110    4.123586
    1.919781    3.968202
    1.924452    4.046711
    1.929123    3.885144
    1.933794    3.499014
    1.938465    3.338433
    1.943136    3.120553
    1.947807    2.784802
    1.952478    2.540158
    1.957149    2.378802
    1.961820    2.101240
    1.966491    1.853674
    1.971162    1.596302
    1.975833    1.419907
    1.980504    1.211779
    1.985175    1.077452
    1.989846    0.936552
    1.994517    0.769961
    1.999188    0.631172
    2.003859    0.541822
    2.008530    0.452631
    2.013201    0.380200
    2.017872    0.327463
    2.022543    0.248462
    2.027214    0.182138
    2.031885    0.169386
    2.036556    0.133474
    2.041227    0.111125
    2.045898    0.083679
    2.050569    0.061863
    2.055240    0.050182
    2.059911    0.055760
    2.064582    0.043216
    2.069253    0.041752
    2.073924    0.043537
    2.078595    0.050663
    2.083266    0.050264
    2.087937    0.060761
    2.092608    0.083078
    2.097279    0.121423
    2.101950    0.138303
    2.106621    0.162746
    2.111292    0.224540
    2.115963    0.250662
    2.120634    0.305962
    2.125305    0.356407
    2.129976    0.464794
    2.134647    0.561563
    2.139318    0.645662
    2.143989    0.706516
    2.148660    0.832369
    2.153331    0.934347
    2.158002    1.029730
    2.162673    1.166340
    2.167344    1.261391
    2.172015    1.378428
    2.176686    1.452648
    2.181357    1.512128
    2.186028    1.473449
    2.190699    1.530989
    2.195370    1.547892
    2.200041    1.558456
    2.204712    1.603874
    2.209383    1.587433
    2.214054    1.487746
    2.218725    1.440153
    2.223396    1.392419
    2.228067    1.376602
    2.232738    1.247766
    2.237409    1.137715
    2.242080    1.046677
    2.246751    0.928637
    2.251422    0.815501
    2.256093    0.787606
    2.260764    0.734684
    2.265435    0.618512
    2.270106    0.575040
    2.274777    0.491617
    2.279448    0.430316
    2.284119    0.352578
    2.288790    0.307069
    2.293461    0.310432
    2.298132    0.271446
    2.302803    0.207047
    2.307474    0.168902
    2.312145    0.158892
    2.316816    0.135512
    2.321487    0.125176
    2.326158    0.136365
    2.330829    0.132326
    2.335500    0.137869
    2.340171    0.155965
    2.344842    0.172197
    2.349513    0.195095
    2.354184    0.236717
    2.358855    0.321107
    2.363526    0.361234
    2.368197    0.419025
    2.372868    0.468348
    2.377539    0.577347
    2.382210    0.667520
    2.386881    0.763477
    2.391552    0.865420
    2.396223    0.968832
    2.400894    1.073809
    2.405565    1.237526
    2.410236    1.368477
    2.414907    1.492777
    2.419578    1.639310
    2.424249    1.758248
    2.428920    1.836558
    2.433591    1.969375
    2.438262    2.078339
    2.442933    2.168447
    2.447604    2.160552
    2.452275    2.251129
    2.456946    2.379274
    2.461617    2.417492
    2.466288    2.339943
    2.470959    2.225053
    2.475630    2.197125
    2.480301    2.171266
    2.484972    2.092903
    2.489643    2.003021
    2.494314    1.886809
    2.498985    1.821077
    2.503656    1.734926
    2.508327    1.593283
    2.512998    1.423323
    2.517669    1.323267
    2.522340    1.160583
    2.527011    1.038777
    2.531682    0.963347
    2.536353    0.848516
    2.541024    0.721161
    2.545695    0.642936
    2.550366    0.538412
    2.555037    0.480604
    2.559708    0.397485
    2.564379    0.308833
    2.569050    0.274738
    2.573721    0.245033
    2.578392    0.208881
    2.583063    0.197719
    2.587734    0.188837
    2.592405    0.160437
    2.597076    0.156793
    2.601747    0.149073
    2.606418    0.166769
    2.611089    0.178553
    2.615760    0.213736
    2.620431    0.220117
    2.625102    0.246768
    2.629773    0.291717
    2.634444    0.305718
    2.639115    0.333372
    2.643786    0.364012
    2.648457    0.412780
    2.653128    0.462503
    2.657799    0.482404
    2.662470    0.508831
    2.667141    0.553671
    2.671812    0.567564
    2.676483    0.613325
    2.681154    0.618241
    2.685825    0.646044
    2.690496    0.665827
    2.695167    0.664279
    2.699838    0.670273
    2.704509    0.626312
    2.709180    0.623262
    2.713851    0.586122
    2.718522    0.590173
    2.723193    0.593780
    2.727864    0.586987
    2.732535    0.511848
    2.737206    0.494507
    2.741877    0.476023
    2.746548    0.412287
    2.751219    0.379560
    2.755890    0.356980
    2.760561    0.340049
    2.765232    0.303773
    2.769903    0.263199
    2.774574    0.262401
    2.779245    0.265923
    2.783916    0.247736
    2.788587    0.262680
    2.793258    0.287949
    2.797929    0.307068
    2.802600    0.354049
    2.807271    0.401292
    2.811942    0.445669
    2.816613    0.510351
    2.821284    0.613118
    2.825955    0.748335
    2.830626    0.889428
    2.835297    0.975278
    2.839968    1.134494
    2.844639    1.291666
    2.849310    1.434097
    2.853981    1.633905
    2.858652    1.865125
    2.863323    2.062511
    2.867994    2.229493
    2.872665    2.422742
    2.877336    2.660485
    2.882007    2.714879
    2.886678    2.880448
    2.891349    2.958228
    2.896020    3.176547
    2.900691    3.332083
    2.905362    3.378205
    2.910033    3.426861
    2.914704    3.472595
    2.919375    3.399681
    2.924046    3.341386
    2.928717    3.286995
    2.933388    3.156695
    2.938059    2.997306
    2.942730    2.882917
    2.947401    2.714174
    2.952072    2.459474
    2.956743    2.273302
    2.961414    2.092687
    2.966085    1.909348
    2.970756    1.744120
    2.975427    1.584189
    2.980098    1.444417
    2.984769    1.245929
    2.989440    1.067346
    2.994111    0.983976
    2.998782    0.857437
    3.003453    0.735591
    3.008124    0.637650
    3.012795    0.571152
    3.017466    0.456458
    3.022137    0.408729
    3.026808    0.362592
    3.031479    0.325784
    3.036150    0.299527
    3.040821    0.268979
    3.045492    0.262232
    3.050163    0.253502
    3.054834    0.255471
    3.059505    0.266507
    3.064176    0.256626
    3.068847    0.283940
    3.073518    0.276562
    3.078189    0.283908
    3.082860    0.281944
    3.087531    0.324392
    3.092202    0.355101
    3.096873    0.348474
    3.101544    0.363766
    3.106215    0.355028
    3.110886    0.364184
    3.115557    0.368107
    3.120228    0.348200
    3.124899    0.335903
    3.129570    0.352591
    3.134241    0.333411
    3.138912    0.324699
    3.143583    0.341396
    3.148254    0.320237
    3.152925    0.312940
    3.157596    0.282932
    3.162267    0.278248
    3.166938    0.270994
    3.171609    0.262087
    3.176280    0.246422
    3.180951    0.259064
    3.185622    0.248544
    3.190293    0.254003
    3.194964    0.272794
    3.199635    0.318235
    3.204306    0.363432
    3.208977    0.408285
    3.213648    0.470301
    3.218319    0.529255
    3.222990    0.564148
    3.227661    0.641246
    3.232332    0.752688
    3.237003    0.864053
    3.241674    0.983974
    3.246345    1.098187
    3.251016    1.171312
    3.255687    1.245172
    3.260358    1.365263
    3.265029    1.437620
    3.269700    1.550375
    3.274371    1.646917
    3.279042    1.746088
    3.283713    1.761010
    3.288384    1.787637
    3.293055    1.820682
    3.297726    1.927699
    3.302397    1.937134
    3.307068    1.934381
    3.311739    1.961182
    3.316410    1.895192
    3.321081    1.831434
    3.325752    1.745949
    3.330423    1.637033
    3.335094    1.587679
    3.339765    1.510095
    3.344436    1.460612
    3.349107    1.313957
    3.353778    1.264880
    3.358449    1.182873
    3.363120    1.096257
    3.367791    0.974765
    3.372462    0.953064
    3.377133    0.889328
    3.381804    0.800436
    3.386475    0.738457
    3.391146    0.681755
    3.395817    0.643124
    3.400488    0.644558
    3.405159    0.621281
    3.409830    0.627774
    3.414501    0.649486
    3.419172    0.685732
    3.423843    0.713995
    3.428514    0.787316
    3.433185    0.815516
    3.437856    0.824920
    3.442527    0.856671
    3.447198    0.911598
    3.451869    0.978341
    3.456540    1.027827
    3.461211    1.074967
    3.465882    1.137649
    3.470553    1.136239
    3.475224    1.196409
    3.479895    1.189315
    3.484566    1.219976
    3.489237    1.201753
    3.493908    1.150858
    3.498579    1.152627
    3.503250    1.097729
    3.507921    1.056879
    3.512592    0.990339
    3.517263    0.953322
    3.521934    0.869287
    3.526605    0.831936
    3.531276    0.797476
    3.535947    0.750112
    3.540618    0.670969
    3.545289    0.632720
    3.549960    0.619351
    3.554631    0.593279
    3.559302    0.578745
    3.563973    0.553873
    3.568644    0.553838
    3.573315    0.547932
    3.577986    0.585710
    3.582657    0.578055
    3.587328    0.582247
    3.591999    0.618864
    3.596670    0.668049
    3.601341    0.701294
    3.606012    0.748754
    3.610683    0.810403
    3.615354    0.838797
    3.620025    0.863384
    3.624696    0.910711
    3.629367    0.985501
    3.634038    1.010601
    3.638709    1.069871
    3.643380    1.070964
    3.648051    1.085902
    3.652722    1.079021
    3.657393    1.079938
    3.662064    1.077357
    3.666735    1.067141
    3.671406    1.022954
    3.676077    0.950856
    3.680748    0.913417
    3.685419    0.891951
    3.690090    0.861048
    3.694761    0.812628
    3.699432    0.745992
    3.704103    0.732422
    3.708774    0.669039
    3.713445    0.667125
    3.718116    0.630994
    3.722787    0.600595
    3.727458    0.589079
    3.732129    0.569501
    3.736800    0.577934
    3.741471    0.571723
    3.746142    0.578879
    3.750813    0.635462
    3.755484    0.632727
    3.760155    0.642536
    3.764826    0.688344
    3.769497    0.727019
    3.774168    0.752443
    3.778839    0.795080
    3.783510    0.865767
    3.788181    0.870117
    3.792852    0.894319
    3.797523    0.943885
    3.802194    0.984200
    3.806865    0.991149
    3.811536    0.990832
    3.816207    1.004808
    3.820878    1.001012
    3.825549    0.984883
    3.830220    0.976400
    3.834891    0.946375
    3.839562    0.945250
    3.844233    0.931311
    3.848904    0.921761
    3.853575    0.912762
    3.858246    0.886344
    3.862917    0.904841
    3.867588    0.917997
    3.872259    0.923631
    3.876930    0.969894
    3.881601    1.012652
    3.886272    1.048100
    3.890943    1.095189
    3.895614    1.182995
    3.900285    1.250001
    3.904956    1.362235
    3.909627    1.473867
    3.914298    1.593410
    3.918969    1.686923
    3.923640    1.806900
    3.928311    1.965012
    3.932982    2.108568
    3.937653    2.236096
    3.942324    2.352552
    3.946995    2.452368
    3.951666    2.512734
    3.956337    2.584438
    3.961008    2.662012
    3.965679    2.673326
    3.970350    2.724254
    3.975021    2.693074
    3.979692    2.672893
    3.984363    2.574467
    3.989034    2.534105
    3.993705    2.462735
    3.998376    2.348363
    4.003047    2.239951
    4.007718    2.088254
    4.012389    1.888390
    4.017060    1.768787
    4.021731    1.594606
    4.026402    1.461096
    4.031073    1.340998
    4.035744    1.177760
    4.040415    1.065178
    4.045086    0.920066
    4.049757    0.827260
    4.054428    0.721165
    4.059099    0.599596
    4.063770    0.530732
    4.068441    0.453325
    4.073112    0.366034
    4.077783    0.302914
    4.082454    0.248682
    4.087125    0.215308
    4.091796    0.178920
    4.096467    0.142148
    4.101138    0.103720
    4.105809    0.098442
    4.110480    0.078467
    4.115151    0.067793
    4.119822    0.058321
    4.124493    0.062783
    4.129164    0.057464
    4.133835    0.070021
    4.138506    0.079458
    4.143177    0.089971
    4.147848    0.111680
    4.152519    0.134392
    4.157190    0.168336
    4.161861    0.192386
    4.166532    0.239064
    4.171203    0.284368
    4.175874    0.353452
    4.180545    0.407241
    4.185216    0.475227
    4.189887    0.528338
    4.194558    0.595645
    4.199229    0.670071
    4.203900    0.747269
    4.208571    0.808532
    4.213242    0.895984
    4.217913    0.989237
    4.222584    1.086622
    4.227255    1.163340
    4.231926    1.243611
    4.236597    1.350371
    4.241268    1.389076
    4.245939    1.437028
    4.250610    1.479254
    4.255281    1.503918
    4.259952    1.523818
    4.264623    1.547827
    4.269294    1.517034
    4.273965    1.515334
    4.278636    1.492159
    4.283307    1.462367
    4.287978    1.449310
    4.292649    1.401376
    4.297320    1.335592
    4.301991    1.221751
    4.306662    1.192260
    4.311333    1.094067
    4.316004    1.038820
    4.320675    0.983072
    4.325346    0.880105
    4.330017    0.818202
    4.334688    0.755803
    4.339359    0.697465
    4.344030    0.652218
    4.348701    0.615480
    4.353372    0.572976
    4.358043    0.529182
    4.362714    0.525711
    4.367385    0.487589
    4.372056    0.485628
    4.376727    0.475380
    4.381398    0.462460
    4.386069    0.453212
    4.390740    0.452804
    4.395411    0.453514
    4.400082    0.438451
    4.404753    0.427026
    4.409424    0.431539
    4.414095    0.421489
    4.418766    0.418181
    4.423437    0.441354
    4.428108    0.449612
    4.432779    0.459824
    4.437450    0.496696
    4.442121    0.514507
    4.446792    0.526059
    4.451463    0.540141
    4.456134    0.571633
    4.460805    0.614961
    4.465476    0.656132
    4.470147    0.683020
    4.474818    0.733353
    4.479489    0.769561
    4.484160    0.835862
    4.488831    0.893326
    4.493502    0.950771
    4.498173    0.992181
    4.502844    1.069269
    4.507515    1.128493
    4.512186    1.202282
    4.516857    1.280696
    4.521528    1.322068
    4.526199    1.360405
    4.530870    1.412194
    4.535541    1.408180
    4.540212    1.395712
    4.544883    1.370419
    4.549554    1.396545
    4.554225    1.406758
    4.558896    1.364496
    4.563567    1.321167
    4.568238    1.299450
    4.572909    1.277015
    4.577580    1.200371
    4.582251    1.165605
    4.586922    1.140069
    4.591593    1.075120
    4.596264    1.022768
    4.600935    0.979042
    4.605606    0.954103
    4.610277    0.921177
    4.614948    0.888938
    4.619619    0.874234
    4.624290    0.865003
    4.628961    0.867409
    4.633632    0.869554
    4.638303    0.861891
    4.642974    0.884622
    4.647645    0.917074
    4.652316    0.895110
    4.656987    0.914613
    4.661658    0.920463
    4.666329    0.919903
    4.671000    0.933357
