   4.0000000000000001E-003   6.6257185390794233E-006
   8.0000000000000002E-003   2.7536780819503511E-005
   1.2000000000000000E-002   6.4128092551906860E-005
   1.6000000000000000E-002   1.1753967269382684E-004
   2.0000000000000000E-002   1.8861281345831045E-004
   2.4000000000000000E-002   2.7786307650967153E-004
   2.8000000000000001E-002   3.8546858156996696E-004
   3.2000000000000001E-002   5.1127182572048623E-004
   3.6000000000000004E-002   6.5479323938090212E-004
   4.0000000000000001E-002   8.1525475123644985E-004
   4.4000000000000004E-002   9.9161172848105032E-004
   4.8000000000000001E-002   1.1825917153805081E-003
   5.2000000000000005E-002   1.3867383706620327E-003
   5.6000000000000001E-002   1.6024589363440511E-003
   6.0000000000000005E-002   1.8280734437976455E-003
   6.4000000000000001E-002   2.0618637370139327E-003
   6.8000000000000005E-002   2.3021203698624041E-003
   7.2000000000000008E-002   2.5471855653490766E-003
   7.5999999999999998E-002   2.7954907207568646E-003
   8.0000000000000002E-002   3.0455874012398584E-003
   8.4000000000000005E-002   3.2961712389520570E-003
   8.8000000000000009E-002   3.5460986208045052E-003
   9.1999999999999998E-002   3.7943963595839124E-003
   9.6000000000000002E-002   4.0402647350173699E-003
  0.10000000000000001        4.2830743758343268E-003
