    0.004671    0.000000
    0.009342    0.000000
    0.014013    0.000000
    0.018684    0.000000
    0.023355    0.000000
    0.028026    0.000000
    0.032697    0.000000
    0.037368    0.000000
    0.042039    0.000000
    0.046710    0.000000
    0.051381    0.000000
    0.056052    0.000000
    0.060723    0.000000
    0.065394    0.000000
    0.070065    0.000000
    0.074736    0.000000
    0.079407    0.000000
    0.084078    0.000000
    0.088749    0.000000
    0.093420    0.000000
    0.098091    0.000000
    0.102762    0.000000
    0.107433    0.000000
    0.112104    0.000000
    0.116775    0.000000
    0.121446    0.000000
    0.126117    0.000000
    0.130788    0.000000
    0.135459    0.000000
    0.140130    0.000000
    0.144801    0.000000
    0.149472    0.000000
    0.154143    0.000000
    0.158814    0.000000
    0.163485    0.000000
    0.168156    0.000000
    0.172827    0.000000
    0.177498    0.000000
    0.182169    0.000000
    0.186840    0.000000
    0.191511    0.000000
    0.196182    0.000000
    0.200853    0.000000
    0.205524    0.000000
    0.210195    0.000000
    0.214866    0.000000
    0.219537    0.000000
    0.224208    0.000000
    0.228879    0.000000
    0.233550    0.000000
    0.238221    0.000000
    0.242892    0.000000
    0.247563    0.000000
    0.252234    0.000000
    0.256905    0.000000
    0.261576    0.000000
    0.266247    0.000000
    0.270918    0.000000
    0.275589    0.000000
    0.280260    0.000000
    0.284931    0.000000
    0.289602    0.000000
    0.294273    0.000000
    0.298944    0.000000
    0.303615    0.000000
    0.308286    0.000000
    0.312957    0.000000
    0.317628    0.000000
    0.322299    0.000000
    0.326970    0.000000
    0.331641    0.000000
    0.336312    0.000000
    0.340983    0.000000
    0.345654    0.000000
    0.350325    0.000000
    0.354996    0.000000
    0.359667    0.000000
    0.364338    0.000000
    0.369009    0.000000
    0.373680    0.000000
    0.378351    0.000000
    0.383022    0.000000
    0.387693    0.000000
    0.392364    0.000000
    0.397035    0.000000
    0.401706    0.000000
    0.406377    0.000000
    0.411048    0.000000
    0.415719    0.000000
    0.420390    0.000000
    0.425061    0.000000
    0.429732    0.000000
    0.434403    0.000000
    0.439074    0.000000
    0.443745    0.000000
    0.448416    0.000000
    0.453087    0.000000
    0.457758    0.000000
    0.462429    0.000000
    0.467100    0.000000
    0.471771    0.000000
    0.476442    0.000000
    0.481113    0.000000
    0.485784    0.000000
    0.490455    0.000000
    0.495126    0.000000
    0.499797    0.000000
    0.504468    0.000000
    0.509139    0.000000
    0.513810    0.000000
    0.518481    0.000000
    0.523152    0.000000
    0.527823    0.000000
    0.532494    0.000000
    0.537165    0.000000
    0.541836    0.000000
    0.546507    0.000000
    0.551178    0.000000
    0.555849    0.000000
    0.560520    0.000000
    0.565191    0.000000
    0.569862    0.000000
    0.574533    0.000000
    0.579204    0.000000
    0.583875    0.000000
    0.588546    0.000000
    0.593217    0.000000
    0.597888    0.000000
    0.602559    0.000000
    0.607230    0.000000
    0.611901    0.000000
    0.616572    0.000000
    0.621243    0.000000
    0.625914    0.000000
    0.630585    0.000000
    0.635256    0.000000
    0.639927    0.000000
    0.644598    0.000000
    0.649269    0.000000
    0.653940    0.000000
    0.658611    0.000000
    0.663282    0.000000
    0.667953    0.000000
    0.672624    0.000000
    0.677295    0.000000
    0.681966    0.000000
    0.686637    0.000000
    0.691308    0.000000
    0.695979    0.000000
    0.700650    0.000000
    0.705321    0.000000
    0.709992    0.000000
    0.714663    0.000000
    0.719334    0.000000
    0.724005    0.000000
    0.728676    0.000000
    0.733347    0.000000
    0.738018    0.000000
    0.742689    0.000000
    0.747360    0.000000
    0.752031    0.000000
    0.756702    0.000000
    0.761373    0.000000
    0.766044    0.000000
    0.770715    0.000000
    0.775386    0.000000
    0.780057    0.000000
    0.784728    0.000000
    0.789399    0.000000
    0.794070    0.000000
    0.798741    0.000000
    0.803412    0.000000
    0.808083    0.000000
    0.812754    0.000000
    0.817425    0.000000
    0.822096    0.000000
    0.826767    0.000000
    0.831438    0.000000
    0.836109    0.000000
    0.840780    0.000000
    0.845451    0.000000
    0.850122    0.000000
    0.854793    0.000000
    0.859464    0.000000
    0.864135    0.000000
    0.868806    0.000000
    0.873477    0.000000
    0.878148    0.000000
    0.882819    0.000000
    0.887490    0.000000
    0.892161    0.000000
    0.896832    0.000000
    0.901503    0.000000
    0.906174    0.000000
    0.910845    0.000000
    0.915516    0.000000
    0.920187    0.000000
    0.924858    0.000000
    0.929529    0.000000
    0.934200    0.000000
    0.938871    0.000000
    0.943542    0.000000
    0.948213    0.000000
    0.952884    0.000000
    0.957555    0.000000
    0.962226    0.000000
    0.966897    0.000000
    0.971568    0.000000
    0.976239    0.000000
    0.980910    0.000329
    0.985581    0.000569
    0.990252    0.000736
    0.994923    0.001699
    0.999594    0.004269
    1.004265    0.008616
    1.008936    0.013968
    1.013607    0.022551
    1.018278    0.039463
    1.022949    0.068963
    1.027620    0.122032
    1.032291    0.195787
    1.036962    0.303736
    1.041633    0.445083
    1.046304    0.631796
    1.050975    0.857981
    1.055646    1.132060
    1.060317    1.473843
    1.064988    1.860269
    1.069659    2.313468
    1.074330    2.815509
    1.079001    3.389694
    1.083672    3.985481
    1.088343    4.587796
    1.093014    5.192940
    1.097685    5.795218
    1.102356    6.375574
    1.107027    6.931361
    1.111698    7.467361
    1.116369    7.985250
    1.121040    8.466532
    1.125711    8.920690
    1.130382    9.314449
    1.135053    9.684463
    1.139724   10.017870
    1.144395   10.309847
    1.149066   10.563472
    1.153737   10.783208
    1.158408   10.977667
    1.163079   11.153046
    1.167750   11.298495
    1.172421   11.418583
    1.177092   11.523713
    1.181763   11.607796
    1.186434   11.674894
    1.191105   11.733583
    1.195776   11.782972
    1.200447   11.830056
    1.205118   11.865384
    1.209789   11.892940
    1.214460   11.917560
    1.219131   11.932162
    1.223802   11.943491
    1.228473   11.955181
    1.233144   11.963282
    1.237815   11.969620
    1.242486   11.976731
    1.247157   11.981259
    1.251828   11.986602
    1.256499   11.990616
    1.261170   11.993148
    1.265841   11.995856
    1.270512   11.996898
    1.275183   11.998218
    1.279854   11.999218
    1.284525   12.000000
    1.289196   12.000000
    1.293867   12.000000
    1.298538   12.000000
    1.303209   12.000000
    1.307880   12.000000
    1.312551   12.000000
    1.317222   12.000000
    1.321893   12.000000
    1.326564   12.000000
    1.331235   12.000000
    1.335906   12.000000
    1.340577   12.000000
    1.345248   12.000000
    1.349919   12.000000
    1.354590   12.000000
    1.359261   12.000000
    1.363932   12.000000
    1.368603   12.000000
    1.373274   12.000407
    1.377945   12.002421
    1.382616   12.003699
    1.387287   12.005782
    1.391958   12.007065
    1.396629   12.010481
    1.401300   12.013421
    1.405971   12.016259
    1.410642   12.021398
    1.415313   12.025935
    1.419984   12.031306
    1.424655   12.034792
    1.429326   12.041259
    1.433997   12.049528
    1.438668   12.060856
    1.443339   12.074375
    1.448010   12.091625
    1.452681   12.114639
    1.457352   12.142815
    1.462023   12.172069
    1.466694   12.202176
    1.471365   12.237282
    1.476036   12.283032
    1.480707   12.339426
    1.485378   12.412616
    1.490049   12.495741
    1.494720   12.591764
    1.499391   12.712292
    1.504062   12.832329
    1.508733   12.957880
    1.513404   13.094065
    1.518075   13.239468
    1.522746   13.407588
    1.527417   13.590551
    1.532088   13.779977
    1.536759   13.983769
    1.541430   14.204194
    1.546101   14.421352
    1.550772   14.633056
    1.555443   14.854042
    1.560114   15.069014
    1.564785   15.291468
    1.569456   15.522167
    1.574127   15.745968
    1.578798   15.956606
    1.583469   16.160046
    1.588140   16.349431
    1.592811   16.537894
    1.597482   16.709593
    1.602153   16.862787
    1.606824   16.996671
    1.611495   17.121093
    1.616166   17.240218
    1.620837   17.348875
    1.625508   17.454014
    1.630179   17.544444
    1.634850   17.623495
    1.639521   17.683208
    1.644192   17.737199
    1.648863   17.781171
    1.653534   17.818222
    1.658205   17.847421
    1.662876   17.869681
    1.667547   17.891366
    1.672218   17.913741
    1.676889   17.933204
    1.681560   17.948380
    1.686231   17.958903
    1.690902   17.966847
    1.695573   17.975472
    1.700244   17.981829
    1.704915   17.988356
    1.709586   17.992722
    1.714257   17.995583
    1.718928   17.997653
    1.723599   17.999532
    1.728270   18.002264
    1.732941   18.004468
    1.737612   18.006491
    1.742283   18.007588
    1.746954   18.009972
    1.751625   18.014028
    1.756296   18.018213
    1.760967   18.022639
    1.765638   18.029440
    1.770309   18.037838
    1.774980   18.049917
    1.779651   18.068292
    1.784322   18.091778
    1.788993   18.122486
    1.793664   18.163722
    1.798335   18.214227
    1.803006   18.272255
    1.807677   18.348417
    1.812348   18.448009
    1.817019   18.570106
    1.821690   18.721157
    1.826361   18.906273
    1.831032   19.115301
    1.835703   19.369977
    1.840374   19.674699
    1.845045   20.039806
    1.849716   20.453847
    1.854387   20.933042
    1.859058   21.471259
    1.863729   22.068162
    1.868400   22.720532
    1.873071   23.434366
    1.877742   24.200130
    1.882413   25.023218
    1.887084   25.900690
    1.891755   26.821218
    1.896426   27.742384
    1.901097   28.705213
    1.905768   29.663634
    1.910439   30.617231
    1.915110   31.557986
    1.919781   32.467713
    1.924452   33.399958
    1.929123   34.299333
    1.933794   35.113250
    1.938465   35.893569
    1.943136   36.626481
    1.947807   37.283685
    1.952478   37.886032
    1.957149   38.452819
    1.961820   38.955866
    1.966491   39.401759
    1.971162   39.787569
    1.975833   40.132375
    1.980504   40.428032
    1.985175   40.692157
    1.989846   40.922824
    1.994517   41.113352
    1.999188   41.270269
    2.003859   41.405602
    2.008530   41.519185
    2.013201   41.615037
    2.017872   41.697977
    2.022543   41.761199
    2.027214   41.807759
    2.031885   41.851259
    2.036556   41.885694
    2.041227   41.914495
    2.045898   41.936282
    2.050569   41.952463
    2.055240   41.965648
    2.059911   41.980366
    2.064582   41.991824
    2.069253   42.002944
    2.073924   42.014593
    2.078595   42.028208
    2.083266   42.041778
    2.087937   42.058255
    2.092608   42.080884
    2.097279   42.114106
    2.101950   42.152116
    2.106621   42.197042
    2.111292   42.259301
    2.115963   42.329111
    2.120634   42.414699
    2.125305   42.514838
    2.129976   42.646005
    2.134647   42.805176
    2.139318   42.988986
    2.143989   43.191000
    2.148660   43.430037
    2.153331   43.699528
    2.158002   43.997819
    2.162673   44.337148
    2.167344   44.705718
    2.172015   45.110222
    2.176686   45.538343
    2.181357   45.985907
    2.186028   46.423894
    2.190699   46.880931
    2.195370   47.344986
    2.200041   47.814199
    2.204712   48.299139
    2.209383   48.781144
    2.214054   49.234792
    2.218725   49.675782
    2.223396   50.103954
    2.228067   50.529042
    2.232738   50.915963
    2.237409   51.270236
    2.242080   51.597523
    2.246751   51.889111
    2.251422   52.146241
    2.256093   52.395606
    2.260764   52.629181
    2.265435   52.826634
    2.270106   53.010968
    2.274777   53.169208
    2.279448   53.308287
    2.284119   53.422708
    2.288790   53.522769
    2.293461   53.624338
    2.298132   53.713514
    2.302803   53.781810
    2.307474   53.837750
    2.312145   53.890588
    2.316816   53.935833
    2.321487   53.977796
    2.326158   54.023694
    2.330829   54.068412
    2.335500   54.115190
    2.340171   54.168319
    2.344842   54.227213
    2.349513   54.294204
    2.354184   54.375810
    2.358855   54.486949
    2.363526   54.612472
    2.368197   54.758653
    2.372868   54.922685
    2.377539   55.125690
    2.382210   55.361324
    2.386881   55.631889
    2.391552   55.939782
    2.396223   56.285815
    2.400894   56.670838
    2.405565   57.116292
    2.410236   57.610796
    2.414907   58.152310
    2.419578   58.749282
    2.424249   59.392042
    2.428920   60.066019
    2.433591   60.791519
    2.438262   61.560102
    2.442933   62.365083
    2.447604   63.170204
    2.452275   64.012282
    2.456946   64.905690
    2.461617   65.816903
    2.466288   66.702236
    2.470959   67.547292
    2.475630   68.384898
    2.480301   69.215773
    2.484972   70.019681
    2.489643   70.791958
    2.494314   71.522162
    2.498985   72.229569
    2.503656   72.906032
    2.508327   73.529588
    2.512998   74.088704
    2.517669   74.610449
    2.522340   75.069750
    2.527011   75.482370
    2.531682   75.866444
    2.536353   76.205986
    2.541024   76.495630
    2.545695   76.754806
    2.550366   76.972644
    2.555037   77.167806
    2.559708   77.329806
    2.564379   77.456134
    2.569050   77.568926
    2.573721   77.669889
    2.578392   77.756269
    2.583063   77.838329
    2.587734   77.916986
    2.592405   77.984056
    2.597076   78.049838
    2.601747   78.112606
    2.606418   78.183079
    2.611089   78.258801
    2.615760   78.349769
    2.620431   78.443787
    2.625102   78.549565
    2.629773   78.675056
    2.634444   78.807037
    2.639115   78.951468
    2.643786   79.109731
    2.648457   79.289833
    2.653128   79.492343
    2.657799   79.704310
    2.662470   79.928676
    2.667141   80.173671
    2.671812   80.425694
    2.676483   80.698991
    2.681154   80.975440
    2.685825   81.265329
    2.690496   81.565134
    2.695167   81.865282
    2.699838   82.169190
    2.704509   82.454148
    2.709180   82.738699
    2.713851   83.007218
    2.718522   83.278523
    2.723193   83.552426
    2.727864   83.824125
    2.732535   84.061856
    2.737206   84.292319
    2.741877   84.514926
    2.746548   84.708384
    2.751219   84.887093
    2.755890   85.055741
    2.760561   85.216935
    2.765232   85.361421
    2.769903   85.487032
    2.774574   85.612685
    2.779245   85.740454
    2.783916   85.859884
    2.788587   85.986944
    2.793258   86.126694
    2.797929   86.276222
    2.802600   86.449204
    2.807271   86.645921
    2.811942   86.865120
    2.816613   87.116968
    2.821284   87.420532
    2.825955   87.792273
    2.830626   88.235565
    2.835297   88.723250
    2.839968   89.292421
    2.844639   89.942579
    2.849310   90.666801
    2.853981   91.494634
    2.858652   92.442713
    2.863323   93.494556
    2.867994   94.635269
    2.872665   95.878898
    2.877336   97.249009
    2.882007   98.651676
    2.886678  100.144713
    2.891349  101.683032
    2.896020  103.340222
    2.900691  105.084167
    2.905362  106.857949
    2.910033  108.663069
    2.914704  110.498157
    2.919375  112.300477
    2.924046  114.077565
    2.928717  115.831315
    2.933388  117.520921
    2.938059  119.130329
    2.942730  120.683241
    2.947401  122.149903
    2.952072  123.483148
    2.956743  124.719375
    2.961414  125.860981
    2.966085  126.905861
    2.970756  127.863329
    2.975427  128.735736
    2.980098  129.533671
    2.984769  130.224116
    2.989440  130.817449
    2.994111  131.366148
    2.998782  131.845778
    3.003453  132.258532
    3.008124  132.617444
    3.012795  132.939926
    3.017466  133.198449
    3.022137  133.430657
    3.026808  133.637292
    3.031479  133.823523
    3.036150  133.995273
    3.040821  134.149981
    3.045492  134.301273
    3.050163  134.447977
    3.054834  134.596273
    3.059505  134.751449
    3.064176  134.901329
    3.068847  135.067667
    3.073518  135.230176
    3.078189  135.397509
    3.082860  135.564190
    3.087531  135.756546
    3.092202  135.967750
    3.096873  136.175639
    3.101544  136.393306
    3.106215  136.606384
    3.110886  136.825616
    3.115557  137.047875
    3.120228  137.258745
    3.124899  137.462778
    3.129570  137.677588
    3.134241  137.881319
    3.138912  138.080319
    3.143583  138.290176
    3.148254  138.487611
    3.152925  138.681120
    3.157596  138.856593
    3.162267  139.029671
    3.166938  139.198736
    3.171609  139.362727
    3.176280  139.517370
    3.180951  139.680426
    3.185622  139.837319
    3.190293  139.998130
    3.194964  140.171343
    3.199635  140.374000
    3.204306  140.606116
    3.208977  140.867639
    3.213648  141.169764
    3.218319  141.510750
    3.222990  141.875273
    3.227661  142.290815
    3.232332  142.779986
    3.237003  143.343157
    3.241674  143.986343
    3.246345  144.706255
    3.251016  145.476315
    3.255687  146.297287
    3.260358  147.200023
    3.265029  148.153329
    3.269700  149.184347
    3.274371  150.282699
    3.279042  151.450514
    3.283713  152.631667
    3.288384  153.834093
    3.293055  155.062227
    3.297726  156.366241
    3.302397  157.680352
    3.307068  158.996310
    3.311739  160.334273
    3.316410  161.630866
    3.321081  162.887370
    3.325752  164.088597
    3.330423  165.218056
    3.335094  166.316537
    3.339765  167.364269
    3.344436  168.380505
    3.349107  169.297259
    3.353778  170.182236
    3.358449  171.012144
    3.363120  171.783421
    3.367791  172.471130
    3.372462  173.145394
    3.377133  173.776310
    3.381804  174.345736
    3.386475  174.872523
    3.391146  175.360204
    3.395817  175.821519
    3.400488  176.285134
    3.405159  176.733236
    3.409830  177.187264
    3.414501  177.658282
    3.419172  178.156949
    3.423843  178.677588
    3.428514  179.253259
    3.433185  179.851176
    3.437856  180.457634
    3.442527  181.089148
    3.447198  181.762977
    3.451869  182.488102
    3.456540  183.251968
    3.461211  184.053028
    3.465882  184.903088
    3.470553  185.754384
    3.475224  186.653176
    3.479895  187.549042
    3.484566  188.470472
    3.489237  189.380574
    3.493908  190.254468
    3.498579  191.132046
    3.503250  191.970060
    3.507921  192.779042
    3.512592  193.539111
    3.517263  194.272718
    3.521934  194.943435
    3.526605  195.587037
    3.531276  196.205616
    3.535947  196.788995
    3.540618  197.312204
    3.545289  197.806889
    3.549960  198.292398
    3.554631  198.758694
    3.559302  199.214764
    3.563973  199.652380
    3.568644  200.091116
    3.573315  200.526310
    3.577986  200.992727
    3.582657  201.454250
    3.587328  201.920333
    3.591999  202.417019
    3.596670  202.954574
    3.601341  203.520347
    3.606012  204.125977
    3.610683  204.783171
    3.615354  205.465153
    3.620025  206.168940
    3.624696  206.913222
    3.629367  207.720704
    3.634038  208.550884
    3.638709  209.432014
    3.643380  210.316310
    3.648051  211.215241
    3.652722  212.110764
    3.657393  213.009343
    3.662064  213.908065
    3.666735  214.800537
    3.671406  215.658236
    3.676077  216.457514
    3.680748  217.227273
    3.685419  217.980852
    3.690090  218.710167
    3.694761  219.400213
    3.699432  220.035278
    3.704103  220.660366
    3.708774  221.232801
    3.713445  221.805037
    3.718116  222.347644
    3.722787  222.865407
    3.727458  223.374519
    3.732129  223.867944
    3.736800  224.369931
    3.741471  224.867764
    3.746142  225.373088
    3.750813  225.929190
    3.755484  226.484278
    3.760155  227.049375
    3.764826  227.656264
    3.769497  228.298843
    3.774168  228.965542
    3.778839  229.671764
    3.783510  230.442676
    3.788181  231.219375
    3.792852  232.019648
    3.797523  232.866356
    3.802194  233.751403
    3.806865  234.644889
    3.811536  235.540282
    3.816207  236.450532
    3.820878  237.359565
    3.825549  238.256139
    3.830220  239.147162
    3.834891  240.012894
    3.839562  240.879704
    3.844233  241.735810
    3.848904  242.585199
    3.853575  243.428338
    3.858246  244.249060
    3.862917  245.088940
    3.867588  245.943093
    3.872259  246.804565
    3.876930  247.711370
    3.881601  248.660435
    3.886272  249.645088
    3.890943  250.676454
    3.895614  251.793185
    3.900285  252.976000
    3.904956  254.268106
    3.909627  255.669444
    3.914298  257.188065
    3.918969  258.799648
    3.923640  260.529968
    3.928311  262.416181
    3.932982  264.445009
    3.937653  266.601657
    3.942324  268.876009
    3.946995  271.252481
    3.951666  273.693218
    3.956337  276.209542
    3.961008  278.807519
    3.965679  281.422694
    3.970350  284.093972
    3.975021  286.740894
    3.979692  289.374157
    3.984363  291.916412
    3.989034  294.424681
    3.993705  296.868019
    3.998376  299.203338
    4.003047  301.436056
    4.007718  303.522426
    4.012389  305.413514
    4.017060  307.188954
    4.021731  308.793282
    4.026402  310.266704
    4.031073  311.622153
    4.035744  312.815366
    4.040415  313.897019
    4.045086  314.833477
    4.049757  315.677421
    4.054428  316.414829
    4.059099  317.029343
    4.063770  317.574532
    4.068441  318.041278
    4.073112  318.419014
    4.077783  318.732329
    4.082454  318.990139
    4.087125  319.213861
    4.091796  319.400199
    4.096467  319.548579
    4.101138  319.657093
    4.105809  319.760319
    4.110480  319.842787
    4.115151  319.914199
    4.119822  319.975773
    4.124493  320.042208
    4.129164  320.103153
    4.133835  320.177583
    4.138506  320.262236
    4.143177  320.358306
    4.147848  320.477824
    4.152519  320.621972
    4.157190  320.802935
    4.161861  321.010218
    4.166532  321.268370
    4.171203  321.576134
    4.175874  321.959523
    4.180545  322.402245
    4.185216  322.920032
    4.189887  323.496972
    4.194558  324.148861
    4.199229  324.883838
    4.203900  325.705315
    4.208571  326.596116
    4.213242  327.585458
    4.217913  328.680194
    4.222584  329.885366
    4.227255  331.178481
    4.231926  332.563880
    4.236597  334.071532
    4.241268  335.625819
    4.245939  337.237306
    4.250610  338.899796
    4.255281  340.593722
    4.259952  342.313833
    4.264623  344.064880
    4.269294  345.784852
    4.273965  347.506657
    4.278636  349.205838
    4.283307  350.874731
    4.287978  352.532333
    4.292649  354.138606
    4.297320  355.672810
    4.301991  357.079296
    4.306662  358.454815
    4.311333  359.719787
    4.316004  360.923486
    4.320675  362.065056
    4.325346  363.089269
    4.330017  364.043500
    4.334688  364.926861
    4.339359  365.743796
    4.344030  366.509380
    4.348701  367.233394
    4.353372  367.908856
    4.358043  368.534032
    4.362714  369.156440
    4.367385  369.734949
    4.372056  370.312366
    4.376727  370.878806
    4.381398  371.431028
    4.386069  371.973361
    4.390740  372.516361
    4.395411  373.061370
    4.400082  373.589398
    4.404753  374.104759
    4.409424  374.626671
    4.414095  375.137509
    4.418766  375.645412
    4.423437  376.182593
    4.428108  376.730981
    4.432779  377.293009
    4.437450  377.901384
    4.442121  378.532903
    4.446792  379.179958
    4.451463  379.845731
    4.456134  380.551801
    4.460805  381.312981
    4.465476  382.126824
    4.470147  382.975792
    4.474818  383.889227
    4.479489  384.849764
    4.484160  385.895231
    4.488831  387.014903
    4.493502  388.209056
    4.498173  389.457810
    4.502844  390.806384
    4.507515  392.232606
    4.512186  393.755236
    4.516857  395.380532
    4.521528  397.061806
    4.526199  398.795407
    4.530870  400.598722
    4.535541  402.400620
    4.540212  404.190245
    4.544883  405.951056
    4.549554  407.749125
    4.554225  409.564065
    4.558896  411.328093
    4.563567  413.039606
    4.568238  414.726435
    4.572909  416.387532
    4.577580  417.952125
    4.582251  419.474505
    4.586922  420.966569
    4.591593  422.376500
    4.596264  423.720505
    4.600935  425.009667
    4.605606  426.268542
    4.610277  427.486440
    4.614948  428.664097
    4.619619  429.824620
    4.624290  430.975213
    4.628961  432.131338
    4.633632  433.292662
    4.638303  434.446074
    4.642974  435.632292
    4.647645  436.864500
    4.652316  438.069616
    4.656987  439.303463
    4.661658  440.547694
    4.666329  441.793662
    4.671000  443.060384
