  -4.2102586  -5.5704909   1.3602323
  -4.2102584  -5.5553937   1.3451353
  -4.2102585  -5.5397362   1.3294777
  -4.2102585  -5.5227669   1.3125083
  -4.2102584  -5.5033528   1.2930945
  -4.2102581  -5.4862689   1.2760108
  -4.2102580  -5.4804627   1.2702047
  -4.2102583  -5.4905187   1.2802604
  -4.2102585  -5.5102509   1.2999924
  -4.2102587  -5.5284314   1.3181727
  -4.2102586  -5.5400775   1.3298189
  -4.2102583  -5.5493331   1.3390747
  -4.2102584  -5.5618176   1.3515592
  -4.2102585  -5.5750120   1.3647534
  -4.2102586  -5.5841590   1.3739004
  -4.2102587  -5.5857234   1.3754646
  -4.2102587  -5.5765453   1.3662866
  -4.2102586  -5.5564350   1.3461764
  -4.2102583  -5.5317008   1.3214425
  -4.2102582  -5.5149807   1.3047225
  -4.2102582  -5.5126578   1.3023996
  -4.2102584  -5.5240049   1.3137466
  -4.2102587  -5.5437791   1.3335204
  -4.2102589  -5.5585492   1.3482903
  -4.2102587  -5.5587797   1.3485209
  -4.2102585  -5.5494485   1.3391900
  -4.2102585  -5.5387261   1.3284676
  -4.2102583  -5.5298153   1.3195571
  -4.2102582  -5.5319365   1.3216783
  -4.2102586  -5.5483489   1.3380903
  -4.2102589  -5.5643921   1.3541332
  -4.2102588  -5.5660652   1.3558064
  -4.2102586  -5.5561954   1.3459369
  -4.2102585  -5.5441389   1.3338804
  -4.2102586  -5.5339601   1.3237016
  -4.2102584  -5.5257411   1.3154827
  -4.2102583  -5.5211446   1.3108863
  -4.2102582  -5.5241252   1.3138669
  -4.2102585  -5.5345003   1.3242418
  -4.2102586  -5.5453023   1.3350436
  -4.2102586  -5.5510710   1.3408124
  -4.2102584  -5.5537212   1.3434627
  -4.2102585  -5.5566795   1.3464210
  -4.2102586  -5.5597136   1.3494550
  -4.2102587  -5.5599465   1.3496878
  -4.2102586  -5.5559614   1.3457028
  -4.2102585  -5.5513271   1.3410686
  -4.2102586  -5.5486012   1.3383426
  -4.2102587  -5.5449105   1.3346518
  -4.2102587  -5.5374042   1.3271456
  -4.2102584  -5.5303054   1.3200470
  -4.2102583  -5.5324887   1.3222304
  -4.2102584  -5.5452947   1.3350363
  -4.2102586  -5.5623240   1.3520655
  -4.2102586  -5.5769214   1.3666628
  -4.2102588  -5.5831215   1.3728627
  -4.2102588  -5.5759609   1.3657021
  -4.2102584  -5.5577494   1.3474909
  -4.2102582  -5.5418811   1.3316229
  -4.2102583  -5.5412904   1.3310322
  -4.2102586  -5.5526591   1.3424005
  -4.2102589  -5.5596805   1.3494217
  -4.2102587  -5.5529295   1.3426708
  -4.2102584  -5.5376116   1.3273532
  -4.2102582  -5.5248905   1.3146323
  -4.2102582  -5.5216630   1.3114048
  -4.2102583  -5.5273758   1.3171175
  -4.2102584  -5.5364241   1.3261657
  -4.2102585  -5.5423489   1.3320904
  -4.2102585  -5.5401501   1.3298916
  -4.2102584  -5.5290180   1.3187596
  -4.2102583  -5.5133731   1.3031148
  -4.2102582  -5.5003329   1.2900747
  -4.2102580  -5.4978107   1.2875527
  -4.2102581  -5.5103009   1.3000428
  -4.2102584  -5.5334448   1.3231864
  -4.2102588  -5.5552117   1.3449529
  -4.2102588  -5.5632549   1.3529960
  -4.2102586  -5.5547556   1.3444969
  -4.2102584  -5.5368192   1.3265607
  -4.2102582  -5.5194411   1.3091829
  -4.2102582  -5.5112327   1.3009745
  -4.2102582  -5.5156505   1.3053923
  -4.2102583  -5.5297599   1.3195016
  -4.2102586  -5.5478364   1.3375779
  -4.2102587  -5.5613020   1.3510433
  -4.2102586  -5.5657943   1.3555356
  -4.2102584  -5.5640326   1.3537741
  -4.2102584  -5.5615619   1.3513035
  -4.2102584  -5.5631604   1.3529020
  -4.2102586  -5.5699367   1.3596781
  -4.2102586  -5.5780298   1.3677712
  -4.2102587  -5.5832539   1.3729952
  -4.2102586  -5.5860074   1.3757488
  -4.2102587  -5.5849224   1.3746637
  -4.2102588  -5.5753299   1.3650711
  -4.2102586  -5.5578698   1.3476112
  -4.2102584  -5.5381052   1.3278468
  -4.2102583  -5.5231247   1.3128663
  -4.2102583  -5.5179852   1.3077269
  -4.2102583  -5.5217188   1.3114604
  -4.2102585  -5.5292552   1.3189967
  -4.2102587  -5.5347304   1.3244717
  -4.2102585  -5.5362211   1.3259626
  -4.2102585  -5.5356463   1.3253878
  -4.2102585  -5.5347753   1.3245168
  -4.2102587  -5.5307338   1.3204751
  -4.2102586  -5.5195106   1.3092521
  -4.2102582  -5.5063689   1.2961107
  -4.2102580  -5.5044484   1.2941904
  -4.2102582  -5.5203869   1.3101288
  -4.2102585  -5.5472626   1.3370040
  -4.2102587  -5.5727746   1.3625159
  -4.2102589  -5.5869458   1.3766870
  -4.2102588  -5.5853352   1.3750765
  -4.2102586  -5.5689870   1.3587284
  -4.2102583  -5.5448440   1.3345857
  -4.2102580  -5.5259002   1.3156421
  -4.2102582  -5.5222129   1.3119547
  -4.2102583  -5.5322069   1.3219486
  -4.2102585  -5.5475736   1.3373151
  -4.2102585  -5.5621380   1.3518795
  -4.2102585  -5.5720900   1.3618315
  -4.2102585  -5.5759631   1.3657046
  -4.2102585  -5.5743568   1.3640983
  -4.2102584  -5.5693990   1.3591406
  -4.2102584  -5.5636329   1.3533745
  -4.2102584  -5.5592208   1.3489624
  -4.2102584  -5.5574624   1.3472040
  -4.2102585  -5.5553212   1.3450627
  -4.2102584  -5.5517073   1.3414490
  -4.2102585  -5.5514489   1.3411905
  -4.2102587  -5.5520238   1.3417651
  -4.2102585  -5.5485187   1.3382602
  -4.2102583  -5.5443250   1.3340667
  -4.2102583  -5.5445937   1.3343353
  -4.2102586  -5.5470629   1.3368043
  -4.2102586  -5.5466831   1.3364246
  -4.2102585  -5.5431942   1.3329357
  -4.2102583  -5.5397899   1.3295315
  -4.2102584  -5.5395079   1.3292495
  -4.2102584  -5.5414237   1.3311653
  -4.2102584  -5.5439974   1.3337390
  -4.2102585  -5.5469173   1.3366588
  -4.2102587  -5.5454181   1.3351594
  -4.2102585  -5.5376792   1.3274206
  -4.2102585  -5.5294982   1.3192398
  -4.2102584  -5.5265827   1.3163243
  -4.2102584  -5.5316746   1.3214162
  -4.2102586  -5.5431240   1.3328654
  -4.2102587  -5.5538149   1.3435562
  -4.2102586  -5.5597332   1.3494747
  -4.2102586  -5.5621673   1.3519087
  -4.2102587  -5.5608411   1.3505824
  -4.2102586  -5.5523852   1.3421266
  -4.2102586  -5.5366241   1.3263655
  -4.2102583  -5.5215903   1.3113320
  -4.2102582  -5.5176540   1.3073959
  -4.2102584  -5.5266558   1.3163975
  -4.2102587  -5.5398137   1.3295550
  -4.2102589  -5.5437553   1.3334964
  -4.2102586  -5.5314574   1.3211988
  -4.2102581  -5.5133941   1.3031360
  -4.2102579  -5.5096982   1.2994403
  -4.2102583  -5.5280944   1.3178361
  -4.2102587  -5.5561826   1.3459239
  -4.2102588  -5.5780187   1.3677598
  -4.2102587  -5.5891723   1.3789135
  -4.2102586  -5.5926971   1.3824385
  -4.2102586  -5.5906970   1.3804383
  -4.2102586  -5.5833829   1.3731243
  -4.2102585  -5.5733218   1.3630633
  -4.2102584  -5.5662696   1.3560111
  -4.2102586  -5.5639821   1.3537235
  -4.2102586  -5.5621019   1.3518433
  -4.2102585  -5.5585795   1.3483210
  -4.2102585  -5.5549151   1.3446566
  -4.2102583  -5.5525908   1.3423325
  -4.2102583  -5.5539884   1.3437300
  -4.2102585  -5.5594043   1.3491457
  -4.2102587  -5.5622529   1.3519942
  -4.2102587  -5.5572385   1.3469798
  -4.2102586  -5.5464610   1.3362024
  -4.2102584  -5.5342745   1.3240161
  -4.2102584  -5.5251781   1.3149197
  -4.2102584  -5.5213135   1.3110550
  -4.2102585  -5.5213592   1.3111006
  -4.2102584  -5.5245498   1.3142914
  -4.2102584  -5.5328120   1.3225537
  -4.2102584  -5.5468515   1.3365931
  -4.2102585  -5.5635982   1.3533397
  -4.2102585  -5.5784314   1.3681729
  -4.2102587  -5.5879016   1.3776430
  -4.2102587  -5.5876329   1.3773741
  -4.2102586  -5.5741533   1.3638947
  -4.2102584  -5.5513572   1.3410988
  -4.2102583  -5.5295034   1.3192451
  -4.2102583  -5.5160703   1.3058119
  -4.2102583  -5.5126525   1.3023942
  -4.2102582  -5.5209867   1.3107285
  -4.2102584  -5.5399458   1.3296874
  -4.2102585  -5.5616169   1.3513584
  -4.2102586  -5.5790164   1.3687577
  -4.2102588  -5.5871568   1.3768980
  -4.2102589  -5.5786173   1.3683583
  -4.2102586  -5.5506424   1.3403838
  -4.2102581  -5.5157289   1.3054708
  -4.2102579  -5.4944303   1.2841724
  -4.2102582  -5.4961451   1.2858870
  -4.2102585  -5.5122691   1.3020106
  -4.2102587  -5.5277720   1.3175133
  -4.2102586  -5.5345627   1.3243040
  -4.2102586  -5.5330087   1.3227500
  -4.2102583  -5.5286444   1.3183861
  -4.2102582  -5.5305287   1.3202705
  -4.2102583  -5.5444179   1.3341596
  -4.2102586  -5.5658688   1.3556102
  -4.2102588  -5.5846323   1.3743736
  -4.2102588  -5.5925961   1.3823374
  -4.2102586  -5.5883324   1.3780738
  -4.2102584  -5.5784270   1.3681686
  -4.2102583  -5.5718733   1.3616150
  -4.2102585  -5.5714888   1.3612303
  -4.2102585  -5.5714984   1.3612399
  -4.2102585  -5.5674020   1.3571435
  -4.2102584  -5.5611139   1.3508555
  -4.2102583  -5.5563978   1.3461395
  -4.2102584  -5.5549721   1.3447137
  -4.2102585  -5.5551101   1.3448516
  -4.2102586  -5.5523980   1.3421394
  -4.2102587  -5.5424305   1.3321718
  -4.2102587  -5.5225627   1.3123040
  -4.2102584  -5.4958473   1.2855890
  -4.2102583  -5.4719838   1.2617256
  -4.2102583  -5.4591449   1.2488866
  -4.2102584  -5.4597525   1.2494941
  -4.2102584  -5.4708911   1.2606326
  -4.2102585  -5.4882450   1.2779865
  -4.2102585  -5.5086775   1.2984189
  -4.2102585  -5.5300701   1.3198116
  -4.2102586  -5.5497501   1.3394915
  -4.2102586  -5.5663917   1.3561332
  -4.2102586  -5.5787436   1.3684850
  -4.2102586  -5.5843794   1.3741209
  -4.2102585  -5.5833769   1.3731184
  -4.2102586  -5.5774936   1.3672350
  -4.2102584  -5.5676194   1.3573610
  -4.2102582  -5.5606929   1.3504347
  -4.2102583  -5.5643813   1.3541230
  -4.2102584  -5.5786779   1.3684195
  -4.2102588  -5.5948783   1.3846195
  -4.2102590  -5.5987414   1.3884824
  -4.2102587  -5.5843487   1.3740900
  -4.2102584  -5.5613875   1.3511292
  -4.2102582  -5.5420376   1.3317793
  -4.2102585  -5.5276129   1.3173544
  -4.2102584  -5.5159478   1.3056894
  -4.2102581  -5.5104605   1.3002024
  -4.2102581  -5.5181867   1.3079287
  -4.2102583  -5.5384755   1.3282172
  -4.2102586  -5.5609792   1.3507206
  -4.2102586  -5.5774177   1.3671591
  -4.2102586  -5.5853623   1.3751037
  -4.2102586  -5.5834891   1.3732305
  -4.2102584  -5.5736595   1.3634011
  -4.2102582  -5.5627352   1.3524770
  -4.2102582  -5.5580062   1.3477480
  -4.2102585  -5.5608811   1.3506226
  -4.2102588  -5.5635264   1.3532677
  -4.2102587  -5.5559751   1.3457164
  -4.2102584  -5.5385835   1.3283251
  -4.2102582  -5.5220773   1.3118191
  -4.2102583  -5.5153354   1.3050771
  -4.2102584  -5.5185773   1.3083189
  -4.2102586  -5.5277759   1.3175174
  -4.2102587  -5.5361008   1.3258421
  -4.2102588  -5.5355451   1.3252863
  -4.2102587  -5.5226429   1.3123841
  -4.2102585  -5.5017990   1.2915405
  -4.2102583  -5.4834368   1.2731784
  -4.2102582  -5.4762033   1.2659451
  -4.2102582  -5.4830171   1.2727588
  -4.2102585  -5.4998564   1.2895979
  -4.2102587  -5.5159267   1.3056680
  -4.2102586  -5.5245436   1.3142850
  -4.2102582  -5.5290390   1.3187808
  -4.2102581  -5.5378686   1.3276105
  -4.2102582  -5.5565133   1.3462552
  -4.2102586  -5.5800610   1.3698024
  -4.2102588  -5.5959615   1.3857027
  -4.2102587  -5.5960315   1.3857728
  -4.2102586  -5.5817485   1.3714899
  -4.2102583  -5.5614825   1.3512242
  -4.2102582  -5.5446788   1.3344206
  -4.2102584  -5.5352338   1.3249754
  -4.2102584  -5.5316747   1.3214164
  -4.2102584  -5.5316340   1.3213755
  -4.2102585  -5.5336346   1.3233760
  -4.2102589  -5.5331559   1.3228971
  -4.2102584  -5.5264930   1.3162346
  -4.2102583  -5.5227422   1.3124839
  -4.2102585  -5.5281212   1.3178626
  -4.2102586  -5.5348786   1.3246200
  -4.2102586  -5.5380346   1.3277761
  -4.2102586  -5.5378106   1.3275520
  -4.2102586  -5.5324671   1.3222084
  -4.2102582  -5.5243512   1.3140929
  -4.2102580  -5.5246929   1.3144348
  -4.2102582  -5.5417564   1.3314982
  -4.2102586  -5.5694090   1.3591504
  -4.2102588  -5.5925094   1.3822506
  -4.2102588  -5.5998510   1.3895922
  -4.2102588  -5.5893404   1.3790817
  -4.2102584  -5.5655577   1.3552993
  -4.2102582  -5.5391795   1.3289213
  -4.2102582  -5.5212492   1.3109910
  -4.2102583  -5.5146505   1.3043922
  -4.2102583  -5.5148672   1.3046088
  -4.2102584  -5.5174501   1.3071917
  -4.2102584  -5.5208171   1.3105586
  -4.2102585  -5.5230113   1.3127529
  -4.2102584  -5.5240918   1.3138333
  -4.2102583  -5.5279548   1.3176965
  -4.2102584  -5.5358992   1.3256408
  -4.2102585  -5.5447215   1.3344630
  -4.2102585  -5.5505552   1.3402967
  -4.2102583  -5.5530396   1.3427813
  -4.2102583  -5.5559860   1.3457277
  -4.2102585  -5.5600285   1.3497700
  -4.2102586  -5.5595795   1.3493210
  -4.2102585  -5.5512370   1.3409786
  -4.2102583  -5.5394350   1.3291767
  -4.2102581  -5.5320565   1.3217984
  -4.2102582  -5.5333803   1.3231220
  -4.2102584  -5.5412833   1.3310249
  -4.2102585  -5.5502838   1.3400253
  -4.2102586  -5.5560158   1.3457573
  -4.2102585  -5.5558330   1.3455745
  -4.2102584  -5.5494922   1.3392338
  -4.2102583  -5.5401174   1.3298590
  -4.2102583  -5.5304293   1.3201710
  -4.2102583  -5.5221269   1.3118686
  -4.2102582  -5.5176810   1.3074228
  -4.2102584  -5.5186882   1.3084298
  -4.2102584  -5.5232818   1.3130234
  -4.2102586  -5.5267134   1.3164548
  -4.2102585  -5.5258660   1.3156075
  -4.2102584  -5.5226375   1.3123791
  -4.2102583  -5.5212713   1.3110130
  -4.2102583  -5.5244564   1.3141982
  -4.2102582  -5.5330932   1.3228349
  -4.2102584  -5.5454836   1.3352251
  -4.2102585  -5.5569203   1.3466618
  -4.2102587  -5.5628245   1.3525658
  -4.2102586  -5.5598279   1.3495694
  -4.2102586  -5.5483384   1.3380798
  -4.2102584  -5.5313363   1.3210779
  -4.2102581  -5.5153666   1.3051085
  -4.2102583  -5.5086288   1.2983705
  -4.2102584  -5.5098906   1.2996323
  -4.2102585  -5.5120540   1.3017955
  -4.2102584  -5.5124189   1.3021605
  -4.2102584  -5.5145140   1.3042557
  -4.2102584  -5.5186952   1.3084367
  -4.2102584  -5.5222896   1.3120312
  -4.2102583  -5.5266197   1.3163614
  -4.2102583  -5.5332713   1.3230130
  -4.2102585  -5.5409556   1.3306971
  -4.2102585  -5.5474866   1.3372281
  -4.2102584  -5.5514455   1.3411871
  -4.2102583  -5.5529428   1.3426845
  -4.2102585  -5.5518090   1.3415505
  -4.2102585  -5.5457344   1.3354759
  -4.2102584  -5.5374497   1.3271913
  -4.2102581  -5.5359689   1.3257108
  -4.2102584  -5.5445116   1.3342532
  -4.2102587  -5.5549513   1.3446926
  -4.2102587  -5.5577087   1.3474500
  -4.2102586  -5.5520946   1.3418360
  -4.2102585  -5.5434246   1.3331661
  -4.2102582  -5.5380018   1.3277436
  -4.2102583  -5.5418637   1.3316054
  -4.2102585  -5.5545767   1.3443182
  -4.2102586  -5.5693255   1.3590669
  -4.2102585  -5.5808809   1.3706224
  -4.2102585  -5.5890915   1.3788330
  -4.2102586  -5.5945049   1.3842464
  -4.2102586  -5.5942472   1.3839885
  -4.2102586  -5.5864342   1.3761756
  -4.2102585  -5.5744364   1.3641779
  -4.2102584  -5.5634699   1.3532115
  -4.2102583  -5.5563711   1.3461128
  -4.2102585  -5.5518371   1.3415786
  -4.2102586  -5.5460679   1.3358093
  -4.2102584  -5.5369243   1.3266658
  -4.2102583  -5.5299635   1.3197052
  -4.2102584  -5.5303485   1.3200901
  -4.2102583  -5.5362093   1.3259510
  -4.2102583  -5.5482586   1.3380003
  -4.2102585  -5.5645159   1.3542574
