   4.0000000000000001E-003   4.2243848447263661E-005
   8.0000000000000002E-003   1.6895931265752291E-004
   1.2000000000000000E-002   3.7954762324998389E-004
   1.6000000000000000E-002   6.7269990465058601E-004
   2.0000000000000000E-002   1.0464911762665509E-003
   2.4000000000000000E-002   1.4984811588439160E-003
   2.8000000000000001E-002   2.0257920551520836E-003
   3.2000000000000001E-002   2.6251470690024027E-003
   3.6000000000000004E-002   3.2928788150871973E-003
   4.0000000000000001E-002   4.0249317289372281E-003
   4.4000000000000004E-002   4.8168760128060933E-003
   4.8000000000000001E-002   5.6639332480108153E-003
   5.2000000000000005E-002   6.5610019730899128E-003
   5.6000000000000001E-002   7.5026722320479487E-003
   6.0000000000000005E-002   8.4832275730810248E-003
   6.4000000000000001E-002   9.4966426995833908E-003
   6.8000000000000005E-002   1.0536586672866562E-002
   7.2000000000000008E-002   1.1596436409396163E-002
   7.5999999999999998E-002   1.2669302174076091E-002
   8.0000000000000002E-002   1.3748073773913875E-002
   8.4000000000000005E-002   1.4825508425966609E-002
   8.8000000000000009E-002   1.5894383277935683E-002
   9.1999999999999998E-002   1.6947714622467264E-002
   9.6000000000000002E-002   1.7979005569468666E-002
  0.10000000000000001        1.8982453523962047E-002
  0.10400000000000001        1.9953064462315210E-002
  0.10800000000000000        2.0886679779697055E-002
  0.11200000000000000        2.1779969463040529E-002
  0.11600000000000001        2.2630441683512418E-002
  0.12000000000000001        2.3436474806655710E-002
  0.12400000000000000        2.4197332129461312E-002
  0.12800000000000000        2.4913103868495552E-002
  0.13200000000000001        2.5584545634281804E-002
  0.13600000000000001        2.6212832437968344E-002
  0.14000000000000001        2.6799287826742121E-002
  0.14400000000000002        2.7345155968157387E-002
  0.14800000000000002        2.7851466350489643E-002
  0.15200000000000000        2.8319014419374441E-002
  0.15600000000000000        2.8748450726093579E-002
  0.16000000000000000        2.9140429719797401E-002
  0.16400000000000001        2.9495731332467270E-002
  0.16800000000000001        2.9815280334463550E-002
  0.17200000000000001        3.0100068055463978E-002
  0.17600000000000002        3.0351063372601048E-002
  0.18000000000000002        3.0569206836013916E-002
  0.18400000000000000        3.0755519146484493E-002
  0.18800000000000000        3.0911284849652242E-002
  0.19200000000000000        3.1038233213940000E-002
  0.19600000000000001        3.1138633618880585E-002
  0.20000000000000001        3.1215247318284504E-002
  0.20400000000000001        3.1271131045435156E-002
  0.20800000000000002        3.1309352171599414E-002
  0.21200000000000002        3.1332709837784682E-002
  0.21600000000000000        3.1343542392071128E-002
  0.22000000000000000        3.1343657851416191E-002
  0.22400000000000000        3.1334380171329439E-002
  0.22800000000000001        3.1316672025541545E-002
  0.23200000000000001        3.1291280388064890E-002
  0.23600000000000002        3.1258858971282069E-002
  0.24000000000000002        3.1220043859475344E-002
  0.24400000000000002        3.1175480524695695E-002
  0.24800000000000000        3.1125811664902154E-002
  0.25200000000000000        3.1071639521047766E-002
  0.25600000000000001        3.1013479717596357E-002
  0.26000000000000001        3.0951725961864955E-002
  0.26400000000000001        3.0886642487574771E-002
  0.26800000000000002        3.0818392765161969E-002
  0.27200000000000002        3.0747101003194957E-002
  0.27600000000000002        3.0672930760235154E-002
  0.28000000000000003        3.0596157248968112E-002
  0.28400000000000003        3.0517209307884711E-002
  0.28800000000000003        3.0436664999867084E-002
  0.29200000000000004        3.0355199264029780E-002
  0.29600000000000004        3.0273498177132881E-002
  0.29999999999999999        3.0192165699518256E-002
  0.30399999999999999        3.0111650788906472E-002
  0.30800000000000000        3.0032215137701917E-002
  0.31200000000000000        2.9953947493470176E-002
  0.31600000000000000        2.9876814292432056E-002
  0.32000000000000001        2.9800725344568950E-002
  0.32400000000000001        2.9725592476734002E-002
  0.32800000000000001        2.9651367552330960E-002
  0.33200000000000002        2.9578057807773186E-002
  0.33600000000000002        2.9505723529222937E-002
  0.34000000000000002        2.9434464021346501E-002
  0.34400000000000003        2.9364395693711104E-002
  0.34800000000000003        2.9295625835943858E-002
  0.35200000000000004        2.9228229402527520E-002
  0.35600000000000004        2.9162240897256973E-002
  0.36000000000000004        2.9097672113127443E-002
  0.36399999999999999        2.9034555272280008E-002
  0.36799999999999999        2.8972995272152326E-002
  0.37200000000000000        2.8913205879266320E-002
  0.37600000000000000        2.8855510133417504E-002
  0.38000000000000000        2.8800301497292177E-002
  0.38400000000000001        2.8747976963367037E-002
  0.38800000000000001        2.8698859419715950E-002
  0.39200000000000002        2.8653125599614002E-002
  0.39600000000000002        2.8610753817635719E-002
  0.40000000000000002        2.8571506344269373E-002
  0.40400000000000003        2.8534959821142184E-002
  0.40800000000000003        2.8500588455070815E-002
  0.41200000000000003        2.8467887734964677E-002
  0.41600000000000004        2.8436508567773258E-002
  0.42000000000000004        2.8406364425141186E-002
  0.42400000000000004        2.8377684036254666E-002
  0.42800000000000005        2.8351003603514474E-002
  0.43200000000000000        2.8327112128571440E-002
  0.43600000000000000        2.8306971844524648E-002
  0.44000000000000000        2.8291633025366133E-002
  0.44400000000000001        2.8282154069959622E-002
  0.44800000000000001        2.8279528754310078E-002
  0.45200000000000001        2.8284616786946690E-002
  0.45600000000000002        2.8298072742091795E-002
  0.46000000000000002        2.8320271869691601E-002
  0.46400000000000002        2.8351237740501713E-002
  0.46800000000000003        2.8390584853283538E-002
  0.47200000000000003        2.8437495764321412E-002
  0.47600000000000003        2.8490753360732392E-002
  0.48000000000000004        2.8548840395290664E-002
  0.48400000000000004        2.8610101718910166E-002
  0.48800000000000004        2.8672944977118246E-002
  0.49200000000000005        2.8736041002663248E-002
  0.49600000000000000        2.8798481516890299E-002
  0.50000000000000000        2.8859859159577457E-002
  0.50400000000000000        2.8920249904969240E-002
  0.50800000000000001        2.8980098390979227E-002
  0.51200000000000001        2.9040031440053606E-002
  0.51600000000000001        2.9100646409216679E-002
  0.52000000000000002        2.9162326862353587E-002
  0.52400000000000002        2.9225123390450691E-002
  0.52800000000000002        2.9288712013303689E-002
  0.53200000000000003        2.9352421989006543E-002
  0.53600000000000003        2.9415315044015598E-002
  0.54000000000000004        2.9476295709785376E-002
  0.54400000000000004        2.9534232696802006E-002
  0.54800000000000004        2.9588073049305094E-002
  0.55200000000000005        2.9636934848953814E-002
  0.55600000000000005        2.9680170728993784E-002
  0.56000000000000005        2.9717400581394899E-002
  0.56400000000000006        2.9748515183807344E-002
  0.56800000000000006        2.9773654086757917E-002
  0.57200000000000006        2.9793163355854094E-002
  0.57600000000000007        2.9807541031807161E-002
  0.58000000000000007        2.9817377149102643E-002
  0.58400000000000007        2.9823290187056185E-002
  0.58800000000000008        2.9825857991535788E-002
  0.59200000000000008        2.9825543238510374E-002
  0.59599999999999997        2.9822621281223941E-002
  0.59999999999999998        2.9817124684403559E-002
  0.60399999999999998        2.9808818991541218E-002
  0.60799999999999998        2.9797217543799114E-002
  0.61199999999999999        2.9781633026267171E-002
  0.61599999999999999        2.9761254916481288E-002
  0.62000000000000000        2.9735239058555771E-002
  0.62400000000000000        2.9702798380062453E-002
  0.62800000000000000        2.9663289800248589E-002
  0.63200000000000001        2.9616296682372149E-002
  0.63600000000000001        2.9561705198526550E-002
  0.64000000000000001        2.9499767028456473E-002
  0.64400000000000002        2.9431135182248287E-002
  0.64800000000000002        2.9356860238229702E-002
  0.65200000000000002        2.9278341983360351E-002
  0.65600000000000003        2.9197241630168808E-002
  0.66000000000000003        2.9115365297891143E-002
  0.66400000000000003        2.9034528697957498E-002
  0.66800000000000004        2.8956411249502524E-002
  0.67200000000000004        2.8882411401319287E-002
  0.67600000000000005        2.8813522789748958E-002
  0.68000000000000005        2.8750254586185874E-002
  0.68400000000000005        2.8692612334055956E-002
  0.68800000000000006        2.8640139627653952E-002
  0.69200000000000006        2.8592005389305605E-002
  0.69600000000000006        2.8547114449856140E-002
  0.70000000000000007        2.8504223033179062E-002
  0.70400000000000007        2.8462050147943761E-002
  0.70800000000000007        2.8419382441305416E-002
  0.71200000000000008        2.8375170720413172E-002
  0.71600000000000008        2.8328614124423151E-002
  0.72000000000000008        2.8279225043980748E-002
  0.72400000000000009        2.8226864533014800E-002
  0.72799999999999998        2.8171738432151355E-002
  0.73199999999999998        2.8114354146240455E-002
  0.73599999999999999        2.8055454950380990E-002
  0.73999999999999999        2.7995956448100396E-002
  0.74399999999999999        2.7936894249112512E-002
  0.74800000000000000        2.7879367521314938E-002
  0.75200000000000000        2.7824460602296121E-002
  0.75600000000000001        2.7773150198094253E-002
  0.76000000000000001        2.7726227159282014E-002
  0.76400000000000001        2.7684255657784155E-002
  0.76800000000000002        2.7647571122914598E-002
  0.77200000000000002        2.7616304168157840E-002
  0.77600000000000002        2.7590417404304617E-002
  0.78000000000000003        2.7569748008163655E-002
  0.78400000000000003        2.7554053376314894E-002
  0.78800000000000003        2.7543057759694619E-002
  0.79200000000000004        2.7536496821849204E-002
  0.79600000000000004        2.7534156222171587E-002
  0.80000000000000004        2.7535900027462149E-002
  0.80400000000000005        2.7541684449673993E-002
  0.80800000000000005        2.7551552657820260E-002
  0.81200000000000006        2.7565608418183531E-002
  0.81600000000000006        2.7583971619389074E-002
  0.82000000000000006        2.7606726007204960E-002
  0.82400000000000007        2.7633875680096759E-002
  0.82800000000000007        2.7665327231661183E-002
  0.83200000000000007        2.7700906225779594E-002
  0.83600000000000008        2.7740399602029807E-002
  0.84000000000000008        2.7783597701091893E-002
  0.84400000000000008        2.7830305678603312E-002
  0.84800000000000009        2.7880310745473549E-002
  0.85200000000000009        2.7933318230539905E-002
  0.85600000000000009        2.7988886318309408E-002
  0.85999999999999999        2.8046386616277015E-002
  0.86399999999999999        2.8105002180927013E-002
  0.86799999999999999        2.8163758663484681E-002
  0.87200000000000000        2.8221576051380520E-002
  0.87600000000000000        2.8277330711846096E-002
  0.88000000000000000        2.8329924473940147E-002
  0.88400000000000001        2.8378361793103352E-002
  0.88800000000000001        2.8421830554319683E-002
  0.89200000000000002        2.8459769615632412E-002
  0.89600000000000002        2.8491901906398911E-002
  0.90000000000000002        2.8518224035346398E-002
  0.90400000000000003        2.8538961508317608E-002
  0.90800000000000003        2.8554506490062866E-002
  0.91200000000000003        2.8565349789364276E-002
  0.91600000000000004        2.8572010361847529E-002
  0.92000000000000004        2.8574963727709693E-002
  0.92400000000000004        2.8574576784256182E-002
  0.92800000000000005        2.8571063578458358E-002
  0.93200000000000005        2.8564475109947609E-002
  0.93600000000000005        2.8554724017022571E-002
  0.94000000000000006        2.8541630336760177E-002
  0.94400000000000006        2.8524970882065289E-002
  0.94800000000000006        2.8504524254196185E-002
  0.95200000000000007        2.8480111542227425E-002
  0.95600000000000007        2.8451628203984461E-002
  0.96000000000000008        2.8419053582191923E-002
  0.96400000000000008        2.8382424882254838E-002
  0.96800000000000008        2.8341776438934561E-002
  0.97200000000000009        2.8297063498265485E-002
  0.97600000000000009        2.8248101382141639E-002
  0.98000000000000009        2.8194549781466013E-002
  0.98400000000000010        2.8135959150861214E-002
  0.98800000000000010        2.8071878267361502E-002
  0.99199999999999999        2.8002004751354861E-002
  0.99600000000000000        2.7926347175874874E-002
   1.0000000000000000        2.7845359774920350E-002
   1.0040000000000000        2.7760012154489148E-002
   1.0080000000000000        2.7671771164204186E-002
   1.0120000000000000        2.7582498346231790E-002
   1.0160000000000000        2.7494291409034165E-002
   1.0200000000000000        2.7409307324024194E-002
   1.0240000000000000        2.7329597143517733E-002
   1.0280000000000000        2.7256968455565262E-002
   1.0320000000000000        2.7192881088823954E-002
   1.0360000000000000        2.7138377196879435E-002
   1.0400000000000000        2.7094044865437865E-002
   1.0440000000000000        2.7060012252120638E-002
   1.0480000000000000        2.7035965665632683E-002
   1.0520000000000000        2.7021181717201328E-002
   1.0560000000000000        2.7014564874889166E-002
   1.0600000000000001        2.7014690497891250E-002
   1.0640000000000001        2.7019864344446070E-002
   1.0680000000000001        2.7028213170665817E-002
   1.0720000000000001        2.7037812287340954E-002
   1.0760000000000001        2.7046840428667205E-002
   1.0800000000000001        2.7053738600164537E-002
   1.0840000000000001        2.7057344326220575E-002
   1.0880000000000001        2.7056975330253002E-002
   1.0920000000000001        2.7052445440675640E-002
   1.0960000000000001        2.7044010592512113E-002
   1.1000000000000001        2.7032262663458862E-002
   1.1040000000000001        2.7018003578310506E-002
   1.1080000000000001        2.7002131448271544E-002
   1.1120000000000001        2.6985554855580809E-002
   1.1160000000000001        2.6969133181558472E-002
   1.1200000000000001        2.6953632534876329E-002
   1.1240000000000001        2.6939690942089544E-002
   1.1280000000000001        2.6927794195302543E-002
   1.1320000000000001        2.6918265756667694E-002
   1.1360000000000001        2.6911269425192178E-002
   1.1400000000000001        2.6906818773739714E-002
   1.1440000000000001        2.6904788903833916E-002
   1.1480000000000001        2.6904930961229059E-002
   1.1520000000000001        2.6906892373950036E-002
   1.1560000000000001        2.6910243518835229E-002
   1.1600000000000001        2.6914507654244198E-002
   1.1640000000000001        2.6919189707275321E-002
   1.1680000000000001        2.6923800237030487E-002
   1.1720000000000002        2.6927873757110005E-002
   1.1760000000000002        2.6930984473312422E-002
   1.1800000000000002        2.6932763490531485E-002
   1.1840000000000002        2.6932916130795435E-002
   1.1880000000000002        2.6931227590533905E-002
   1.1919999999999999        2.6927539577974693E-002
   1.1960000000000000        2.6921692466231637E-002
   1.2000000000000000        2.6913455109732812E-002
   1.2040000000000000        2.6902486056677274E-002
   1.2080000000000000        2.6888362324735623E-002
   1.2120000000000000        2.6870673056028901E-002
   1.2160000000000000        2.6849130601861209E-002
   1.2200000000000000        2.6823637598706238E-002
   1.2240000000000000        2.6794277806792666E-002
   1.2280000000000000        2.6761244414697065E-002
   1.2320000000000000        2.6724748381192168E-002
   1.2360000000000000        2.6684951226572311E-002
   1.2400000000000000        2.6641949680290558E-002
   1.2440000000000000        2.6595815964064667E-002
   1.2480000000000000        2.6546676579932989E-002
   1.2520000000000000        2.6494800030646217E-002
   1.2560000000000000        2.6440661520569501E-002
   1.2600000000000000        2.6384959809867378E-002
   1.2640000000000000        2.6328576631592694E-002
   1.2680000000000000        2.6272488819021528E-002
   1.2720000000000000        2.6217659744402978E-002
   1.2760000000000000        2.6164941959168537E-002
   1.2800000000000000        2.6115013702754535E-002
   1.2840000000000000        2.6068354396025041E-002
   1.2880000000000000        2.6025250716005782E-002
   1.2920000000000000        2.5985822811326043E-002
   1.2960000000000000        2.5950065178238710E-002
   1.3000000000000000        2.5917898321730734E-002
   1.3040000000000000        2.5889222005347653E-002
   1.3080000000000001        2.5863955127144306E-002
   1.3120000000000001        2.5842049002157846E-002
   1.3160000000000001        2.5823472621554863E-002
   1.3200000000000001        2.5808184613845448E-002
   1.3240000000000001        2.5796115933820668E-002
   1.3280000000000001        2.5787181061667611E-002
   1.3320000000000001        2.5781313005078466E-002
   1.3360000000000001        2.5778492014411441E-002
   1.3400000000000001        2.5778731713807106E-002
   1.3440000000000001        2.5782009989278050E-002
   1.3480000000000001        2.5788168698719378E-002
   1.3520000000000001        2.5796827480921700E-002
   1.3560000000000001        2.5807349663878831E-002
   1.3600000000000001        2.5818872737578085E-002
   1.3640000000000001        2.5830390543866450E-002
   1.3680000000000001        2.5840860219603030E-002
   1.3720000000000001        2.5849306258083744E-002
   1.3760000000000001        2.5854904634709835E-002
   1.3800000000000001        2.5857045147502825E-002
   1.3840000000000001        2.5855379239684641E-002
   1.3880000000000001        2.5849856759407985E-002
   1.3920000000000001        2.5840742157845181E-002
   1.3960000000000001        2.5828591865066919E-002
   1.4000000000000001        2.5814182305973401E-002
   1.4040000000000001        2.5798399556493590E-002
   1.4080000000000001        2.5782121408965148E-002
   1.4120000000000001        2.5766126468595774E-002
   1.4160000000000001        2.5751050445771254E-002
   1.4200000000000002        2.5737387772675032E-002
   1.4240000000000002        2.5725519575635784E-002
   1.4280000000000002        2.5715743886265699E-002
   1.4320000000000002        2.5708288709042564E-002
   1.4360000000000002        2.5703298552151393E-002
   1.4400000000000002        2.5700795284032098E-002
   1.4440000000000002        2.5700622771921665E-002
   1.4480000000000002        2.5702391620214600E-002
   1.4520000000000002        2.5705444349715403E-002
   1.4560000000000000        2.5708860006224039E-002
   1.4600000000000000        2.5711509400825630E-002
   1.4640000000000000        2.5712159304530122E-002
   1.4680000000000000        2.5709610875715303E-002
   1.4720000000000000        2.5702849526800506E-002
   1.4760000000000000        2.5691180115375887E-002
   1.4800000000000000        2.5674322601109179E-002
   1.4840000000000000        2.5652450303806827E-002
   1.4880000000000000        2.5626166740857995E-002
   1.4920000000000000        2.5596430611821288E-002
   1.4960000000000000        2.5564443420133871E-002
   1.5000000000000000        2.5531509679698132E-002
   1.5040000000000000        2.5498875944048902E-002
   1.5080000000000000        2.5467560899185678E-002
   1.5120000000000000        2.5438201275394597E-002
   1.5160000000000000        2.5410948371284645E-002
   1.5200000000000000        2.5385447908121823E-002
   1.5240000000000000        2.5360919553635952E-002
   1.5280000000000000        2.5336327953726225E-002
   1.5320000000000000        2.5310613366849252E-002
   1.5360000000000000        2.5282934867654649E-002
   1.5400000000000000        2.5252875079677394E-002
   1.5440000000000000        2.5220562814057459E-002
   1.5480000000000000        2.5186687323748534E-002
   1.5520000000000000        2.5152403028289166E-002
   1.5560000000000000        2.5119150291289596E-002
   1.5600000000000001        2.5088439174662271E-002
   1.5640000000000001        2.5061650941011499E-002
   1.5680000000000001        2.5039900840589463E-002
   1.5720000000000001        2.5023979877433964E-002
   1.5760000000000001        2.5014366887760861E-002
   1.5800000000000001        2.5011286371582675E-002
   1.5840000000000001        2.5014784070788224E-002
   1.5880000000000001        2.5024797096442394E-002
   1.5920000000000001        2.5041203572189925E-002
   1.5960000000000001        2.5063845291156857E-002
   1.6000000000000001        2.5092524768428597E-002
   1.6040000000000001        2.5126983434013584E-002
   1.6080000000000001        2.5166871276278781E-002
   1.6120000000000001        2.5211720784372522E-002
   1.6160000000000001        2.5260940192715870E-002
   1.6200000000000001        2.5313839254282704E-002
   1.6240000000000001        2.5369690334035608E-002
   1.6280000000000001        2.5427810914030412E-002
   1.6320000000000001        2.5487639260180488E-002
   1.6360000000000001        2.5548771893434345E-002
   1.6400000000000001        2.5610946523222638E-002
   1.6440000000000001        2.5673982134772136E-002
   1.6480000000000001        2.5737709964497188E-002
   1.6520000000000001        2.5801927705496955E-002
   1.6560000000000001        2.5866388956981241E-002
   1.6600000000000001        2.5930818989098506E-002
   1.6640000000000001        2.5994938916933410E-002
   1.6680000000000001        2.6058483110373652E-002
   1.6720000000000002        2.6121203721647532E-002
   1.6760000000000002        2.6182866557960049E-002
   1.6800000000000002        2.6243249994340353E-002
   1.6840000000000002        2.6302158917473051E-002
   1.6880000000000002        2.6359456347388118E-002
   1.6920000000000002        2.6415100237762008E-002
   1.6960000000000002        2.6469162084011993E-002
   1.7000000000000002        2.6521806140849490E-002
   1.7040000000000002        2.6573225148664278E-002
   1.7080000000000002        2.6623550745696375E-002
   1.7120000000000002        2.6672771208841779E-002
   1.7160000000000002        2.6720686211934099E-002
   1.7200000000000000        2.6766909206202900E-002
   1.7240000000000000        2.6810905242494350E-002
   1.7280000000000000        2.6852041845968361E-002
   1.7320000000000000        2.6889637699088764E-002
   1.7360000000000000        2.6923008943615975E-002
   1.7400000000000000        2.6951521018085837E-002
   1.7440000000000000        2.6974649396792793E-002
   1.7480000000000000        2.6992042316735545E-002
   1.7520000000000000        2.7003571526547861E-002
   1.7560000000000000        2.7009357888689151E-002
   1.7600000000000000        2.7009764473422359E-002
   1.7640000000000000        2.7005356574967297E-002
   1.7680000000000000        2.6996835346246396E-002
   1.7720000000000000        2.6984959986681240E-002
   1.7760000000000000        2.6970478586882399E-002
   1.7800000000000000        2.6954084366652038E-002
   1.7840000000000000        2.6936403330698609E-002
   1.7880000000000000        2.6918008478424245E-002
   1.7920000000000000        2.6899449914315740E-002
   1.7960000000000000        2.6881289421668009E-002
   1.8000000000000000        2.6864129625791048E-002
   1.8040000000000000        2.6848629015140211E-002
   1.8080000000000001        2.6835497137843358E-002
   1.8120000000000001        2.6825470879291789E-002
   1.8160000000000001        2.6819280472661786E-002
   1.8200000000000001        2.6817616021379904E-002
   1.8240000000000001        2.6821098592423237E-002
   1.8280000000000001        2.6830249939514262E-002
   1.8320000000000001        2.6845450142408241E-002
   1.8360000000000001        2.6866878019098303E-002
   1.8400000000000001        2.6894441068682995E-002
   1.8440000000000001        2.6927712371338269E-002
   1.8480000000000001        2.6965894908736517E-002
   1.8520000000000001        2.7007829613017540E-002
   1.8560000000000001        2.7052054216090790E-002
   1.8600000000000001        2.7096908807423551E-002
   1.8640000000000001        2.7140672508004119E-002
   1.8680000000000001        2.7181705796429659E-002
   1.8720000000000001        2.7218568933349712E-002
   1.8760000000000001        2.7250093443363693E-002
   1.8800000000000001        2.7275401162923551E-002
   1.8840000000000001        2.7293887302540128E-002
   1.8880000000000001        2.7305198281780952E-002
   1.8920000000000001        2.7309232585219494E-002
   1.8960000000000001        2.7306172913981724E-002
   1.9000000000000001        2.7296532070962963E-002
   1.9040000000000001        2.7281179220476525E-002
   1.9080000000000001        2.7261318086628433E-002
   1.9120000000000001        2.7238411510680009E-002
   1.9160000000000001        2.7214072349390609E-002
   1.9200000000000002        2.7189952464027972E-002
   1.9240000000000002        2.7167653281694171E-002
   1.9280000000000002        2.7148662565392074E-002
   1.9320000000000002        2.7134305581658510E-002
   1.9360000000000002        2.7125692480117869E-002
   1.9400000000000002        2.7123647682448234E-002
   1.9440000000000002        2.7128618512840399E-002
   1.9480000000000002        2.7140576215745740E-002
   1.9520000000000002        2.7158936456175748E-002
   1.9560000000000002        2.7182532090056850E-002
   1.9600000000000002        2.7209664758060376E-002
   1.9640000000000002        2.7238244466973646E-002
   1.9680000000000002        2.7266003606528994E-002
   1.9720000000000002        2.7290751132883973E-002
   1.9760000000000002        2.7310621694579856E-002
   1.9800000000000002        2.7324276065756766E-002
   1.9840000000000000        2.7331020950118384E-002
   1.9880000000000000        2.7330833239202965E-002
   1.9920000000000000        2.7324290792269949E-002
   1.9960000000000000        2.7312426920628914E-002
   2.0000000000000000        2.7296538357736475E-002
   2.0040000000000000        2.7277984343537644E-002
   2.0080000000000000        2.7258013021898186E-002
   2.0120000000000000        2.7237639336242368E-002
   2.0160000000000000        2.7217581488988094E-002
   2.0200000000000000        2.7198248006928997E-002
   2.0240000000000000        2.7179759641952139E-002
   2.0280000000000000        2.7161991440299224E-002
   2.0320000000000000        2.7144627475912331E-002
   2.0360000000000000        2.7127228643081876E-002
   2.0400000000000000        2.7109317397961668E-002
   2.0440000000000000        2.7090479207335229E-002
   2.0480000000000000        2.7070469824025254E-002
   2.0520000000000000        2.7049307474710103E-002
   2.0560000000000000        2.7027326833942381E-002
   2.0600000000000001        2.7005179805305628E-002
   2.0640000000000001        2.6983782914921338E-002
   2.0680000000000001        2.6964225301005056E-002
   2.0720000000000001        2.6947658485556573E-002
   2.0760000000000001        2.6935187706137328E-002
   2.0800000000000001        2.6927776742573375E-002
   2.0840000000000001        2.6926170647996822E-002
   2.0880000000000001        2.6930838046567217E-002
   2.0920000000000001        2.6941935928361204E-002
   2.0960000000000001        2.6959302525528091E-002
   2.1000000000000001        2.6982484484856541E-002
   2.1040000000000001        2.7010801257079865E-002
   2.1080000000000001        2.7043441603107579E-002
   2.1120000000000001        2.7079577923905147E-002
   2.1160000000000001        2.7118478521251158E-002
   2.1200000000000001        2.7159597571687379E-002
   2.1240000000000001        2.7202623348930872E-002
   2.1280000000000001        2.7247467485781600E-002
   2.1320000000000001        2.7294191160038252E-002
   2.1360000000000001        2.7342888982688298E-002
   2.1400000000000001        2.7393570575583275E-002
   2.1440000000000001        2.7446078103140231E-002
   2.1480000000000001        2.7500058234616695E-002
   2.1520000000000001        2.7554986341556554E-002
   2.1560000000000001        2.7610229113297493E-002
   2.1600000000000001        2.7665128696497891E-002
   2.1640000000000001        2.7719091740068622E-002
   2.1680000000000001        2.7771667980903122E-002
   2.1720000000000002        2.7822605802083095E-002
   2.1760000000000002        2.7871877623799949E-002
   2.1800000000000002        2.7919673859251943E-002
   2.1840000000000002        2.7966368307911750E-002
   2.1880000000000002        2.8012460167586760E-002
   2.1920000000000002        2.8058500130676654E-002
   2.1960000000000002        2.8105010430818176E-002
   2.2000000000000002        2.8152409230321654E-002
   2.2040000000000002        2.8200946783412516E-002
   2.2080000000000002        2.8250654678256559E-002
   2.2120000000000002        2.8301304361168851E-002
   2.2160000000000002        2.8352372812837694E-002
   2.2200000000000002        2.8403021577613912E-002
   2.2240000000000002        2.8452103835506316E-002
   2.2280000000000002        2.8498212593604300E-002
   2.2320000000000002        2.8539769226329371E-002
   2.2360000000000002        2.8575134825903035E-002
   2.2400000000000002        2.8602721146868990E-002
   2.2440000000000002        2.8621086215011825E-002
   2.2480000000000002        2.8629009849870622E-002
   2.2520000000000002        2.8625546969387797E-002
   2.2560000000000002        2.8610056212308690E-002
   2.2600000000000002        2.8582206275078237E-002
   2.2640000000000002        2.8541970584178386E-002
   2.2680000000000002        2.8489621453222678E-002
   2.2720000000000002        2.8425723976442999E-002
   2.2760000000000002        2.8351119327989407E-002
   2.2800000000000002        2.8266890559286759E-002
   2.2840000000000003        2.8174317598908486E-002
   2.2880000000000003        2.8074833883171928E-002
   2.2920000000000003        2.7969987948449234E-002
   2.2960000000000003        2.7861401747555515E-002
   2.3000000000000003        2.7750718239156869E-002
   2.3040000000000003        2.7639542999695569E-002
   2.3080000000000003        2.7529393858491118E-002
   2.3120000000000003        2.7421670218923926E-002
   2.3160000000000003        2.7317643004900177E-002
   2.3200000000000003        2.7218455742373377E-002
   2.3240000000000003        2.7125123040477081E-002
   2.3280000000000003        2.7038516683379796E-002
   2.3320000000000003        2.6959337794849676E-002
   2.3360000000000003        2.6888082388977413E-002
   2.3400000000000003        2.6825014411620902E-002
   2.3440000000000003        2.6770162663706357E-002
   2.3480000000000003        2.6723350736246838E-002
   2.3520000000000003        2.6684248818181343E-002
   2.3560000000000003        2.6652416656575497E-002
   2.3600000000000003        2.6627314007196215E-002
   2.3640000000000003        2.6608288971329046E-002
   2.3680000000000003        2.6594579968676986E-002
   2.3720000000000003        2.6585359512925316E-002
   2.3760000000000003        2.6579818908250990E-002
   2.3799999999999999        2.6577269737042705E-002
   2.3839999999999999        2.6577232337649831E-002
   2.3879999999999999        2.6579493063250696E-002
   2.3919999999999999        2.6584129998294955E-002
   2.3959999999999999        2.6591516573975710E-002
   2.3999999999999999        2.6602305345720566E-002
   2.4039999999999999        2.6617376377244838E-002
   2.4079999999999999        2.6637727290365284E-002
   2.4119999999999999        2.6664301071698756E-002
   2.4159999999999999        2.6697782354539321E-002
   2.4199999999999999        2.6738415068772805E-002
   2.4239999999999999        2.6785890636256277E-002
   2.4279999999999999        2.6839335772492177E-002
   2.4319999999999999        2.6897405843996719E-002
   2.4359999999999999        2.6958466507314965E-002
   2.4399999999999999        2.7020820029126362E-002
   2.4440000000000000        2.7082910877128937E-002
   2.4480000000000000        2.7143449101655313E-002
   2.4520000000000000        2.7201429235935683E-002
   2.4560000000000000        2.7256071589647726E-002
   2.4600000000000000        2.7306735250824870E-002
   2.4640000000000000        2.7352842307017563E-002
   2.4680000000000000        2.7393834165249098E-002
   2.4720000000000000        2.7429169353010475E-002
   2.4760000000000000        2.7458366027931020E-002
   2.4800000000000000        2.7481083272387106E-002
   2.4840000000000000        2.7497222168517996E-002
   2.4880000000000000        2.7507016354263707E-002
   2.4920000000000000        2.7511079784085481E-002
   2.4960000000000000        2.7510388929888420E-002
   2.5000000000000000        2.7506195844601788E-002
   2.5040000000000000        2.7499891547886582E-002
   2.5080000000000000        2.7492855993016069E-002
   2.5120000000000000        2.7486332850277777E-002
   2.5160000000000000        2.7481353640007717E-002
   2.5200000000000000        2.7478713809649516E-002
   2.5240000000000000        2.7478984538587881E-002
   2.5280000000000000        2.7482535549796520E-002
   2.5320000000000000        2.7489549318732136E-002
   2.5360000000000000        2.7500021831203699E-002
   2.5400000000000000        2.7513760380856244E-002
   2.5440000000000000        2.7530394491111280E-002
   2.5480000000000000        2.7549409562009824E-002
   2.5520000000000000        2.7570201354132552E-002
   2.5560000000000000        2.7592143080495950E-002
   2.5600000000000001        2.7614657705822086E-002
   2.5640000000000001        2.7637289299754952E-002
   2.5680000000000001        2.7659765300900013E-002
   2.5720000000000001        2.7682037723731664E-002
   2.5760000000000001        2.7704290372516670E-002
   2.5800000000000001        2.7726902587509303E-002
   2.5840000000000001        2.7750367563285833E-002
   2.5880000000000001        2.7775174106411411E-002
   2.5920000000000001        2.7801672826627984E-002
   2.5960000000000001        2.7829956614847818E-002
   2.6000000000000001        2.7859785706554022E-002
   2.6040000000000001        2.7890578478207900E-002
   2.6080000000000001        2.7921472950693717E-002
   2.6120000000000001        2.7951446897531953E-002
   2.6160000000000001        2.7979470596109748E-002
   2.6200000000000001        2.8004659068553876E-002
   2.6240000000000001        2.8026391156813674E-002
   2.6280000000000001        2.8044372201408291E-002
   2.6320000000000001        2.8058634198987017E-002
   2.6360000000000001        2.8069487407266922E-002
   2.6400000000000001        2.8077450007334918E-002
   2.6440000000000001        2.8083178927997773E-002
   2.6480000000000001        2.8087408365921780E-002
   2.6520000000000001        2.8090887734767232E-002
   2.6560000000000001        2.8094311052704941E-002
   2.6600000000000001        2.8098241098391076E-002
   2.6640000000000001        2.8103040309613164E-002
   2.6680000000000001        2.8108818836785811E-002
   2.6720000000000002        2.8115404465015734E-002
   2.6760000000000002        2.8122336641964483E-002
   2.6800000000000002        2.8128887667363742E-002
   2.6840000000000002        2.8134114004207643E-002
   2.6880000000000002        2.8136937849666383E-002
   2.6920000000000002        2.8136252905926071E-002
   2.6960000000000002        2.8131039425765402E-002
   2.7000000000000002        2.8120467385001475E-002
   2.7040000000000002        2.8103969834419561E-002
   2.7080000000000002        2.8081281823553770E-002
   2.7120000000000002        2.8052454980551617E-002
   2.7160000000000002        2.8017861055872197E-002
   2.7200000000000002        2.7978185264063919E-002
   2.7240000000000002        2.7934393337804848E-002
   2.7280000000000002        2.7887653908618946E-002
   2.7320000000000002        2.7839214880144757E-002
   2.7360000000000002        2.7790255934895966E-002
   2.7400000000000002        2.7741751734776738E-002
   2.7440000000000002        2.7694376811970775E-002
   2.7480000000000002        2.7648469522336776E-002
   2.7520000000000002        2.7604057362628148E-002
   2.7560000000000002        2.7560934239367261E-002
   2.7600000000000002        2.7518774301090392E-002
   2.7640000000000002        2.7477264839493080E-002
   2.7680000000000002        2.7436239627523017E-002
   2.7720000000000002        2.7395792426913815E-002
   2.7760000000000002        2.7356349383400456E-002
   2.7800000000000002        2.7318681835894049E-002
   2.7840000000000003        2.7283850090324205E-002
   2.7880000000000003        2.7253083490144391E-002
   2.7920000000000003        2.7227618724361323E-002
   2.7960000000000003        2.7208529719481019E-002
   2.8000000000000003        2.7196582194153159E-002
   2.8040000000000003        2.7192134674771093E-002
   2.8080000000000003        2.7195093008119803E-002
   2.8120000000000003        2.7204914262120863E-002
   2.8160000000000003        2.7220652229716206E-002
   2.8200000000000003        2.7241038115800604E-002
   2.8240000000000003        2.7264592492610300E-002
   2.8280000000000003        2.7289763418027781E-002
   2.8320000000000003        2.7315077162668230E-002
   2.8360000000000003        2.7339274844545333E-002
   2.8400000000000003        2.7361402626349271E-002
   2.8440000000000003        2.7380835816865297E-002
   2.8480000000000003        2.7397242319824825E-002
   2.8520000000000003        2.7410509896156090E-002
   2.8560000000000003        2.7420663866723902E-002
   2.8600000000000003        2.7427794526478175E-002
   2.8640000000000003        2.7432006435157249E-002
   2.8680000000000003        2.7433396631465209E-002
   2.8720000000000003        2.7432061797152366E-002
   2.8760000000000003        2.7428123886355706E-002
   2.8800000000000003        2.7421753229086618E-002
   2.8840000000000003        2.7413164635683988E-002
   2.8880000000000003        2.7402572864464764E-002
   2.8920000000000003        2.7390120584585058E-002
   2.8960000000000004        2.7375822027187715E-002
   2.9000000000000004        2.7359575296192668E-002
   2.9040000000000004        2.7341266292668982E-002
   2.9079999999999999        2.7320927237450193E-002
   2.9119999999999999        2.7298865923397555E-002
   2.9159999999999999        2.7275692611709309E-002
   2.9199999999999999        2.7252233361797443E-002
   2.9239999999999999        2.7229379017309568E-002
   2.9279999999999999        2.7207938077396455E-002
   2.9319999999999999        2.7188542924293683E-002
   2.9359999999999999        2.7171624996621430E-002
   2.9399999999999999        2.7157443491628713E-002
   2.9440000000000000        2.7146133844728984E-002
   2.9480000000000000        2.7137741052218403E-002
   2.9520000000000000        2.7132217768352708E-002
   2.9560000000000000        2.7129391034634867E-002
   2.9600000000000000        2.7128923491692873E-002
   2.9640000000000000        2.7130303843366867E-002
   2.9680000000000000        2.7132893395417475E-002
   2.9720000000000000        2.7136034622250886E-002
   2.9760000000000000        2.7139203912017830E-002
   2.9800000000000000        2.7142173803732707E-002
   2.9840000000000000        2.7145143692472822E-002
   2.9880000000000000        2.7148802577599055E-002
   2.9920000000000000        2.7154303277941296E-002
   2.9960000000000000        2.7163151757129089E-002
   3.0000000000000000        2.7177036953353311E-002
   3.0040000000000000        2.7197636213232807E-002
   3.0080000000000000        2.7226429200565280E-002
   3.0120000000000000        2.7264545302504314E-002
   3.0160000000000000        2.7312659183673607E-002
   3.0200000000000000        2.7370936545909066E-002
   3.0240000000000000        2.7439021446533634E-002
   3.0280000000000000        2.7516052137026147E-002
   3.0320000000000000        2.7600697162309618E-002
   3.0360000000000000        2.7691214545827320E-002
   3.0400000000000000        2.7785545712165190E-002
   3.0440000000000000        2.7881452757553042E-002
   3.0480000000000000        2.7976689305280203E-002
   3.0520000000000000        2.8069173139715704E-002
   3.0560000000000000        2.8157122946660083E-002
   3.0600000000000001        2.8239137909123739E-002
   3.0640000000000001        2.8314219580468123E-002
   3.0680000000000001        2.8381744964545753E-002
   3.0720000000000001        2.8441402537298297E-002
   3.0760000000000001        2.8493108702409366E-002
   3.0800000000000001        2.8536928076354086E-002
   3.0840000000000001        2.8573018075151082E-002
   3.0880000000000001        2.8601606041167179E-002
   3.0920000000000001        2.8622991655416968E-002
   3.0960000000000001        2.8637556542123792E-002
   3.1000000000000001        2.8645762596669930E-002
   3.1040000000000001        2.8648129821796646E-002
   3.1080000000000001        2.8645198312283723E-002
   3.1120000000000001        2.8637491668626613E-002
   3.1160000000000001        2.8625502124795581E-002
   3.1200000000000001        2.8609708675171954E-002
   3.1240000000000001        2.8590622524065849E-002
   3.1280000000000001        2.8568839085107725E-002
   3.1320000000000001        2.8545073255082935E-002
   3.1360000000000001        2.8520165040451389E-002
   3.1400000000000001        2.8495056164603169E-002
   3.1440000000000001        2.8470745514118004E-002
   3.1480000000000001        2.8448232046199947E-002
   3.1520000000000001        2.8428453034655184E-002
   3.1560000000000001        2.8412225733726565E-002
   3.1600000000000001        2.8400201808828188E-002
   3.1640000000000001        2.8392845360680180E-002
   3.1680000000000001        2.8390444195055639E-002
   3.1720000000000002        2.8393156371521209E-002
   3.1760000000000002        2.8401080731027709E-002
   3.1800000000000002        2.8414326723814515E-002
   3.1840000000000002        2.8433053604476035E-002
   3.1880000000000002        2.8457459474663358E-002
   3.1920000000000002        2.8487722440750467E-002
   3.1960000000000002        2.8523915546862986E-002
   3.2000000000000002        2.8565923200036383E-002
   3.2040000000000002        2.8613382382740297E-002
   3.2080000000000002        2.8665663601614971E-002
   3.2120000000000002        2.8721896509759891E-002
   3.2160000000000002        2.8781034296682079E-002
   3.2200000000000002        2.8841943115545783E-002
   3.2240000000000002        2.8903500945048049E-002
   3.2280000000000002        2.8964692242673909E-002
   3.2320000000000002        2.9024686675857062E-002
   3.2360000000000002        2.9082891428815542E-002
   3.2400000000000002        2.9138970030998686E-002
   3.2440000000000002        2.9192827243502611E-002
   3.2480000000000002        2.9244566624259956E-002
   3.2520000000000002        2.9294431564672412E-002
   3.2560000000000002        2.9342740888430346E-002
   3.2600000000000002        2.9389828194891911E-002
   3.2640000000000002        2.9435991001087927E-002
   3.2680000000000002        2.9481451750216322E-002
   3.2720000000000002        2.9526328571947751E-002
   3.2760000000000002        2.9570613022164211E-002
   3.2800000000000002        2.9614156959022839E-002
   3.2840000000000003        2.9656675819020966E-002
   3.2880000000000003        2.9697773776243237E-002
   3.2920000000000003        2.9736986428931210E-002
   3.2960000000000003        2.9773827629684727E-002
   3.3000000000000003        2.9807826454856468E-002
   3.3040000000000003        2.9838548276784740E-002
   3.3080000000000003        2.9865603751750097E-002
   3.3120000000000003        2.9888654787973028E-002
   3.3160000000000003        2.9907425483943914E-002
   3.3200000000000003        2.9921720925926838E-002
   3.3240000000000003        2.9931451239807751E-002
   3.3280000000000003        2.9936654288149310E-002
   3.3320000000000003        2.9937509255705090E-002
   3.3360000000000003        2.9934335538942005E-002
   3.3400000000000003        2.9927575366960096E-002
   3.3440000000000003        2.9917762197227912E-002
   3.3480000000000003        2.9905478172207092E-002
   3.3520000000000003        2.9891303775127314E-002
   3.3560000000000003        2.9875763424450887E-002
   3.3600000000000003        2.9859274103975268E-002
   3.3640000000000003        2.9842107989346282E-002
   3.3680000000000003        2.9824379377103645E-002
   3.3720000000000003        2.9806059503575406E-002
   3.3760000000000003        2.9787015012261605E-002
   3.3800000000000003        2.9767061305949995E-002
   3.3840000000000003        2.9746020211471429E-002
   3.3880000000000003        2.9723770199470919E-002
   3.3920000000000003        2.9700279274985922E-002
   3.3960000000000004        2.9675618682565057E-002
   3.4000000000000004        2.9649965993678751E-002
   3.4040000000000004        2.9623609292532702E-002
   3.4080000000000004        2.9596956379395994E-002
   3.4120000000000004        2.9570541316801459E-002
   3.4160000000000004        2.9545015494492507E-002
   3.4200000000000004        2.9521117122180036E-002
   3.4240000000000004        2.9499625024417251E-002
   3.4280000000000004        2.9481308953262939E-002
   3.4320000000000004        2.9466884393732677E-002
   3.4359999999999999        2.9456969955855901E-002
   3.4399999999999999        2.9452041613265114E-002
   3.4440000000000000        2.9452385583995894E-002
   3.4480000000000000        2.9458062971258834E-002
   3.4520000000000000        2.9468900442177443E-002
   3.4560000000000000        2.9484508201329706E-002
   3.4600000000000000        2.9504310202445663E-002
   3.4640000000000000        2.9527567998733781E-002
   3.4680000000000000        2.9553394624627628E-002
   3.4720000000000000        2.9580776219652469E-002
   3.4760000000000000        2.9608626299194748E-002
   3.4800000000000000        2.9635880894188508E-002
   3.4840000000000000        2.9661611867335826E-002
   3.4880000000000000        2.9685116300355422E-002
   3.4920000000000000        2.9705948862011212E-002
   3.4960000000000000        2.9723891637447264E-002
   3.5000000000000000        2.9738879718420444E-002
   3.5040000000000000        2.9750908782835993E-002
   3.5080000000000000        2.9759949232240471E-002
   3.5120000000000000        2.9765887584858697E-002
   3.5160000000000000        2.9768511929563465E-002
   3.5200000000000000        2.9767549295436728E-002
   3.5240000000000000        2.9762744720047630E-002
   3.5280000000000000        2.9753948870474754E-002
   3.5320000000000000        2.9741171772067632E-002
   3.5360000000000000        2.9724579343310947E-002
   3.5400000000000000        2.9704445351579314E-002
   3.5440000000000000        2.9681094887555944E-002
   3.5480000000000000        2.9654871413726105E-002
   3.5520000000000000        2.9626137988997211E-002
   3.5560000000000000        2.9595301828052561E-002
   3.5600000000000001        2.9562840902876825E-002
   3.5640000000000001        2.9529313713762582E-002
   3.5680000000000001        2.9495344964055415E-002
   3.5720000000000001        2.9461592145103382E-002
   3.5760000000000001        2.9428703583888226E-002
   3.5800000000000001        2.9397277151519793E-002
   3.5840000000000001        2.9367824946221609E-002
   3.5880000000000001        2.9340746240005357E-002
   3.5920000000000001        2.9316310123588200E-002
   3.5960000000000001        2.9294649962837146E-002
   3.6000000000000001        2.9275772240976040E-002
   3.6040000000000001        2.9259580515989529E-002
   3.6080000000000001        2.9245909547636881E-002
   3.6120000000000001        2.9234556069935112E-002
   3.6160000000000001        2.9225288541474052E-002
   3.6200000000000001        2.9217825502776677E-002
   3.6240000000000001        2.9211789782853527E-002
   3.6280000000000001        2.9206663071946134E-002
   3.6320000000000001        2.9201769550801136E-002
   3.6360000000000001        2.9196307101238488E-002
   3.6400000000000001        2.9189427390959893E-002
   3.6440000000000001        2.9180348788627478E-002
   3.6480000000000001        2.9168473190892337E-002
   3.6520000000000001        2.9153473952408023E-002
   3.6560000000000001        2.9135329405300326E-002
   3.6600000000000001        2.9114292680702338E-002
   3.6640000000000001        2.9090806231169171E-002
   3.6680000000000001        2.9065381649274941E-002
   3.6720000000000002        2.9038471706794675E-002
   3.6760000000000002        2.9010362284567135E-002
   3.6800000000000002        2.8981106032547947E-002
   3.6840000000000002        2.8950506205695212E-002
   3.6880000000000002        2.8918141152213823E-002
   3.6920000000000002        2.8883408242102268E-002
   3.6960000000000002        2.8845569169117218E-002
   3.7000000000000002        2.8803793106284063E-002
   3.7040000000000002        2.8757206767314112E-002
   3.7080000000000002        2.8704962359104077E-002
   3.7120000000000002        2.8646325374874302E-002
   3.7160000000000002        2.8580768701696020E-002
   3.7200000000000002        2.8508047452911519E-002
   3.7240000000000002        2.8428232011300025E-002
   3.7280000000000002        2.8341694371520988E-002
   3.7320000000000002        2.8249060255843724E-002
   3.7360000000000002        2.8151145502199569E-002
   3.7400000000000002        2.8048892862410364E-002
   3.7440000000000002        2.7943321260953415E-002
   3.7480000000000002        2.7835494689062476E-002
   3.7520000000000002        2.7726511558474498E-002
   3.7560000000000002        2.7617508399625595E-002
   3.7600000000000002        2.7509666491040270E-002
   3.7640000000000002        2.7404207999105288E-002
   3.7680000000000002        2.7302370525088021E-002
   3.7720000000000002        2.7205355703354254E-002
   3.7760000000000002        2.7114257565536492E-002
   3.7800000000000002        2.7029986107920418E-002
   3.7840000000000003        2.6953206168096919E-002
   3.7880000000000003        2.6884307767895303E-002
   3.7920000000000003        2.6823413230208249E-002
   3.7960000000000003        2.6770414601381451E-002
   3.8000000000000003        2.6725028623225788E-002
   3.8040000000000003        2.6686857538729045E-002
   3.8080000000000003        2.6655447710459666E-002
   3.8120000000000003        2.6630339613625424E-002
   3.8160000000000003        2.6611102665759931E-002
   3.8200000000000003        2.6597350230810796E-002
   3.8240000000000003        2.6588735029049165E-002
   3.8280000000000003        2.6584929047025391E-002
   3.8320000000000003        2.6585590857587691E-002
   3.8360000000000003        2.6590319830387746E-002
   3.8400000000000003        2.6598598425643490E-002
   3.8440000000000003        2.6609736123086616E-002
   3.8480000000000003        2.6622845339726840E-002
   3.8520000000000003        2.6636885349145833E-002
   3.8560000000000003        2.6650788937909183E-002
   3.8600000000000003        2.6663636167645281E-002
   3.8640000000000003        2.6674793759002852E-002
   3.8680000000000003        2.6683951331254122E-002
   3.8720000000000003        2.6691059805252080E-002
   3.8760000000000003        2.6696240752552950E-002
   3.8800000000000003        2.6699731489885487E-002
   3.8840000000000003        2.6701882145693356E-002
   3.8880000000000003        2.6703180031542467E-002
   3.8920000000000003        2.6704265636417115E-002
   3.8960000000000004        2.6705915231484304E-002
   3.9000000000000004        2.6708982185540579E-002
