  -0.9274786  -4.0156092   3.0881306
  -0.9274790  -4.0217663   3.0942873
  -0.9274796  -4.0278676   3.1003880
  -0.9274790  -4.0223146   3.0948357
  -0.9274792  -4.0190502   3.0915710
  -0.9274796  -4.0154364   3.0879568
  -0.9274795  -4.0016587   3.0741792
  -0.9274793  -3.9849980   3.0575187
  -0.9274787  -3.9851694   3.0576907
  -0.9274802  -4.0150099   3.0875297
  -0.9274810  -4.0322058   3.1047248
  -0.9274802  -4.0121715   3.0846913
  -0.9274794  -3.9779244   3.0504450
  -0.9274786  -3.9620866   3.0346080
  -0.9274795  -3.9923849   3.0649054
  -0.9274805  -4.0334131   3.1059326
  -0.9274800  -4.0405540   3.1130740
  -0.9274788  -4.0253663   3.0978875
  -0.9274785  -4.0310428   3.1035642
  -0.9274796  -4.0651168   3.1376372
  -0.9274802  -4.0887435   3.1612633
  -0.9274796  -4.0745252   3.1470455
  -0.9274790  -4.0396741   3.1121951
  -0.9274786  -4.0176643   3.0901858
  -0.9274798  -4.0236773   3.0961975
  -0.9274792  -4.0279183   3.1004391
  -0.9274794  -4.0302296   3.1027502
  -0.9274794  -4.0288388   3.1013594
  -0.9274802  -4.0178221   3.0903420
  -0.9274796  -3.9789309   3.0514512
  -0.9274779  -3.9358787   3.0084008
  -0.9274780  -3.9488022   3.0213243
  -0.9274787  -4.0163406   3.0888619
  -0.9274797  -4.1025095   3.1750298
  -0.9274805  -4.1573184   3.2298380
  -0.9274793  -4.1596155   3.2321361
  -0.9274795  -4.1388166   3.2113371
  -0.9274797  -4.1030791   3.1755994
  -0.9274788  -4.0583384   3.1308596
  -0.9274781  -4.0416731   3.1141949
  -0.9274795  -4.0710863   3.1436068
  -0.9274805  -4.0977909   3.1703104
  -0.9274797  -4.0806465   3.1531668
  -0.9274781  -4.0447859   3.1173078
  -0.9274783  -4.0445131   3.1170349
  -0.9274793  -4.0708952   3.1434160
  -0.9274800  -4.0883908   3.1609108
  -0.9274795  -4.0728640   3.1453844
  -0.9274785  -4.0380529   3.1105744
  -0.9274787  -4.0281553   3.1006766
  -0.9274795  -4.0432561   3.1157765
  -0.9274797  -4.0520158   3.1245361
  -0.9274784  -4.0546760   3.1271975
  -0.9274797  -4.0820151   3.1545354
  -0.9274813  -4.0984285   3.1709472
  -0.9274806  -4.0509403   3.1234597
  -0.9274786  -3.9705701   3.0430915
  -0.9274780  -3.9390907   3.0116127
  -0.9274790  -3.9855806   3.0581016
  -0.9274796  -4.0753524   3.1478728
  -0.9274810  -4.1577253   3.2302443
  -0.9274811  -4.1740660   3.2465849
  -0.9274804  -4.1124470   3.1849666
  -0.9274787  -4.0082628   3.0807841
  -0.9274776  -3.9336557   3.0061781
  -0.9274789  -3.9274915   3.0000125
  -0.9274798  -3.9501935   3.0227137
  -0.9274785  -3.9675469   3.0400685
  -0.9274790  -4.0070819   3.0796029
  -0.9274799  -4.0541440   3.1266641
  -0.9274800  -4.0653882   3.1379081
  -0.9274799  -4.0335990   3.1061191
  -0.9274787  -3.9775536   3.0500750
  -0.9274778  -3.9562556   3.0287778
  -0.9274791  -3.9997948   3.0723157
  -0.9274807  -4.0568877   3.1294071
  -0.9274804  -4.0639686   3.1364882
  -0.9274792  -4.0274671   3.0999879
  -0.9274792  -3.9848661   3.0573869
  -0.9274789  -3.9454828   3.0180039
  -0.9274788  -3.9166674   2.9891886
  -0.9274792  -3.9022236   2.9747444
  -0.9274783  -3.8965788   2.9691005
  -0.9274787  -3.9222530   2.9947743
  -0.9274801  -3.9594852   3.0320051
  -0.9274796  -3.9612497   3.0337701
  -0.9274793  -3.9389353   3.0114560
  -0.9274786  -3.9180550   2.9905765
  -0.9274781  -3.9298981   3.0024199
  -0.9274793  -3.9883743   3.0608950
  -0.9274805  -4.0431072   3.1156267
  -0.9274794  -4.0463902   3.1189109
  -0.9274787  -4.0289417   3.1014630
  -0.9274786  -4.0214638   3.0939852
  -0.9274790  -4.0197568   3.0922778
  -0.9274790  -4.0096492   3.0821702
  -0.9274786  -3.9875023   3.0600237
  -0.9274780  -3.9728357   3.0453577
  -0.9274787  -3.9823541   3.0548754
  -0.9274799  -3.9943769   3.0668970
  -0.9274796  -3.9825209   3.0550413
  -0.9274797  -3.9494404   3.0219607
  -0.9274784  -3.9039177   2.9764393
  -0.9274785  -3.8909819   2.9635034
  -0.9274791  -3.9145156   2.9870365
  -0.9274803  -3.9473724   3.0198921
  -0.9274796  -3.9490139   3.0215343
  -0.9274785  -3.9414325   3.0139541
  -0.9274795  -3.9579478   3.0304684
  -0.9274804  -3.9664600   3.0389796
  -0.9274797  -3.9433065   3.0158269
  -0.9274782  -3.9086358   2.9811576
  -0.9274780  -3.9159964   2.9885184
  -0.9274788  -3.9820245   3.0545457
  -0.9274797  -4.0787817   3.1513019
  -0.9274803  -4.1526800   3.2251997
  -0.9274800  -4.1671063   3.2396263
  -0.9274799  -4.1253553   3.1978754
  -0.9274796  -4.0421986   3.1147191
  -0.9274777  -3.9524475   3.0249698
  -0.9274779  -3.9213609   2.9938830
  -0.9274800  -3.9423335   3.0148535
  -0.9274802  -3.9424428   3.0149626
  -0.9274787  -3.9121849   2.9847062
  -0.9274793  -3.8963284   2.9688491
  -0.9274788  -3.8979741   2.9704953
  -0.9274786  -3.9311537   3.0036750
  -0.9274792  -3.9991849   3.0717057
  -0.9274796  -4.0679859   3.1405063
  -0.9274787  -4.1155742   3.1880954
  -0.9274795  -4.1592762   3.2317967
  -0.9274805  -4.1697262   3.2422457
  -0.9274799  -4.1150549   3.1875751
  -0.9274789  -4.0269463   3.0994675
  -0.9274776  -3.9587104   3.0312328
  -0.9274782  -3.9532194   3.0257412
  -0.9274792  -3.9984420   3.0709628
  -0.9274807  -4.0481548   3.1206741
  -0.9274806  -4.0469751   3.1194945
  -0.9274789  -4.0023535   3.0748746
  -0.9274792  -3.9701958   3.0427165
  -0.9274788  -3.9598595   3.0323807
  -0.9274792  -3.9820644   3.0545852
  -0.9274798  -4.0223171   3.0948373
  -0.9274802  -4.0520900   3.1246098
  -0.9274804  -4.0528974   3.1254171
  -0.9274794  -4.0217044   3.0942250
  -0.9274785  -3.9914364   3.0639579
  -0.9274788  -3.9932109   3.0657322
  -0.9274805  -4.0154581   3.0879776
  -0.9274793  -4.0111147   3.0836354
  -0.9274791  -4.0050134   3.0775343
  -0.9274791  -4.0202527   3.0927736
  -0.9274798  -4.0556939   3.1282141
  -0.9274808  -4.0804121   3.1529313
  -0.9274796  -4.0607350   3.1332553
  -0.9274782  -4.0291689   3.1016906
  -0.9274784  -4.0305094   3.1030310
  -0.9274789  -4.0636737   3.1361948
  -0.9274794  -4.1067519   3.1792724
  -0.9274796  -4.1364073   3.2089277
  -0.9274803  -4.1347931   3.2073128
  -0.9274794  -4.0851470   3.1576676
  -0.9274776  -4.0255141   3.0980365
  -0.9274784  -4.0129429   3.0854644
  -0.9274794  -4.0276649   3.1001855
  -0.9274793  -4.0327025   3.1052232
  -0.9274795  -4.0330465   3.1055670
  -0.9274802  -4.0201929   3.0927127
  -0.9274793  -3.9803042   3.0528249
  -0.9274796  -3.9393379   3.0118583
  -0.9274794  -3.8977178   2.9702384
  -0.9274795  -3.8658255   2.9383460
  -0.9274790  -3.8483392   2.9208602
  -0.9274788  -3.8664015   2.9389227
  -0.9274796  -3.9227242   2.9952446
  -0.9274803  -3.9790715   3.0515912
  -0.9274808  -3.9992141   3.0717333
  -0.9274801  -3.9713349   3.0438548
  -0.9274790  -3.9169765   2.9894975
  -0.9274780  -3.8854890   2.9580111
  -0.9274792  -3.9069065   2.9794273
  -0.9274798  -3.9436812   3.0162014
  -0.9274795  -3.9673409   3.0398615
  -0.9274791  -3.9820908   3.0546116
  -0.9274793  -4.0020186   3.0745393
  -0.9274792  -4.0248514   3.0973721
  -0.9274789  -4.0503787   3.1228999
  -0.9274790  -4.0896200   3.1621411
  -0.9274794  -4.1332456   3.2057662
  -0.9274795  -4.1614624   3.2339829
  -0.9274793  -4.1671711   3.2396917
  -0.9274794  -4.1518126   3.2243331
  -0.9274795  -4.1192091   3.1917296
  -0.9274795  -4.0703655   3.1428859
  -0.9274795  -4.0095766   3.0820971
  -0.9274783  -3.9529541   3.0254758
  -0.9274775  -3.9478856   3.0204080
  -0.9274799  -4.0176577   3.0901778
  -0.9274810  -4.0798895   3.1524085
  -0.9274805  -4.0802379   3.1527574
  -0.9274805  -4.0265961   3.0991156
  -0.9274790  -3.9358022   3.0083232
  -0.9274780  -3.8674663   2.9399884
  -0.9274780  -3.8750980   2.9476200
  -0.9274799  -3.9514461   3.0239662
  -0.9274806  -4.0218626   3.0943820
  -0.9274806  -4.0420270   3.1145464
  -0.9274797  -4.0105293   3.0830496
  -0.9274785  -3.9622360   3.0347575
  -0.9274776  -3.9498885   3.0224109
  -0.9274786  -3.9996117   3.0721332
  -0.9274801  -4.0695114   3.1420313
  -0.9274804  -4.1016656   3.1741851
  -0.9274791  -4.0772714   3.1497923
  -0.9274786  -4.0326769   3.1051983
  -0.9274784  -4.0001055   3.0726272
  -0.9274792  -3.9908699   3.0633907
  -0.9274795  -3.9859913   3.0585118
  -0.9274784  -3.9842119   3.0567335
  -0.9274786  -4.0191083   3.0916297
  -0.9274797  -4.0749688   3.1474891
  -0.9274801  -4.1126259   3.1851458
  -0.9274802  -4.1043726   3.1768923
  -0.9274794  -4.0537599   3.1262804
  -0.9274788  -3.9949048   3.0674261
  -0.9274789  -3.9556524   3.0281735
  -0.9274792  -3.9423832   3.0149040
  -0.9274791  -3.9454436   3.0179646
  -0.9274788  -3.9669012   3.0394224
  -0.9274800  -4.0042203   3.0767403
  -0.9274801  -4.0172520   3.0897719
  -0.9274789  -4.0044215   3.0769427
  -0.9274783  -4.0088150   3.0813366
  -0.9274790  -4.0436249   3.1161459
  -0.9274801  -4.0803512   3.1528711
  -0.9274803  -4.0818958   3.1544155
  -0.9274786  -4.0559756   3.1284970
  -0.9274784  -4.0536679   3.1261896
  -0.9274794  -4.0807774   3.1532980
  -0.9274797  -4.1022816   3.1748019
  -0.9274796  -4.1054498   3.1779702
  -0.9274799  -4.0918032   3.1643232
  -0.9274793  -4.0551370   3.1276576
  -0.9274789  -4.0198978   3.0924189
  -0.9274788  -4.0110573   3.0835785
  -0.9274795  -4.0277081   3.1002286
  -0.9274794  -4.0492160   3.1217366
  -0.9274802  -4.0705168   3.1430366
  -0.9274802  -4.0686630   3.1411829
  -0.9274794  -4.0386050   3.1111257
  -0.9274787  -4.0151200   3.0876414
  -0.9274801  -4.0181666   3.0906865
  -0.9274795  -4.0145822   3.0871027
  -0.9274792  -4.0131150   3.0856358
  -0.9274794  -4.0211109   3.0936315
  -0.9274790  -4.0311196   3.1036406
  -0.9274795  -4.0466190   3.1191395
  -0.9274792  -4.0543715   3.1268923
  -0.9274793  -4.0594466   3.1319673
  -0.9274794  -4.0581715   3.1306920
  -0.9274794  -4.0453219   3.1178426
  -0.9274789  -4.0320433   3.1045644
  -0.9274794  -4.0362621   3.1087827
  -0.9274803  -4.0352301   3.1077498
  -0.9274794  -4.0051722   3.0776928
  -0.9274784  -3.9764853   3.0490069
  -0.9274787  -3.9850856   3.0576069
  -0.9274799  -4.0215313   3.0940515
  -0.9274801  -4.0393205   3.1118403
  -0.9274796  -4.0276091   3.1001295
  -0.9274790  -4.0096151   3.0821361
  -0.9274793  -4.0065832   3.0791039
  -0.9274797  -4.0120921   3.0846123
  -0.9274786  -4.0160187   3.0885401
  -0.9274788  -4.0525134   3.1250346
  -0.9274807  -4.1052924   3.1778117
  -0.9274815  -4.1069643   3.1794827
  -0.9274795  -4.0325435   3.1050640
  -0.9274777  -3.9700709   3.0425932
  -0.9274800  -3.9807688   3.0532888
  -0.9274799  -3.9962949   3.0688150
  -0.9274790  -4.0066289   3.0791499
  -0.9274793  -4.0314050   3.1039257
  -0.9274795  -4.0604898   3.1330102
  -0.9274794  -4.0808671   3.1533877
  -0.9274796  -4.0919164   3.1644367
  -0.9274798  -4.0849650   3.1574851
  -0.9274791  -4.0579250   3.1304459
  -0.9274791  -4.0327161   3.1052370
  -0.9274795  -4.0129839   3.0855044
  -0.9274797  -3.9919208   3.0644412
  -0.9274803  -3.9638138   3.0363335
  -0.9274794  -3.9199177   2.9924383
  -0.9274784  -3.8952665   2.9677882
  -0.9274787  -3.9353650   3.0078864
  -0.9274798  -4.0247193   3.0972395
  -0.9274805  -4.1026315   3.1751510
  -0.9274806  -4.1265477   3.1990672
  -0.9274797  -4.0914165   3.1639368
  -0.9274782  -4.0328802   3.1054020
  -0.9274785  -4.0074208   3.0799423
  -0.9274791  -4.0125621   3.0850830
  -0.9274796  -4.0198139   3.0923343
  -0.9274798  -4.0142447   3.0867649
  -0.9274798  -3.9871276   3.0596478
  -0.9274785  -3.9456367   3.0181581
  -0.9274789  -3.9275975   3.0001185
  -0.9274786  -3.9391555   3.0116769
  -0.9274805  -3.9718369   3.0443565
  -0.9274802  -3.9734024   3.0459222
  -0.9274787  -3.9475943   3.0201156
  -0.9274785  -3.9475452   3.0200667
  -0.9274798  -3.9779025   3.0504228
  -0.9274803  -3.9922649   3.0647846
  -0.9274794  -3.9721669   3.0446874
  -0.9274783  -3.9492225   3.0217442
  -0.9274792  -3.9591861   3.0317069
  -0.9274797  -3.9792217   3.0517420
  -0.9274790  -3.9949907   3.0675117
  -0.9274787  -4.0283450   3.1008663
  -0.9274800  -4.0754527   3.1479728
  -0.9274801  -4.0998858   3.1724057
  -0.9274799  -4.0779442   3.1504643
  -0.9274785  -4.0225166   3.0950381
  -0.9274786  -3.9787979   3.0513192
  -0.9274784  -3.9577879   3.0303095
  -0.9274786  -3.9646408   3.0371622
  -0.9274797  -3.9834755   3.0559957
  -0.9274793  -3.9818684   3.0543891
  -0.9274788  -3.9740669   3.0465881
  -0.9274803  -3.9672412   3.0397609
  -0.9274794  -3.9281513   3.0006718
  -0.9274781  -3.8885277   2.9610496
  -0.9274787  -3.8927560   2.9652772
  -0.9274791  -3.9242351   2.9967561
  -0.9274791  -3.9592202   3.0317411
  -0.9274792  -3.9891441   3.0616649
  -0.9274795  -4.0103169   3.0828375
  -0.9274796  -4.0155953   3.0881157
  -0.9274793  -3.9989765   3.0714972
  -0.9274780  -3.9789286   3.0514506
  -0.9274786  -3.9921981   3.0647195
  -0.9274796  -4.0220899   3.0946103
  -0.9274792  -4.0362979   3.1088187
  -0.9274794  -4.0373459   3.1098665
  -0.9274793  -4.0218874   3.0944080
  -0.9274789  -4.0002987   3.0728198
  -0.9274793  -3.9930658   3.0655865
  -0.9274795  -3.9904070   3.0629275
  -0.9274795  -3.9891170   3.0616375
  -0.9274801  -3.9804138   3.0529337
  -0.9274788  -3.9545186   3.0270398
  -0.9274790  -3.9445882   3.0171092
  -0.9274799  -3.9506700   3.0231901
  -0.9274793  -3.9450169   3.0175376
  -0.9274783  -3.9471366   3.0196583
  -0.9274788  -3.9851032   3.0576245
  -0.9274791  -4.0403818   3.1129027
  -0.9274795  -4.0931766   3.1656971
  -0.9274800  -4.1224743   3.1949943
  -0.9274801  -4.1112334   3.1837533
  -0.9274799  -4.0558283   3.1283485
  -0.9274785  -3.9825543   3.0550758
  -0.9274778  -3.9447148   3.0172370
  -0.9274788  -3.9723528   3.0448739
  -0.9274802  -4.0253743   3.0978941
  -0.9274794  -4.0500517   3.1225723
  -0.9274785  -4.0638299   3.1363514
  -0.9274791  -4.0948887   3.1674096
  -0.9274800  -4.1275212   3.2000413
  -0.9274803  -4.1270950   3.1996147
  -0.9274784  -4.0935476   3.1660692
  -0.9274784  -4.0830525   3.1555740
  -0.9274797  -4.1036865   3.1762067
  -0.9274806  -4.1002367   3.1727561
  -0.9274796  -4.0436888   3.1162091
  -0.9274780  -3.9803376   3.0528596
  -0.9274780  -3.9750576   3.0475796
  -0.9274800  -4.0307270   3.1032470
  -0.9274814  -4.0675758   3.1400944
  -0.9274801  -4.0302572   3.1027771
  -0.9274785  -3.9597339   3.0322554
  -0.9274786  -3.9165028   2.9890242
  -0.9274793  -3.9096920   2.9822126
  -0.9274796  -3.9152402   2.9877607
  -0.9274791  -3.9309484   3.0034693
  -0.9274794  -3.9622753   3.0347958
  -0.9274802  -3.9957776   3.0682974
  -0.9274799  -4.0073829   3.0799031
  -0.9274786  -4.0157836   3.0883051
  -0.9274806  -4.0501626   3.1226820
  -0.9274800  -4.0548280   3.1273479
  -0.9274793  -4.0337423   3.1062630
  -0.9274790  -4.0144479   3.0869690
  -0.9274788  -4.0124989   3.0850200
  -0.9274792  -4.0370906   3.1096115
  -0.9274804  -4.0690496   3.1415693
  -0.9274800  -4.0695957   3.1421157
  -0.9274797  -4.0428780   3.1153983
