    0.004671    0.000000
    0.009342    0.000000
    0.014013    0.000000
    0.018684    0.000000
    0.023355    0.000000
    0.028026    0.000000
    0.032697    0.000000
    0.037368    0.000000
    0.042039    0.000000
    0.046710    0.000000
    0.051381    0.000000
    0.056052    0.000000
    0.060723    0.000000
    0.065394    0.000000
    0.070065    0.000000
    0.074736    0.000000
    0.079407    0.000000
    0.084078    0.000000
    0.088749    0.000000
    0.093420    0.000000
    0.098091    0.000000
    0.102762    0.000000
    0.107433    0.000000
    0.112104    0.000000
    0.116775    0.000000
    0.121446    0.000000
    0.126117    0.000000
    0.130788    0.000000
    0.135459    0.000000
    0.140130    0.000000
    0.144801    0.000000
    0.149472    0.000000
    0.154143    0.000000
    0.158814    0.000000
    0.163485    0.000000
    0.168156    0.000000
    0.172827    0.000000
    0.177498    0.000000
    0.182169    0.000000
    0.186840    0.000000
    0.191511    0.000000
    0.196182    0.000000
    0.200853    0.000000
    0.205524    0.000000
    0.210195    0.000000
    0.214866    0.000000
    0.219537    0.000000
    0.224208    0.000000
    0.228879    0.000000
    0.233550    0.000000
    0.238221    0.000000
    0.242892    0.000000
    0.247563    0.000000
    0.252234    0.000000
    0.256905    0.000000
    0.261576    0.000000
    0.266247    0.000000
    0.270918    0.000000
    0.275589    0.000000
    0.280260    0.000000
    0.284931    0.000000
    0.289602    0.000000
    0.294273    0.000000
    0.298944    0.000000
    0.303615    0.000000
    0.308286    0.000000
    0.312957    0.000000
    0.317628    0.000000
    0.322299    0.000000
    0.326970    0.000000
    0.331641    0.000000
    0.336312    0.000000
    0.340983    0.000000
    0.345654    0.000000
    0.350325    0.000000
    0.354996    0.000000
    0.359667    0.000000
    0.364338    0.000000
    0.369009    0.000000
    0.373680    0.000000
    0.378351    0.000000
    0.383022    0.000000
    0.387693    0.000000
    0.392364    0.000000
    0.397035    0.000000
    0.401706    0.000000
    0.406377    0.000000
    0.411048    0.000000
    0.415719    0.000000
    0.420390    0.000000
    0.425061    0.000000
    0.429732    0.000000
    0.434403    0.000000
    0.439074    0.000000
    0.443745    0.000000
    0.448416    0.000000
    0.453087    0.000000
    0.457758    0.000000
    0.462429    0.000000
    0.467100    0.000000
    0.471771    0.000000
    0.476442    0.000000
    0.481113    0.000000
    0.485784    0.000000
    0.490455    0.000000
    0.495126    0.000000
    0.499797    0.000000
    0.504468    0.000000
    0.509139    0.000000
    0.513810    0.000000
    0.518481    0.000000
    0.523152    0.000000
    0.527823    0.000000
    0.532494    0.000000
    0.537165    0.000000
    0.541836    0.000000
    0.546507    0.000000
    0.551178    0.000000
    0.555849    0.000000
    0.560520    0.000000
    0.565191    0.000000
    0.569862    0.000000
    0.574533    0.000000
    0.579204    0.000000
    0.583875    0.000000
    0.588546    0.000000
    0.593217    0.000000
    0.597888    0.000000
    0.602559    0.000000
    0.607230    0.000000
    0.611901    0.000000
    0.616572    0.000000
    0.621243    0.000000
    0.625914    0.000000
    0.630585    0.000000
    0.635256    0.000000
    0.639927    0.000000
    0.644598    0.000000
    0.649269    0.000000
    0.653940    0.000000
    0.658611    0.000000
    0.663282    0.000000
    0.667953    0.000000
    0.672624    0.000000
    0.677295    0.000000
    0.681966    0.000000
    0.686637    0.000000
    0.691308    0.000000
    0.695979    0.000000
    0.700650    0.000000
    0.705321    0.000000
    0.709992    0.000000
    0.714663    0.000000
    0.719334    0.000000
    0.724005    0.000000
    0.728676    0.000000
    0.733347    0.000000
    0.738018    0.000000
    0.742689    0.000000
    0.747360    0.000000
    0.752031    0.000000
    0.756702    0.000000
    0.761373    0.000000
    0.766044    0.000000
    0.770715    0.000000
    0.775386    0.000000
    0.780057    0.000000
    0.784728    0.000000
    0.789399    0.000000
    0.794070    0.000000
    0.798741    0.000000
    0.803412    0.000000
    0.808083    0.000000
    0.812754    0.000000
    0.817425    0.000000
    0.822096    0.000000
    0.826767    0.000000
    0.831438    0.000000
    0.836109    0.000000
    0.840780    0.000000
    0.845451    0.000120
    0.850122    0.000689
    0.854793    0.001262
    0.859464    0.002356
    0.864135    0.003857
    0.868806    0.007130
    0.873477    0.012524
    0.878148    0.020471
    0.882819    0.029947
    0.887490    0.048197
    0.892161    0.075904
    0.896832    0.104817
    0.901503    0.141690
    0.906174    0.192540
    0.910845    0.248192
    0.915516    0.320402
    0.920187    0.400464
    0.924858    0.491914
    0.929529    0.588475
    0.934200    0.698161
    0.938871    0.816680
    0.943542    0.952621
    0.948213    1.096731
    0.952884    1.228944
    0.957555    1.378746
    0.962226    1.542107
    0.966897    1.695004
    0.971568    1.824005
    0.976239    1.965937
    0.980910    2.100079
    0.985581    2.227007
    0.990252    2.353921
    0.994923    2.480411
    0.999594    2.584598
    1.004265    2.680811
    1.008936    2.764978
    1.013607    2.847503
    1.018278    2.892068
    1.022949    2.958937
    1.027620    3.002342
    1.032291    3.029527
    1.036962    3.050624
    1.041633    3.078809
    1.046304    3.066129
    1.050975    3.064886
    1.055646    3.051021
    1.060317    3.041435
    1.064988    2.998697
    1.069659    2.981897
    1.074330    2.954907
    1.079001    2.913697
    1.083672    2.861526
    1.088343    2.815948
    1.093014    2.783146
    1.097685    2.723215
    1.102356    2.657484
    1.107027    2.604716
    1.111698    2.522833
    1.116369    2.453991
    1.121040    2.384632
    1.125711    2.326234
    1.130382    2.270901
    1.135053    2.200882
    1.139724    2.141064
    1.144395    2.078923
    1.149066    2.030055
    1.153737    1.966716
    1.158408    1.889839
    1.163079    1.826666
    1.167750    1.776046
    1.172421    1.725230
    1.177092    1.657313
    1.181763    1.591169
    1.186434    1.541931
    1.191105    1.480242
    1.195776    1.414869
    1.200447    1.352783
    1.205118    1.325476
    1.209789    1.278672
    1.214460    1.223221
    1.219131    1.171723
    1.223802    1.130340
    1.228473    1.082016
    1.233144    1.036785
    1.237815    1.002678
    1.242486    0.970435
    1.247157    0.934164
    1.251828    0.899380
    1.256499    0.866367
    1.261170    0.831339
    1.265841    0.805776
    1.270512    0.770072
    1.275183    0.738488
    1.279854    0.717996
    1.284525    0.685115
    1.289196    0.659158
    1.293867    0.638401
    1.298538    0.621616
    1.303209    0.601272
    1.307880    0.585985
    1.312551    0.568754
    1.317222    0.549333
    1.321893    0.539814
    1.326564    0.528537
    1.331235    0.515459
    1.335906    0.500891
    1.340577    0.491752
    1.345248    0.481590
    1.349919    0.466575
    1.354590    0.459876
    1.359261    0.450654
    1.363932    0.451068
    1.368603    0.443951
    1.373274    0.448362
    1.377945    0.437455
    1.382616    0.437598
    1.387287    0.435021
    1.391958    0.433104
    1.396629    0.432165
    1.401300    0.430102
    1.405971    0.434026
    1.410642    0.437639
    1.415313    0.436139
    1.419984    0.440647
    1.424655    0.450571
    1.429326    0.446538
    1.433997    0.451480
    1.438668    0.449162
    1.443339    0.453423
    1.448010    0.461215
    1.452681    0.470299
    1.457352    0.476179
    1.462023    0.481721
    1.466694    0.485083
    1.471365    0.490588
    1.476036    0.495951
    1.480707    0.500137
    1.485378    0.509969
    1.490049    0.510858
    1.494720    0.519979
    1.499391    0.526007
    1.504062    0.531907
    1.508733    0.532337
    1.513404    0.542614
    1.518075    0.546287
    1.522746    0.549506
    1.527417    0.558674
    1.532088    0.559597
    1.536759    0.562335
    1.541430    0.567596
    1.546101    0.569385
    1.550772    0.575626
    1.555443    0.576034
    1.560114    0.580709
    1.564785    0.583756
    1.569456    0.588233
    1.574127    0.589836
    1.578798    0.594003
    1.583469    0.593492
    1.588140    0.595049
    1.592811    0.601025
    1.597482    0.604582
    1.602153    0.608222
    1.606824    0.607370
    1.611495    0.611376
    1.616166    0.613169
    1.620837    0.614465
    1.625508    0.617265
    1.630179    0.627841
    1.634850    0.633233
    1.639521    0.637128
    1.644192    0.645250
    1.648863    0.650185
    1.653534    0.658725
    1.658205    0.663606
    1.662876    0.676139
    1.667547    0.679526
    1.672218    0.686047
    1.676889    0.702165
    1.681560    0.714333
    1.686231    0.727632
    1.690902    0.741373
    1.695573    0.755622
    1.700244    0.770977
    1.704915    0.794926
    1.709586    0.804632
    1.714257    0.818550
    1.718928    0.841074
    1.723599    0.864787
    1.728270    0.881651
    1.732941    0.906255
    1.737612    0.923372
    1.742283    0.944259
    1.746954    0.967021
    1.751625    0.991045
    1.756296    1.020393
    1.760967    1.045532
    1.765638    1.066650
    1.770309    1.098509
    1.774980    1.123866
    1.779651    1.148191
    1.784322    1.178051
    1.788993    1.197689
    1.793664    1.230669
    1.798335    1.249076
    1.803006    1.272920
    1.807677    1.291704
    1.812348    1.315836
    1.817019    1.350487
    1.821690    1.373982
    1.826361    1.391945
    1.831032    1.405842
    1.835703    1.412663
    1.840374    1.426521
    1.845045    1.454330
    1.849716    1.473301
    1.854387    1.490207
    1.859058    1.500118
    1.863729    1.503009
    1.868400    1.505865
    1.873071    1.512599
    1.877742    1.526072
    1.882413    1.534913
    1.887084    1.545580
    1.891755    1.534253
    1.896426    1.532357
    1.901097    1.537810
    1.905768    1.532643
    1.910439    1.534805
    1.915110    1.525834
    1.919781    1.527137
    1.924452    1.513162
    1.929123    1.506556
    1.933794    1.496311
    1.938465    1.487203
    1.943136    1.475976
    1.947807    1.464238
    1.952478    1.450523
    1.957149    1.439422
    1.961820    1.424440
    1.966491    1.404634
    1.971162    1.377667
    1.975833    1.369445
    1.980504    1.357711
    1.985175    1.340218
    1.989846    1.331615
    1.994517    1.319374
    1.999188    1.301825
    2.003859    1.282752
    2.008530    1.270370
    2.013201    1.253227
    2.017872    1.238097
    2.022543    1.215599
    2.027214    1.196616
    2.031885    1.179765
    2.036556    1.167252
    2.041227    1.156419
    2.045898    1.141211
    2.050569    1.123907
    2.055240    1.108795
    2.059911    1.095217
    2.064582    1.086335
    2.069253    1.072957
    2.073924    1.058282
    2.078595    1.039439
    2.083266    1.037786
    2.087937    1.029803
    2.092608    1.015677
    2.097279    1.004102
    2.101950    0.996049
    2.106621    0.981206
    2.111292    0.969348
    2.115963    0.961185
    2.120634    0.949574
    2.125305    0.943963
    2.129976    0.944703
    2.134647    0.935902
    2.139318    0.928601
    2.143989    0.920492
    2.148660    0.911761
    2.153331    0.902050
    2.158002    0.902607
    2.162673    0.900144
    2.167344    0.890519
    2.172015    0.889972
    2.176686    0.887408
    2.181357    0.883882
    2.186028    0.875629
    2.190699    0.869578
    2.195370    0.865961
    2.200041    0.863357
    2.204712    0.864169
    2.209383    0.859330
    2.214054    0.855073
    2.218725    0.850015
    2.223396    0.847739
    2.228067    0.847562
    2.232738    0.848745
    2.237409    0.850199
    2.242080    0.853963
    2.246751    0.849893
    2.251422    0.850037
    2.256093    0.851342
    2.260764    0.850956
    2.265435    0.850832
    2.270106    0.855767
    2.274777    0.852065
    2.279448    0.851242
    2.284119    0.857489
    2.288790    0.857177
    2.293461    0.863805
    2.298132    0.870744
    2.302803    0.870346
    2.307474    0.871987
    2.312145    0.875780
    2.316816    0.877372
    2.321487    0.877073
    2.326158    0.876900
    2.330829    0.880815
    2.335500    0.883375
    2.340171    0.887172
    2.344842    0.892474
    2.349513    0.895322
    2.354184    0.900125
    2.358855    0.901443
    2.363526    0.904363
    2.368197    0.910180
    2.372868    0.918307
    2.377539    0.922361
    2.382210    0.927234
    2.386881    0.933159
    2.391552    0.936350
    2.396223    0.935279
    2.400894    0.935695
    2.405565    0.938085
    2.410236    0.943611
    2.414907    0.943930
    2.419578    0.948748
    2.424249    0.949766
    2.428920    0.952391
    2.433591    0.955004
    2.438262    0.956888
    2.442933    0.955820
    2.447604    0.954119
    2.452275    0.950460
    2.456946    0.953345
    2.461617    0.955360
    2.466288    0.946677
    2.470959    0.947211
    2.475630    0.946674
    2.480301    0.944017
    2.484972    0.942277
    2.489643    0.940330
    2.494314    0.935707
    2.498985    0.928982
    2.503656    0.920763
    2.508327    0.916022
    2.512998    0.914161
    2.517669    0.911460
    2.522340    0.903028
    2.527011    0.899022
    2.531682    0.897692
    2.536353    0.890835
    2.541024    0.883942
    2.545695    0.880466
    2.550366    0.877928
    2.555037    0.873557
    2.559708    0.864584
    2.564379    0.856775
    2.569050    0.847273
    2.573721    0.844555
    2.578392    0.842114
    2.583063    0.838796
    2.587734    0.834152
    2.592405    0.824035
    2.597076    0.819851
    2.601747    0.816733
    2.606418    0.813029
    2.611089    0.810785
    2.615760    0.808195
    2.620431    0.801937
    2.625102    0.805654
    2.629773    0.805080
    2.634444    0.805097
    2.639115    0.807213
    2.643786    0.806754
    2.648457    0.810222
    2.653128    0.811501
    2.657799    0.813008
    2.662470    0.818191
    2.667141    0.820722
    2.671812    0.825976
    2.676483    0.827689
    2.681154    0.840552
    2.685825    0.846588
    2.690496    0.854049
    2.695167    0.865464
    2.699838    0.869342
    2.704509    0.877390
    2.709180    0.885010
    2.713851    0.899864
    2.718522    0.909722
    2.723193    0.917530
    2.727864    0.928015
    2.732535    0.943149
    2.737206    0.954762
    2.741877    0.969632
    2.746548    0.985252
    2.751219    0.997619
    2.755890    1.012404
    2.760561    1.029594
    2.765232    1.045580
    2.769903    1.057323
    2.774574    1.075546
    2.779245    1.089201
    2.783916    1.101257
    2.788587    1.117173
    2.793258    1.132672
    2.797929    1.148564
    2.802600    1.162758
    2.807271    1.171835
    2.811942    1.184556
    2.816613    1.198732
    2.821284    1.211334
    2.825955    1.221785
    2.830626    1.236999
    2.835297    1.248229
    2.839968    1.260869
    2.844639    1.271543
    2.849310    1.281187
    2.853981    1.289017
    2.858652    1.297029
    2.863323    1.304410
    2.867994    1.304384
    2.872665    1.307768
    2.877336    1.314103
    2.882007    1.323035
    2.886678    1.324981
    2.891349    1.323592
    2.896020    1.322604
    2.900691    1.326327
    2.905362    1.326766
    2.910033    1.323782
    2.914704    1.325882
    2.919375    1.322731
    2.924046    1.314957
    2.928717    1.309160
    2.933388    1.303852
    2.938059    1.294752
    2.942730    1.287957
    2.947401    1.279494
    2.952072    1.272844
    2.956743    1.260659
    2.961414    1.250754
    2.966085    1.241659
    2.970756    1.229268
    2.975427    1.219965
    2.980098    1.205666
    2.984769    1.194922
    2.989440    1.181089
    2.994111    1.167856
    2.998782    1.151558
    3.003453    1.138213
    3.008124    1.126814
    3.012795    1.110704
    3.017466    1.097867
    3.022137    1.087438
    3.026808    1.075010
    3.031479    1.057209
    3.036150    1.042806
    3.040821    1.031817
    3.045492    1.019286
    3.050163    1.008744
    3.054834    0.995470
    3.059505    0.984893
    3.064176    0.972225
    3.068847    0.961507
    3.073518    0.948155
    3.078189    0.937330
    3.082860    0.924874
    3.087531    0.917668
    3.092202    0.910695
    3.096873    0.903859
    3.101544    0.893510
    3.106215    0.889298
    3.110886    0.882428
    3.115557    0.879169
    3.120228    0.873126
    3.124899    0.875130
    3.129570    0.867579
    3.134241    0.860596
    3.138912    0.855899
    3.143583    0.856827
    3.148254    0.852884
    3.152925    0.853077
    3.157596    0.853754
    3.162267    0.854032
    3.166938    0.855378
    3.171609    0.854413
    3.176280    0.861211
    3.180951    0.861253
    3.185622    0.862536
    3.190293    0.865735
    3.194964    0.867157
    3.199635    0.868102
    3.204306    0.870521
    3.208977    0.877753
    3.213648    0.879847
    3.218319    0.885503
    3.222990    0.889554
    3.227661    0.896360
    3.232332    0.899877
    3.237003    0.902863
    3.241674    0.909404
    3.246345    0.909533
    3.251016    0.916405
    3.255687    0.919446
    3.260358    0.925910
    3.265029    0.931268
    3.269700    0.936227
    3.274371    0.943157
    3.279042    0.943224
    3.283713    0.946833
    3.288384    0.953544
    3.293055    0.955970
    3.297726    0.962768
    3.302397    0.962458
    3.307068    0.966715
    3.311739    0.972464
    3.316410    0.974691
    3.321081    0.978538
    3.325752    0.977924
    3.330423    0.983411
    3.335094    0.984243
    3.339765    0.982835
    3.344436    0.981685
    3.349107    0.980906
    3.353778    0.979755
    3.358449    0.982950
    3.363120    0.982922
    3.367791    0.982771
    3.372462    0.979465
    3.377133    0.979845
    3.381804    0.979925
    3.386475    0.981127
    3.391146    0.980065
    3.395817    0.979956
    3.400488    0.979330
    3.405159    0.979623
    3.409830    0.976358
    3.414501    0.976111
    3.419172    0.973453
    3.423843    0.971054
    3.428514    0.970314
    3.433185    0.966392
    3.437856    0.965065
    3.442527    0.960925
    3.447198    0.961095
    3.451869    0.955340
    3.456540    0.950541
    3.461211    0.951106
    3.465882    0.949070
    3.470553    0.944201
    3.475224    0.942097
    3.479895    0.938379
    3.484566    0.937423
    3.489237    0.934765
    3.493908    0.934124
    3.498579    0.932228
    3.503250    0.926551
    3.507921    0.925307
    3.512592    0.924317
    3.517263    0.921174
    3.521934    0.914833
    3.526605    0.916637
    3.531276    0.914652
    3.535947    0.914407
    3.540618    0.913579
    3.545289    0.909593
    3.549960    0.910051
    3.554631    0.908471
    3.559302    0.906704
    3.563973    0.908508
    3.568644    0.907756
    3.573315    0.906505
    3.577986    0.905865
    3.582657    0.907377
    3.587328    0.903895
    3.591999    0.905558
    3.596670    0.905936
    3.601341    0.905418
    3.606012    0.904059
    3.610683    0.902839
    3.615354    0.904170
    3.620025    0.903763
    3.624696    0.903125
    3.629367    0.905053
    3.634038    0.904266
    3.638709    0.907663
    3.643380    0.909251
    3.648051    0.907922
    3.652722    0.910813
    3.657393    0.916102
    3.662064    0.918075
    3.666735    0.921336
    3.671406    0.921145
    3.676077    0.925098
    3.680748    0.928225
    3.685419    0.934515
    3.690090    0.938800
    3.694761    0.942290
    3.699432    0.946216
    3.704103    0.950248
    3.708774    0.954259
    3.713445    0.961580
    3.718116    0.966814
    3.722787    0.973521
    3.727458    0.979503
    3.732129    0.984645
    3.736800    0.989282
    3.741471    0.997361
    3.746142    1.000379
    3.750813    1.007660
    3.755484    1.015700
    3.760155    1.021891
    3.764826    1.032653
    3.769497    1.038959
    3.774168    1.046529
    3.778839    1.054459
    3.783510    1.062704
    3.788181    1.069522
    3.792852    1.078202
    3.797523    1.086075
    3.802194    1.090585
    3.806865    1.101739
    3.811536    1.108713
    3.816207    1.115051
    3.820878    1.121880
    3.825549    1.132557
    3.830220    1.141061
    3.834891    1.147474
    3.839562    1.154602
    3.844233    1.161777
    3.848904    1.170190
    3.853575    1.176535
    3.858246    1.182807
    3.862917    1.189460
    3.867588    1.193831
    3.872259    1.198285
    3.876930    1.202856
    3.881601    1.208847
    3.886272    1.209209
    3.890943    1.216177
    3.895614    1.219882
    3.900285    1.220339
    3.904956    1.225092
    3.909627    1.226722
    3.914298    1.229932
    3.918969    1.230051
    3.923640    1.230637
    3.928311    1.229280
    3.932982    1.233246
    3.937653    1.232316
    3.942324    1.227743
    3.946995    1.230502
    3.951666    1.228648
    3.956337    1.222698
    3.961008    1.215885
    3.965679    1.213981
    3.970350    1.209166
    3.975021    1.206603
    3.979692    1.204978
    3.984363    1.199207
    3.989034    1.189217
    3.993705    1.184425
    3.998376    1.179361
    4.003047    1.172238
    4.007718    1.165931
    4.012389    1.153312
    4.017060    1.145180
    4.021731    1.137972
    4.026402    1.129595
    4.031073    1.117886
    4.035744    1.108296
    4.040415    1.099055
    4.045086    1.088086
    4.049757    1.080066
    4.054428    1.071486
    4.059099    1.065421
    4.063770    1.051556
    4.068441    1.042134
    4.073112    1.030610
    4.077783    1.020973
    4.082454    1.011080
    4.087125    0.999455
    4.091796    0.993634
    4.096467    0.982939
    4.101138    0.973573
    4.105809    0.965428
    4.110480    0.956299
    4.115151    0.947878
    4.119822    0.941675
    4.124493    0.931514
    4.129164    0.924120
    4.133835    0.919037
    4.138506    0.911193
    4.143177    0.903352
    4.147848    0.900313
    4.152519    0.893894
    4.157190    0.887966
    4.161861    0.884216
    4.166532    0.879544
    4.171203    0.872435
    4.175874    0.868895
    4.180545    0.867117
    4.185216    0.862727
    4.189887    0.857544
    4.194558    0.854577
    4.199229    0.850083
    4.203900    0.847745
    4.208571    0.844046
    4.213242    0.843122
    4.217913    0.841710
    4.222584    0.839616
    4.227255    0.839828
    4.231926    0.838014
    4.236597    0.834975
    4.241268    0.837279
    4.245939    0.835240
    4.250610    0.834676
    4.255281    0.833176
    4.259952    0.834033
    4.264623    0.833258
    4.269294    0.833596
    4.273965    0.834077
    4.278636    0.832823
    4.283307    0.832186
    4.287978    0.832255
    4.292649    0.830332
    4.297320    0.832669
    4.301991    0.835517
    4.306662    0.834966
    4.311333    0.838871
    4.316004    0.838823
    4.320675    0.840931
    4.325346    0.839964
    4.330017    0.839790
    4.334688    0.840952
    4.339359    0.844140
    4.344030    0.846099
    4.348701    0.846284
    4.353372    0.850041
    4.358043    0.849375
    4.362714    0.851505
    4.367385    0.854273
    4.372056    0.856214
    4.376727    0.856331
    4.381398    0.858157
    4.386069    0.860621
    4.390740    0.865759
    4.395411    0.866132
    4.400082    0.869600
    4.404753    0.870638
    4.409424    0.875988
    4.414095    0.877168
    4.418766    0.882753
    4.423437    0.886605
    4.428108    0.891888
    4.432779    0.891473
    4.437450    0.893288
    4.442121    0.897790
    4.446792    0.904521
    4.451463    0.906393
    4.456134    0.910192
    4.460805    0.912973
    4.465476    0.919385
    4.470147    0.924071
    4.474818    0.927046
    4.479489    0.931017
    4.484160    0.935122
    4.488831    0.939602
    4.493502    0.944345
    4.498173    0.951673
    4.502844    0.957890
    4.507515    0.961685
    4.512186    0.966396
    4.516857    0.970944
    4.521528    0.978009
    4.526199    0.982864
    4.530870    0.987214
    4.535541    0.994988
    4.540212    1.001471
    4.544883    1.006098
    4.549554    1.009067
    4.554225    1.016925
    4.558896    1.023328
    4.563567    1.027256
    4.568238    1.031904
    4.572909    1.034815
    4.577580    1.040540
    4.582251    1.045504
    4.586922    1.051492
    4.591593    1.057276
    4.596264    1.061441
    4.600935    1.066065
    4.605606    1.070063
    4.610277    1.075248
    4.614948    1.079990
    4.619619    1.084653
    4.624290    1.087683
    4.628961    1.094025
    4.633632    1.097808
    4.638303    1.103830
    4.642974    1.108548
    4.647645    1.111847
    4.652316    1.114953
    4.656987    1.120658
    4.661658    1.125701
    4.666329    1.126746
    4.671000    1.131559
