   4.0000000000000001E-003   9.8884388984106221E-005
   8.0000000000000002E-003   3.9489477282062571E-004
   1.2000000000000000E-002   8.8479829393617033E-004
   1.6000000000000000E-002   1.5623058066790466E-003
   2.0000000000000000E-002   2.4182526135424287E-003
   2.4000000000000000E-002   3.4410502600199519E-003
   2.8000000000000001E-002   4.6172873469241277E-003
   3.2000000000000001E-002   5.9322915030677707E-003
   3.6000000000000004E-002   7.3706130307278307E-003
   4.0000000000000001E-002   8.9166286070532542E-003
   4.4000000000000004E-002   1.0555410351953291E-002
   4.8000000000000001E-002   1.2273541465892757E-002
   5.2000000000000005E-002   1.4059286969563796E-002
   5.6000000000000001E-002   1.5902036051413090E-002
   6.0000000000000005E-002   1.7791532147939607E-002
   6.4000000000000001E-002   1.9717305882437412E-002
   6.8000000000000005E-002   2.1668386995584057E-002
   7.2000000000000008E-002   2.3633285346825680E-002
   7.5999999999999998E-002   2.5600277284660574E-002
   8.0000000000000002E-002   2.7558008748071350E-002
   8.4000000000000005E-002   2.9496283957726237E-002
   8.8000000000000009E-002   3.1406769216647201E-002
   9.1999999999999998E-002   3.3283381409357507E-002
   9.6000000000000002E-002   3.5122298809660869E-002
  0.10000000000000001        3.6921618297628890E-002
  0.10400000000000001        3.8680712321252156E-002
  0.10800000000000000        4.0399435148060596E-002
  0.11200000000000000        4.2077395764459673E-002
  0.11600000000000001        4.3713443424595495E-002
  0.12000000000000001        4.5305409162116950E-002
  0.12400000000000000        4.6850138662734284E-002
  0.12800000000000000        4.8343846704086570E-002
  0.13200000000000001        4.9782691418968295E-002
  0.13600000000000001        5.1163378478016462E-002
  0.14000000000000001        5.2483767562300616E-002
  0.14400000000000002        5.3743488560332106E-002
  0.14800000000000002        5.4944090889488796E-002
  0.15200000000000000        5.6088248185984527E-002
  0.15600000000000000        5.7178627401538909E-002
  0.16000000000000000        5.8217391058756375E-002
  0.16400000000000001        5.9206379919498092E-002
  0.16800000000000001        6.0147442472524175E-002
  0.17200000000000001        6.1042576076986647E-002
  0.17600000000000002        6.1893842390467392E-002
  0.18000000000000002        6.2703132496513950E-002
  0.18400000000000000        6.3471905224916705E-002
  0.18800000000000000        6.4201020283347981E-002
  0.19200000000000000        6.4890637588313954E-002
  0.19600000000000001        6.5540056560572449E-002
  0.20000000000000001        6.6147571656277993E-002
  0.20400000000000001        6.6710645800514404E-002
  0.20800000000000002        6.7226560360434201E-002
  0.21200000000000002        6.7693319520860537E-002
  0.21600000000000000        6.8110391885026295E-002
  0.22000000000000000        6.8479042111460803E-002
  0.22400000000000000        6.8802316570485036E-002
  0.22800000000000001        6.9084882075828066E-002
  0.23200000000000001        6.9332826179432636E-002
  0.23600000000000002        6.9553376702305159E-002
  0.24000000000000002        6.9754441707843604E-002
  0.24400000000000002        6.9943942196671854E-002
  0.24800000000000000        7.0129027589480572E-002
  0.25200000000000000        7.0315365089123269E-002
  0.25600000000000001        7.0506749153362747E-002
  0.26000000000000001        7.0705195254722214E-002
  0.26400000000000001        7.0911399513319956E-002
  0.26800000000000002        7.1125174010070957E-002
  0.27200000000000002        7.1345565363333807E-002
  0.27600000000000002        7.1570747665927900E-002
  0.28000000000000003        7.1797943430758390E-002
  0.28400000000000003        7.2023475196776890E-002
  0.28800000000000003        7.2242972795344626E-002
  0.29200000000000004        7.2451865459378637E-002
  0.29600000000000004        7.2646238078092021E-002
  0.29999999999999999        7.2823819958090369E-002
  0.30399999999999999        7.2984666305188572E-002
  0.30800000000000000        7.3131237321768114E-002
  0.31200000000000000        7.3267914889691685E-002
  0.31600000000000000        7.3400187108961054E-002
  0.32000000000000001        7.3533670347214544E-002
  0.32400000000000001        7.3673075774233404E-002
  0.32800000000000001        7.3821329580745332E-002
  0.33200000000000002        7.3979144613092754E-002
  0.33600000000000002        7.4145221009224188E-002
  0.34000000000000002        7.4316997080435154E-002
  0.34400000000000003        7.4491647201925346E-002
  0.34800000000000003        7.4666934014506720E-002
  0.35200000000000004        7.4841636194461728E-002
  0.35600000000000004        7.5015541029812935E-002
  0.36000000000000004        7.5189195135771117E-002
  0.36399999999999999        7.5363587413358871E-002
  0.36799999999999999        7.5539808738542977E-002
  0.37200000000000000        7.5718704759542135E-002
  0.37600000000000000        7.5900594510472416E-002
  0.38000000000000000        7.6085132263688696E-002
  0.38400000000000001        7.6271358020987196E-002
  0.38800000000000001        7.6457987201993136E-002
  0.39200000000000002        7.6643947826013234E-002
  0.39600000000000002        7.6828969214576603E-002
  0.40000000000000002        7.7013842094946591E-002
  0.40400000000000003        7.7200138354032055E-002
  0.40800000000000003        7.7389588153400024E-002
  0.41200000000000003        7.7583475362832985E-002
  0.41600000000000004        7.7782233242248214E-002
  0.42000000000000004        7.7985266180215965E-002
  0.42400000000000004        7.8191070032886917E-002
  0.42800000000000005        7.8397773546423563E-002
  0.43200000000000000        7.8604026979600700E-002
  0.43600000000000000        7.8809753833296553E-002
  0.44000000000000000        7.9016168613598489E-002
  0.44400000000000001        7.9225025839698468E-002
  0.44800000000000001        7.9437630182907615E-002
  0.45200000000000001        7.9653971462249298E-002
  0.45600000000000002        7.9872047197511647E-002
  0.46000000000000002        8.0087600157971534E-002
  0.46400000000000002        8.0294536968053179E-002
  0.46800000000000003        8.0485914312976331E-002
  0.47200000000000003        8.0655125277073997E-002
  0.47600000000000003        8.0797005759647225E-002
  0.48000000000000004        8.0908696569374883E-002
  0.48400000000000004        8.0990102785805290E-002
  0.48800000000000004        8.1043843516826156E-002
  0.49200000000000005        8.1074710933293784E-002
  0.49600000000000000        8.1088870370487828E-002
  0.50000000000000000        8.1093181404369233E-002
  0.50400000000000000        8.1094712057856094E-002
  0.50800000000000001        8.1100178490528918E-002
  0.51200000000000001        8.1115236483329314E-002
  0.51600000000000001        8.1143877136172729E-002
  0.52000000000000002        8.1188161745366680E-002
  0.52400000000000002        8.1248282209517936E-002
  0.52800000000000002        8.1322745704780652E-002
  0.53200000000000003        8.1408523681643363E-002
  0.53600000000000003        8.1501224441442699E-002
  0.54000000000000004        8.1595480896620415E-002
  0.54400000000000004        8.1685632201240352E-002
  0.54800000000000004        8.1766561715923378E-002
  0.55200000000000005        8.1834427811851088E-002
  0.55600000000000005        8.1887044763877537E-002
  0.56000000000000005        8.1923794343743486E-002
  0.56400000000000006        8.1945120879591646E-002
  0.56800000000000006        8.1951832023575200E-002
  0.57200000000000006        8.1944503684601266E-002
  0.57600000000000007        8.1923231274701996E-002
  0.58000000000000007        8.1887847593737406E-002
  0.58400000000000007        8.1838558774464790E-002
  0.58800000000000008        8.1776656216740684E-002
  0.59200000000000008        8.1704779736109068E-002
  0.59599999999999997        8.1626540144801848E-002
  0.59999999999999998        8.1545810716045816E-002
  0.60399999999999998        8.1466083870388770E-002
  0.60799999999999998        8.1390080269038531E-002
  0.61199999999999999        8.1319581001777594E-002
  0.61599999999999999        8.1255337780552328E-002
  0.62000000000000000        8.1196967274952112E-002
  0.62400000000000000        8.1142900898268047E-002
  0.62800000000000000        8.1090567308345018E-002
  0.63200000000000001        8.1036924772457011E-002
  0.63600000000000001        8.0979257010345973E-002
  0.64000000000000001        8.0915948463549173E-002
  0.64400000000000002        8.0846951170211234E-002
  0.64800000000000002        8.0773809969903701E-002
  0.65200000000000002        8.0699292563462699E-002
  0.65600000000000003        8.0626775736899678E-002
  0.66000000000000003        8.0559530265390755E-002
  0.66400000000000003        8.0500041730357713E-002
  0.66800000000000004        8.0449529657959831E-002
  0.67200000000000004        8.0407818119411500E-002
  0.67600000000000005        8.0373637054120317E-002
  0.68000000000000005        8.0345225007371263E-002
  0.68400000000000005        8.0320881905759006E-002
  0.68800000000000006        8.0299202167536929E-002
  0.69200000000000006        8.0279051643624907E-002
  0.69600000000000006        8.0259508498778429E-002
  0.70000000000000007        8.0239868181899279E-002
  0.70400000000000007        8.0219657275669848E-002
  0.70800000000000007        8.0198572760866477E-002
  0.71200000000000008        8.0176389988390079E-002
  0.71600000000000008        8.0152962515791695E-002
  0.72000000000000008        8.0128217289675729E-002
  0.72400000000000009        8.0101928401223668E-002
  0.72799999999999998        8.0073476132766233E-002
  0.73199999999999998        8.0042083664917704E-002
  0.73599999999999999        8.0007565989191134E-002
  0.73999999999999999        7.9970982378451100E-002
  0.74399999999999999        7.9934562645038704E-002
  0.74800000000000000        7.9900902326798973E-002
  0.75200000000000000        7.9871940985850917E-002
  0.75600000000000001        7.9848254343416164E-002
  0.76000000000000001        7.9828957308019852E-002
  0.76400000000000001        7.9812155786595437E-002
  0.76800000000000002        7.9795490871258687E-002
  0.77200000000000002        7.9776390539459077E-002
  0.77600000000000002        7.9752204232192300E-002
  0.78000000000000003        7.9720561824121197E-002
  0.78400000000000003        7.9679865712757730E-002
  0.78800000000000003        7.9629605542067897E-002
  0.79200000000000004        7.9570515255811075E-002
  0.79600000000000004        7.9504801800556982E-002
  0.80000000000000004        7.9436238700224510E-002
  0.80400000000000005        7.9369629520853344E-002
  0.80800000000000005        7.9309723832177451E-002
  0.81200000000000006        7.9260165220296469E-002
  0.81600000000000006        7.9222883881299097E-002
  0.82000000000000006        7.9198054493336181E-002
  0.82400000000000007        7.9184541078882648E-002
  0.82800000000000007        7.9180581308380946E-002
  0.83200000000000007        7.9184387405174389E-002
  0.83600000000000008        7.9194457514929137E-002
  0.84000000000000008        7.9209624625012257E-002
  0.84400000000000008        7.9228987728501635E-002
  0.84800000000000009        7.9251806459873800E-002
  0.85200000000000009        7.9277350789674073E-002
  0.85600000000000009        7.9304692687274303E-002
  0.85999999999999999        7.9332478653354327E-002
  0.86399999999999999        7.9358768011902683E-002
  0.86799999999999999        7.9381034513359303E-002
  0.87200000000000000        7.9396393134517948E-002
  0.87600000000000000        7.9402036049605398E-002
  0.88000000000000000        7.9395766985362923E-002
  0.88400000000000001        7.9376450955152320E-002
  0.88800000000000001        7.9344210639354804E-002
  0.89200000000000002        7.9300304255545156E-002
  0.89600000000000002        7.9246713817549344E-002
  0.90000000000000002        7.9185540847036204E-002
  0.90400000000000003        7.9118403429672565E-002
  0.90800000000000003        7.9046074518812681E-002
  0.91200000000000003        7.8968443715961470E-002
  0.91600000000000004        7.8884599076277498E-002
  0.92000000000000004        7.8792799640386657E-002
  0.92400000000000004        7.8690491841623272E-002
  0.92800000000000005        7.8574728297277741E-002
  0.93200000000000005        7.8442991628622866E-002
  0.93600000000000005        7.8293982920840735E-002
  0.94000000000000006        7.8127929458493298E-002
  0.94400000000000006        7.7946371211839269E-002
  0.94800000000000006        7.7751745005644149E-002
  0.95200000000000007        7.7547058658321191E-002
  0.95600000000000007        7.7335641353543857E-002
  0.96000000000000008        7.7120762661475134E-002
  0.96400000000000008        7.6905055573147030E-002
  0.96800000000000008        7.6689978085472274E-002
  0.97200000000000009        7.6475679097354213E-002
  0.97600000000000009        7.6261462793455345E-002
  0.98000000000000009        7.6046672546363409E-002
  0.98400000000000010        7.5831516273753147E-002
  0.98800000000000010        7.5617364479625762E-002
  0.99199999999999999        7.5406388347477732E-002
  0.99600000000000000        7.5200834151404369E-002
   1.0000000000000000        7.5002362245634460E-002
   1.0040000000000000        7.4811652309932516E-002
   1.0080000000000000        7.4628272959333941E-002
   1.0120000000000000        7.4450781260219728E-002
   1.0160000000000000        7.4277025081127643E-002
   1.0200000000000000        7.4104660993970312E-002
   1.0240000000000000        7.3931860785361306E-002
   1.0280000000000000        7.3757990948824334E-002
   1.0320000000000000        7.3584006275180053E-002
   1.0360000000000000        7.3412492837846996E-002
   1.0400000000000000        7.3247468019818407E-002
   1.0440000000000000        7.3094074635969258E-002
   1.0480000000000000        7.2958238946027237E-002
   1.0520000000000000        7.2846228547280054E-002
   1.0560000000000000        7.2763979202422294E-002
   1.0600000000000001        7.2716273613939286E-002
   1.0640000000000001        7.2706099542688904E-002
   1.0680000000000001        7.2734383353038307E-002
   1.0720000000000001        7.2800012017448970E-002
   1.0760000000000001        7.2899985539528311E-002
   1.0800000000000001        7.3029619362750306E-002
   1.0840000000000001        7.3182749719518395E-002
   1.0880000000000001        7.3351901856228377E-002
   1.0920000000000001        7.3528497851152216E-002
   1.0960000000000001        7.3703348576403926E-002
   1.1000000000000001        7.3867619974216273E-002
   1.1040000000000001        7.4014106796663953E-002
   1.1080000000000001        7.4138324708266617E-002
   1.1120000000000001        7.4238954490228812E-002
   1.1160000000000001        7.4317445006046326E-002
   1.1200000000000001        7.4376911813651983E-002
   1.1240000000000001        7.4420744605815936E-002
   1.1280000000000001        7.4451406383641963E-002
   1.1320000000000001        7.4469763134498823E-002
   1.1360000000000001        7.4475079952383894E-002
   1.1400000000000001        7.4465603543625497E-002
   1.1440000000000001        7.4439403456283332E-002
   1.1480000000000001        7.4395014197677176E-002
   1.1520000000000001        7.4331583331516918E-002
   1.1560000000000001        7.4248612402825917E-002
   1.1600000000000001        7.4145701638832384E-002
   1.1640000000000001        7.4022680116538703E-002
   1.1680000000000001        7.3880100780474828E-002
   1.1720000000000002        7.3719771158083661E-002
   1.1760000000000002        7.3545056321644015E-002
   1.1800000000000002        7.3360804863400797E-002
   1.1840000000000002        7.3172813460708516E-002
   1.1880000000000002        7.2986942479793565E-002
   1.1919999999999999        7.2808255124320917E-002
   1.1960000000000000        7.2640606046964915E-002
   1.2000000000000000        7.2486829618631551E-002
   1.2040000000000000        7.2349283043781687E-002
   1.2080000000000000        7.2230304948470381E-002
   1.2120000000000000        7.2132268649126086E-002
   1.2160000000000000        7.2057196556806924E-002
   1.2200000000000000        7.2006151710284211E-002
   1.2240000000000000        7.1978716591187444E-002
   1.2280000000000000        7.1972802399360089E-002
   1.2320000000000000        7.1984872926687329E-002
   1.2360000000000000        7.2010472959078003E-002
   1.2400000000000000        7.2044800752830401E-002
   1.2440000000000000        7.2083141100658485E-002
   1.2480000000000000        7.2121265779404281E-002
   1.2520000000000000        7.2155975280437171E-002
   1.2560000000000000        7.2185605204149308E-002
   1.2600000000000000        7.2210114756829827E-002
   1.2640000000000000        7.2230748114353038E-002
   1.2680000000000000        7.2249643603564381E-002
   1.2720000000000000        7.2269563206271301E-002
   1.2760000000000000        7.2293552279628248E-002
   1.2800000000000000        7.2324412050144241E-002
   1.2840000000000000        7.2364157617448563E-002
   1.2880000000000000        7.2413685576732931E-002
   1.2920000000000000        7.2472736233959112E-002
   1.2960000000000000        7.2540138959208383E-002
   1.3000000000000000        7.2614310766244458E-002
   1.3040000000000000        7.2693887278641650E-002
   1.3080000000000001        7.2778148913658150E-002
   1.3120000000000001        7.2866914804143368E-002
   1.3160000000000001        7.2960041369622100E-002
   1.3200000000000001        7.3057067884879631E-002
   1.3240000000000001        7.3157379118283905E-002
   1.3280000000000001        7.3260685461065969E-002
   1.3320000000000001        7.3367266296471070E-002
   1.3360000000000001        7.3477735715707843E-002
   1.3400000000000001        7.3592636900809486E-002
   1.3440000000000001        7.3712202438688063E-002
   1.3480000000000001        7.3836278775541178E-002
   1.3520000000000001        7.3964246503387190E-002
   1.3560000000000001        7.4094846930361127E-002
   1.3600000000000001        7.4225956492464398E-002
   1.3640000000000001        7.4354480649129043E-002
   1.3680000000000001        7.4476601792593369E-002
   1.3720000000000001        7.4588368067933355E-002
   1.3760000000000001        7.4686252288607827E-002
   1.3800000000000001        7.4767471287556120E-002
   1.3840000000000001        7.4830276166907364E-002
   1.3880000000000001        7.4874357729268329E-002
   1.3920000000000001        7.4901129106963615E-002
   1.3960000000000001        7.4913490698601315E-002
   1.4000000000000001        7.4914923443570092E-002
   1.4040000000000001        7.4908267761833638E-002
   1.4080000000000001        7.4894887379541267E-002
   1.4120000000000001        7.4874671579605423E-002
   1.4160000000000001        7.4846673182904888E-002
   1.4200000000000002        7.4809767513471292E-002
   1.4240000000000002        7.4762973381151093E-002
   1.4280000000000002        7.4705579589064749E-002
   1.4320000000000002        7.4637315436092755E-002
   1.4360000000000002        7.4558588520860364E-002
   1.4400000000000002        7.4470651333924193E-002
   1.4440000000000002        7.4375527698288146E-002
   1.4480000000000002        7.4275609053831973E-002
   1.4520000000000002        7.4172999777992688E-002
   1.4560000000000000        7.4068889121645762E-002
   1.4600000000000000        7.3963285931586478E-002
   1.4640000000000000        7.3855268014383829E-002
   1.4680000000000000        7.3743619484128428E-002
   1.4720000000000000        7.3627555405628833E-002
   1.4760000000000000        7.3507243127549290E-002
   1.4800000000000000        7.3383992772977899E-002
   1.4840000000000000        7.3260181020601556E-002
   1.4880000000000000        7.3139061193353394E-002
   1.4920000000000000        7.3024543881855794E-002
   1.4960000000000000        7.2920910859717275E-002
   1.5000000000000000        7.2832445839038210E-002
   1.5040000000000000        7.2763100608449649E-002
   1.5080000000000000        7.2716328962886240E-002
   1.5120000000000000        7.2695048293379472E-002
   1.5160000000000000        7.2701518732609841E-002
   1.5200000000000000        7.2736985592207565E-002
   1.5240000000000000        7.2801198979200954E-002
   1.5280000000000000        7.2892127619309952E-002
   1.5320000000000000        7.3006122657506264E-002
   1.5360000000000000        7.3138568952703306E-002
   1.5400000000000000        7.3284869723517651E-002
   1.5440000000000000        7.3441456685126791E-002
   1.5480000000000000        7.3606424662125330E-002
   1.5520000000000000        7.3779508411382255E-002
   1.5560000000000000        7.3961454439980423E-002
   1.5600000000000001        7.4153136908991002E-002
   1.5640000000000001        7.4354824306782058E-002
   1.5680000000000001        7.4565857017658388E-002
   1.5720000000000001        7.4784765704008674E-002
   1.5760000000000001        7.5009652308715272E-002
   1.5800000000000001        7.5238573575675358E-002
   1.5840000000000001        7.5469734236608854E-002
   1.5880000000000001        7.5701411789925260E-002
   1.5920000000000001        7.5931659308410990E-002
   1.5960000000000001        7.6158013418221385E-002
   1.6000000000000001        7.6377514116823891E-002
   1.6040000000000001        7.6587072062808681E-002
   1.6080000000000001        7.6783804101038466E-002
   1.6120000000000001        7.6964994961184086E-002
   1.6160000000000001        7.7127821875398614E-002
   1.6200000000000001        7.7269221458564005E-002
   1.6240000000000001        7.7386122163391746E-002
   1.6280000000000001        7.7475944276539394E-002
   1.6320000000000001        7.7536907759841275E-002
   1.6360000000000001        7.7567828859554516E-002
   1.6400000000000001        7.7567800904085049E-002
   1.6440000000000001        7.7536321576711212E-002
   1.6480000000000001        7.7473834056373578E-002
   1.6520000000000001        7.7382207585817597E-002
   1.6560000000000001        7.7264798390471442E-002
   1.6600000000000001        7.7126117134081601E-002
   1.6640000000000001        7.6971336924805081E-002
   1.6680000000000001        7.6805835749839763E-002
   1.6720000000000002        7.6634816319895091E-002
   1.6760000000000002        7.6462897031716659E-002
   1.6800000000000002        7.6293635665611842E-002
   1.6840000000000002        7.6129221420721191E-002
   1.6880000000000002        7.5970580851437319E-002
   1.6920000000000002        7.5817666959811167E-002
   1.6960000000000002        7.5669523846483164E-002
   1.7000000000000002        7.5524271596636564E-002
   1.7040000000000002        7.5379416272437896E-002
   1.7080000000000002        7.5232523818398359E-002
   1.7120000000000002        7.5081973940743410E-002
   1.7160000000000002        7.4927451086827260E-002
   1.7200000000000000        7.4769953128177580E-002
   1.7240000000000000        7.4611353172294712E-002
   1.7280000000000000        7.4453787523032319E-002
   1.7320000000000000        7.4299161991697352E-002
   1.7360000000000000        7.4148886996610763E-002
   1.7400000000000000        7.4003816164049996E-002
   1.7440000000000000        7.3864366553214808E-002
   1.7480000000000000        7.3730779757875245E-002
   1.7520000000000000        7.3603391283418848E-002
   1.7560000000000000        7.3482746843717930E-002
   1.7600000000000000        7.3369509904593441E-002
   1.7640000000000000        7.3264259159167650E-002
   1.7680000000000000        7.3167321714142447E-002
   1.7720000000000000        7.3078711482795822E-002
   1.7760000000000000        7.2998185137949673E-002
   1.7800000000000000        7.2925421725542020E-002
   1.7840000000000000        7.2860304884591123E-002
   1.7880000000000000        7.2803232680287655E-002
   1.7920000000000000        7.2755274759573385E-002
   1.7960000000000000        7.2718006799908280E-002
   1.8000000000000000        7.2693145789032299E-002
   1.8040000000000000        7.2682291574292013E-002
   1.8080000000000001        7.2686863210769503E-002
   1.8120000000000001        7.2708084924631017E-002
   1.8160000000000001        7.2746912857697785E-002
   1.8200000000000001        7.2803937774438887E-002
   1.8240000000000001        7.2879341677543216E-002
   1.8280000000000001        7.2972907870286652E-002
   1.8320000000000001        7.3084027276783259E-002
   1.8360000000000001        7.3211688215502974E-002
   1.8400000000000001        7.3354465587460768E-002
   1.8440000000000001        7.3510505352415365E-002
   1.8480000000000001        7.3677530828078749E-002
   1.8520000000000001        7.3852912799908771E-002
   1.8560000000000001        7.4033736339515988E-002
   1.8600000000000001        7.4216747114277309E-002
   1.8640000000000001        7.4398245539565810E-002
   1.8680000000000001        7.4574151967782554E-002
   1.8720000000000001        7.4740373481378089E-002
   1.8760000000000001        7.4893488795760133E-002
   1.8800000000000001        7.5031699320577849E-002
   1.8840000000000001        7.5155737365317762E-002
   1.8880000000000001        7.5269128816295244E-002
   1.8920000000000001        7.5377429762629941E-002
   1.8960000000000001        7.5486772711896730E-002
   1.9000000000000001        7.5602465087344792E-002
   1.9040000000000001        7.5728136786870417E-002
   1.9080000000000001        7.5865495560013568E-002
   1.9120000000000001        7.6014450403709660E-002
   1.9160000000000001        7.6173232722109172E-002
   1.9200000000000002        7.6338327745312920E-002
   1.9240000000000002        7.6504449808683969E-002
   1.9280000000000002        7.6664928409426347E-002
   1.9320000000000002        7.6812551372787571E-002
   1.9360000000000002        7.6940575394888799E-002
   1.9400000000000002        7.7043612913440890E-002
   1.9440000000000002        7.7118306005838091E-002
   1.9480000000000002        7.7163777429314531E-002
   1.9520000000000002        7.7181759785377904E-002
   1.9560000000000002        7.7176247192925387E-002
   1.9600000000000002        7.7152623036210080E-002
   1.9640000000000002        7.7116498712550358E-002
   1.9680000000000002        7.7072696500775875E-002
   1.9720000000000002        7.7024654490884290E-002
   1.9760000000000002        7.6974228320468005E-002
   1.9800000000000002        7.6921718273895115E-002
   1.9840000000000000        7.6865971056919044E-002
   1.9880000000000000        7.6804533713276654E-002
   1.9920000000000000        7.6733970380915562E-002
   1.9960000000000000        7.6650397056215500E-002
   2.0000000000000000        7.6550107034016254E-002
   2.0040000000000000        7.6430165591800076E-002
   2.0080000000000000        7.6289015253751202E-002
   2.0120000000000000        7.6127070186583032E-002
   2.0160000000000000        7.5947017744026166E-002
   2.0200000000000000        7.5753566355009808E-002
   2.0240000000000000        7.5552738615309076E-002
   2.0280000000000000        7.5351037260123446E-002
   2.0320000000000000        7.5154710851614306E-002
   2.0360000000000000        7.4969150342510962E-002
   2.0400000000000000        7.4798380095642533E-002
   2.0440000000000000        7.4644696951813944E-002
   2.0480000000000000        7.4508599254632463E-002
   2.0520000000000000        7.4389073415878013E-002
   2.0560000000000000        7.4284119812333169E-002
   2.0600000000000001        7.4191288873104638E-002
   2.0640000000000001        7.4108066153518948E-002
   2.0680000000000001        7.4032115735580481E-002
   2.0720000000000001        7.3961494460599686E-002
   2.0760000000000001        7.3894877847801382E-002
   2.0800000000000001        7.3831671398871965E-002
   2.0840000000000001        7.3771840873890923E-002
   2.0880000000000001        7.3715490023005162E-002
   2.0920000000000001        7.3662461329159504E-002
   2.0960000000000001        7.3612264574378819E-002
   2.1000000000000001        7.3564413328150224E-002
   2.1040000000000001        7.3518966794887550E-002
   2.1080000000000001        7.3476925130644410E-002
   2.1120000000000001        7.3440213552227726E-002
   2.1160000000000001        7.3411302111700188E-002
   2.1200000000000001        7.3392756442304821E-002
   2.1240000000000001        7.3386928511045404E-002
   2.1280000000000001        7.3395764360220092E-002
   2.1320000000000001        7.3420613747987321E-002
   2.1360000000000001        7.3461980977152411E-002
   2.1400000000000001        7.3519258051482489E-002
   2.1440000000000001        7.3590554581269035E-002
   2.1480000000000001        7.3672724549661547E-002
   2.1520000000000001        7.3761595946601255E-002
   2.1560000000000001        7.3852345000993649E-002
   2.1600000000000001        7.3939979582511542E-002
   2.1640000000000001        7.4019850819255301E-002
   2.1680000000000001        7.4088004156941237E-002
   2.1720000000000002        7.4141276802685771E-002
   2.1760000000000002        7.4177277863080079E-002
   2.1800000000000002        7.4194379660215706E-002
   2.1840000000000002        7.4191651964176139E-002
   2.1880000000000002        7.4168716437325435E-002
   2.1920000000000002        7.4125753613957832E-002
   2.1960000000000002        7.4063855749327404E-002
   2.2000000000000002        7.3985506255588904E-002
   2.2040000000000002        7.3894686879679428E-002
   2.2080000000000002        7.3796355709878178E-002
   2.2120000000000002        7.3695524807394192E-002
   2.2160000000000002        7.3596377705739943E-002
   2.2200000000000002        7.3501726710254581E-002
   2.2240000000000002        7.3412880003017711E-002
   2.2280000000000002        7.3329877020705800E-002
   2.2320000000000002        7.3252036763975598E-002
   2.2360000000000002        7.3178659607870844E-002
   2.2400000000000002        7.3109578702089964E-002
   2.2440000000000002        7.3045370685105776E-002
   2.2480000000000002        7.2987307039305907E-002
   2.2520000000000002        7.2937187756164562E-002
   2.2560000000000002        7.2897072488571094E-002
   2.2600000000000002        7.2868866029958859E-002
   2.2640000000000002        7.2853810232358318E-002
   2.2680000000000002        7.2852037158494184E-002
   2.2720000000000002        7.2862339992841030E-002
   2.2760000000000002        7.2882302117892983E-002
   2.2800000000000002        7.2908834283476665E-002
   2.2840000000000003        7.2938891473457668E-002
   2.2880000000000003        7.2969999000490365E-002
   2.2920000000000003        7.3000455892579710E-002
   2.2960000000000003        7.3029339251554554E-002
   2.3000000000000003        7.3056404752960158E-002
   2.3040000000000003        7.3081866233785195E-002
   2.3080000000000003        7.3106102473229517E-002
   2.3120000000000003        7.3129495239883435E-002
   2.3160000000000003        7.3152548443594242E-002
   2.3200000000000003        7.3176137848895123E-002
   2.3240000000000003        7.3201543576865813E-002
   2.3280000000000003        7.3230092560010063E-002
   2.3320000000000003        7.3262597620767811E-002
   2.3360000000000003        7.3298965778280906E-002
   2.3400000000000003        7.3338216904045364E-002
   2.3440000000000003        7.3378820651985310E-002
   2.3480000000000003        7.3419060025724792E-002
   2.3520000000000003        7.3457266243901087E-002
   2.3560000000000003        7.3492016460486254E-002
   2.3600000000000003        7.3522391928744033E-002
   2.3640000000000003        7.3548178328536190E-002
   2.3680000000000003        7.3569817233593196E-002
   2.3720000000000003        7.3588125420662343E-002
   2.3760000000000003        7.3604016771207953E-002
   2.3799999999999999        7.3618448808606074E-002
   2.3839999999999999        7.3632598062180088E-002
   2.3879999999999999        7.3648020265328656E-002
   2.3919999999999999        7.3666519083857851E-002
   2.3959999999999999        7.3689723769635965E-002
   2.3999999999999999        7.3718653985549498E-002
   2.4039999999999999        7.3753491520390596E-002
   2.4079999999999999        7.3793539983642992E-002
   2.4119999999999999        7.3837330343802438E-002
   2.4159999999999999        7.3882988715765971E-002
   2.4199999999999999        7.3928905794721333E-002
   2.4239999999999999        7.3974350352167900E-002
   2.4279999999999999        7.4019493241596471E-002
   2.4319999999999999        7.4064786370429028E-002
   2.4359999999999999        7.4110219222307983E-002
   2.4399999999999999        7.4154947932299611E-002
   2.4440000000000000        7.4197420635258998E-002
   2.4480000000000000        7.4235849576559682E-002
   2.4520000000000000        7.4268699369557004E-002
   2.4560000000000000        7.4294843592132218E-002
   2.4600000000000000        7.4313349604196957E-002
   2.4640000000000000        7.4323216145448678E-002
   2.4680000000000000        7.4323375372185418E-002
   2.4720000000000000        7.4312926376925006E-002
   2.4760000000000000        7.4291292217875768E-002
   2.4800000000000000        7.4258077286598445E-002
   2.4840000000000000        7.4212774186514258E-002
   2.4880000000000000        7.4154685390295558E-002
   2.4920000000000000        7.4083187717005741E-002
   2.4960000000000000        7.3998087851883443E-002
   2.5000000000000000        7.3899778656949772E-002
   2.5040000000000000        7.3789180922115269E-002
   2.5080000000000000        7.3667619639610174E-002
   2.5120000000000000        7.3536692811064938E-002
   2.5160000000000000        7.3398094589017082E-002
   2.5200000000000000        7.3253415287784687E-002
   2.5240000000000000        7.3104037661254506E-002
   2.5280000000000000        7.2951243441272740E-002
   2.5320000000000000        7.2796533408779104E-002
   2.5360000000000000        7.2642005500178394E-002
   2.5400000000000000        7.2490521580782438E-002
   2.5440000000000000        7.2345441806576163E-002
   2.5480000000000000        7.2209951583040694E-002
   2.5520000000000000        7.2086289897464295E-002
   2.5560000000000000        7.1975263233345146E-002
   2.5600000000000001        7.1876229657231228E-002
   2.5640000000000001        7.1787458240591517E-002
   2.5680000000000001        7.1706644239732845E-002
   2.5720000000000001        7.1631440493641618E-002
   2.5760000000000001        7.1559979103463373E-002
   2.5800000000000001        7.1491325031922501E-002
   2.5840000000000001        7.1425685888979365E-002
   2.5880000000000001        7.1364205291998259E-002
   2.5920000000000001        7.1308352774718836E-002
   2.5960000000000001        7.1259159041481113E-002
   2.6000000000000001        7.1216668882574774E-002
   2.6040000000000001        7.1179876429154812E-002
   2.6080000000000001        7.1147081356975603E-002
   2.6120000000000001        7.1116320280003531E-002
   2.6160000000000001        7.1085577885977150E-002
   2.6200000000000001        7.1052803485096253E-002
   2.6240000000000001        7.1015987310700066E-002
   2.6280000000000001        7.0973439397023275E-002
   2.6320000000000001        7.0924066179692311E-002
   2.6360000000000001        7.0867299154102822E-002
   2.6400000000000001        7.0802684485652953E-002
   2.6440000000000001        7.0729548883679452E-002
   2.6480000000000001        7.0647113881638940E-002
   2.6520000000000001        7.0555083794832663E-002
   2.6560000000000001        7.0454404346042984E-002
   2.6600000000000001        7.0347763455998816E-002
   2.6640000000000001        7.0239530033344169E-002
   2.6680000000000001        7.0135090331918198E-002
   2.6720000000000002        7.0039816575788533E-002
   2.6760000000000002        6.9958027597294220E-002
   2.6800000000000002        6.9892171654649199E-002
   2.6840000000000002        6.9842264376229909E-002
   2.6880000000000002        6.9805640155924900E-002
   2.6920000000000002        6.9777314506802940E-002
   2.6960000000000002        6.9751293848587859E-002
   2.7000000000000002        6.9722539316805623E-002
   2.7040000000000002        6.9688392766473206E-002
   2.7080000000000002        6.9648501339001745E-002
   2.7120000000000002        6.9603627251911132E-002
   2.7160000000000002        6.9554393847526472E-002
   2.7200000000000002        6.9500644550590102E-002
   2.7240000000000002        6.9441588790137093E-002
   2.7280000000000002        6.9376514540182802E-002
   2.7320000000000002        6.9305582059705828E-002
   2.7360000000000002        6.9230261700596013E-002
   2.7400000000000002        6.9153264209917506E-002
   2.7440000000000002        6.9078074218945518E-002
   2.7480000000000002        6.9008326679101478E-002
   2.7520000000000002        6.8947285487599250E-002
   2.7560000000000002        6.8897596599366409E-002
   2.7600000000000002        6.8861319227685680E-002
   2.7640000000000002        6.8840110563573420E-002
   2.7680000000000002        6.8835401578026201E-002
   2.7720000000000002        6.8848417490032135E-002
   2.7760000000000002        6.8879992457640635E-002
   2.7800000000000002        6.8930284938511013E-002
   2.7840000000000003        6.8998592174406403E-002
   2.7880000000000003        6.9083404008183705E-002
   2.7920000000000003        6.9182685666793586E-002
   2.7960000000000003        6.9294239641665159E-002
   2.8000000000000003        6.9415948788219758E-002
   2.8040000000000003        6.9545780139944460E-002
   2.8080000000000003        6.9681596243454935E-002
   2.8120000000000003        6.9820969093317253E-002
   2.8160000000000003        6.9961155092814642E-002
   2.8200000000000003        7.0099168343897358E-002
   2.8240000000000003        7.0231797144876207E-002
   2.8280000000000003        7.0355531558676646E-002
   2.8320000000000003        7.0466448918802937E-002
   2.8360000000000003        7.0560149774027595E-002
   2.8400000000000003        7.0631931271794346E-002
   2.8440000000000003        7.0677334221326896E-002
   2.8480000000000003        7.0692940558497383E-002
   2.8520000000000003        7.0677132706564616E-002
   2.8560000000000003        7.0630638759065056E-002
   2.8600000000000003        7.0556797398289947E-002
   2.8640000000000003        7.0461408581581439E-002
   2.8680000000000003        7.0352109040688962E-002
   2.8720000000000003        7.0237460937963528E-002
   2.8760000000000003        7.0125989776097200E-002
   2.8800000000000003        7.0025311765963827E-002
   2.8840000000000003        6.9941482285165738E-002
   2.8880000000000003        6.9878648669220458E-002
   2.8920000000000003        6.9838947068764909E-002
   2.8960000000000004        6.9822529418265403E-002
   2.9000000000000004        6.9827715865717829E-002
   2.9040000000000004        6.9851389226562227E-002
   2.9079999999999999        6.9889713802729375E-002
   2.9119999999999999        6.9939064929336867E-002
   2.9159999999999999        6.9996833428146457E-002
   2.9199999999999999        7.0061759845576568E-002
   2.9239999999999999        7.0133780371111315E-002
   2.9279999999999999        7.0213657505695817E-002
   2.9319999999999999        7.0302595720479144E-002
   2.9359999999999999        7.0401865482977610E-002
   2.9399999999999999        7.0512452408236129E-002
   2.9440000000000000        7.0634840866572221E-002
   2.9480000000000000        7.0769008279202725E-002
   2.9520000000000000        7.0914503432635084E-002
   2.9560000000000000        7.1070355144891129E-002
   2.9600000000000000        7.1234787468531041E-002
   2.9640000000000000        7.1405084903709046E-002
   2.9680000000000000        7.1577872561484027E-002
   2.9720000000000000        7.1749688185035521E-002
   2.9760000000000000        7.1917536455231371E-002
   2.9800000000000000        7.2079174229301157E-002
   2.9840000000000000        7.2233118074632272E-002
   2.9880000000000000        7.2378646408049918E-002
   2.9920000000000000        7.2515992671758428E-002
   2.9960000000000000        7.2646480045010384E-002
   3.0000000000000000        7.2772154324036886E-002
   3.0040000000000000        7.2894900716385880E-002
   3.0080000000000000        7.3015562218918389E-002
   3.0120000000000000        7.3133595744827612E-002
   3.0160000000000000        7.3247383714475922E-002
   3.0200000000000000        7.3354932480093379E-002
   3.0240000000000000        7.3454607643589243E-002
   3.0280000000000000        7.3545699896018252E-002
   3.0320000000000000        7.3628695909745565E-002
   3.0360000000000000        7.3705079355633099E-002
   3.0400000000000000        7.3776685834598121E-002
   3.0440000000000000        7.3845015339076198E-002
   3.0480000000000000        7.3910832990916664E-002
   3.0520000000000000        7.3973990055217861E-002
   3.0560000000000000        7.4033297661466033E-002
   3.0600000000000001        7.4086535461321185E-002
   3.0640000000000001        7.4130877217884528E-002
   3.0680000000000001        7.4163828288401901E-002
   3.0720000000000001        7.4184254829627164E-002
   3.0760000000000001        7.4192856980449570E-002
   3.0800000000000001        7.4191904472974454E-002
   3.0840000000000001        7.4184573133432630E-002
   3.0880000000000001        7.4174232719733973E-002
   3.0920000000000001        7.4163889762539195E-002
   3.0960000000000001        7.4155952773095737E-002
   3.1000000000000001        7.4152390322299255E-002
   3.1040000000000001        7.4155117332519394E-002
   3.1080000000000001        7.4166334169856449E-002
   3.1120000000000001        7.4188703268764908E-002
   3.1160000000000001        7.4225365289388529E-002
   3.1200000000000001        7.4279742162513221E-002
   3.1240000000000001        7.4355108961540517E-002
   3.1280000000000001        7.4454080264778524E-002
   3.1320000000000001        7.4578188534776102E-002
   3.1360000000000001        7.4727580209293334E-002
   3.1400000000000001        7.4900801594740066E-002
   3.1440000000000001        7.5094775827341420E-002
   3.1480000000000001        7.5305137928062219E-002
   3.1520000000000001        7.5526934641765131E-002
   3.1560000000000001        7.5755434249042880E-002
   3.1600000000000001        7.5986679631266110E-002
   3.1640000000000001        7.6217595214435066E-002
   3.1680000000000001        7.6445806039896369E-002
   3.1720000000000002        7.6669514779155734E-002
   3.1760000000000002        7.6887607242889469E-002
   3.1800000000000002        7.7099808264984124E-002
   3.1840000000000002        7.7306575721918958E-002
   3.1880000000000002        7.7508645511021990E-002
   3.1920000000000002        7.7706451068481078E-002
   3.1960000000000002        7.7899702930532860E-002
   3.2000000000000002        7.8087271527498392E-002
   3.2040000000000002        7.8267402537061256E-002
   3.2080000000000002        7.8438206692390156E-002
   3.2120000000000002        7.8598179262642537E-002
   3.2160000000000002        7.8746357913023188E-002
   3.2200000000000002        7.8881925177780837E-002
   3.2240000000000002        7.9003524680521311E-002
   3.2280000000000002        7.9108816550336913E-002
   3.2320000000000002        7.9194640019662560E-002
   3.2360000000000002        7.9257786321795781E-002
   3.2400000000000002        7.9296037384759224E-002
   3.2440000000000002        7.9308940543663997E-002
   3.2480000000000002        7.9297929994791877E-002
   3.2520000000000002        7.9265849559839632E-002
   3.2560000000000002        7.9216274049746460E-002
   3.2600000000000002        7.9152953842596130E-002
   3.2640000000000002        7.9079447199466801E-002
   3.2680000000000002        7.8998898790496666E-002
   3.2720000000000002        7.8913958495736403E-002
   3.2760000000000002        7.8826841879836629E-002
   3.2800000000000002        7.8739473360162612E-002
   3.2840000000000003        7.8653608123707378E-002
   3.2880000000000003        7.8570863431715862E-002
   3.2920000000000003        7.8492667745809555E-002
   3.2960000000000003        7.8420164394774963E-002
   3.3000000000000003        7.8354075563051601E-002
   3.3040000000000003        7.8294525893356351E-002
   3.3080000000000003        7.8240879021652374E-002
   3.3120000000000003        7.8191706148891094E-002
   3.3160000000000003        7.8145023662053892E-002
   3.3200000000000003        7.8098858750895742E-002
   3.3240000000000003        7.8052021351503686E-002
   3.3280000000000003        7.8004759567769477E-002
   3.3320000000000003        7.7958920961168562E-002
   3.3360000000000003        7.7917478353582634E-002
   3.3400000000000003        7.7883688459823769E-002
   3.3440000000000003        7.7860363872562635E-002
   3.3480000000000003        7.7849565778896998E-002
   3.3520000000000003        7.7852670101653643E-002
   3.3560000000000003        7.7870530597782137E-002
   3.3600000000000003        7.7903491625550117E-002
   3.3640000000000003        7.7951215121338527E-002
   3.3680000000000003        7.8012496185610028E-002
   3.3720000000000003        7.8085285593690060E-002
   3.3760000000000003        7.8167002894742349E-002
   3.3800000000000003        7.8255048513845918E-002
   3.3840000000000003        7.8347290992232088E-002
   3.3880000000000003        7.8442252939413704E-002
   3.3920000000000003        7.8538881686430168E-002
   3.3960000000000004        7.8636119412922881E-002
   3.4000000000000004        7.8732650314905769E-002
   3.4040000000000004        7.8827034279091657E-002
   3.4080000000000004        7.8918107330565840E-002
   3.4120000000000004        7.9005314618395953E-002
   3.4160000000000004        7.9088685738425382E-002
   3.4200000000000004        7.9168436322714072E-002
   3.4240000000000004        7.9244487080713313E-002
   3.4280000000000004        7.9316270654288340E-002
   3.4320000000000004        7.9382966455614837E-002
   3.4359999999999999        7.9443961324958581E-002
   3.4399999999999999        7.9499174089513083E-002
   3.4440000000000000        7.9549016824253110E-002
   3.4480000000000000        7.9594030216767378E-002
   3.4520000000000000        7.9634387590458322E-002
   3.4560000000000000        7.9669476157416402E-002
   3.4600000000000000        7.9697761095284606E-002
   3.4640000000000000        7.9717079764857660E-002
   3.4680000000000000        7.9725292098677333E-002
   3.4720000000000000        7.9720999107110072E-002
   3.4760000000000000        7.9704013076999800E-002
   3.4800000000000000        7.9675372755256116E-002
   3.4840000000000000        7.9636943457089146E-002
   3.4880000000000000        7.9590921950787319E-002
   3.4920000000000000        7.9539571170215512E-002
   3.4960000000000000        7.9485207192100643E-002
   3.5000000000000000        7.9430201965295336E-002
   3.5040000000000000        7.9376814716204419E-002
   3.5080000000000000        7.9326893236442306E-002
   3.5120000000000000        7.9281573802317581E-002
   3.5160000000000000        7.9241012491330670E-002
   3.5200000000000000        7.9204151166567871E-002
   3.5240000000000000        7.9168604796770736E-002
   3.5280000000000000        7.9130762856610928E-002
   3.5320000000000000        7.9086099016114519E-002
   3.5360000000000000        7.9029629917587912E-002
   3.5400000000000000        7.8956495494970427E-002
   3.5440000000000000        7.8862630331646810E-002
   3.5480000000000000        7.8745403544259462E-002
   3.5520000000000000        7.8604094724169099E-002
   3.5560000000000000        7.8440165884854196E-002
   3.5600000000000001        7.8257208985291385E-002
   3.5640000000000001        7.8060336287541221E-002
   3.5680000000000001        7.7855096252252051E-002
   3.5720000000000001        7.7646393257286672E-002
   3.5760000000000001        7.7437814917579603E-002
   3.5800000000000001        7.7231493457050132E-002
   3.5840000000000001        7.7028442731685839E-002
   3.5880000000000001        7.6829174236014527E-002
   3.5920000000000001        7.6634320989906232E-002
   3.5960000000000001        7.6445047461504059E-002
   3.6000000000000001        7.6263150637833205E-002
   3.6040000000000001        7.6090897869950214E-002
   3.6080000000000001        7.5930731174092991E-002
   3.6120000000000001        7.5784914928818656E-002
   3.6160000000000001        7.5655101306749351E-002
   3.6200000000000001        7.5541856363784118E-002
   3.6240000000000001        7.5444393116541608E-002
   3.6280000000000001        7.5360788092367320E-002
   3.6320000000000001        7.5288679791066501E-002
   3.6360000000000001        7.5226112723415853E-002
   3.6400000000000001        7.5172167261802161E-002
   3.6440000000000001        7.5127259233990287E-002
   3.6480000000000001        7.5093085975326032E-002
   3.6520000000000001        7.5072128194342308E-002
   3.6560000000000001        7.5066749647961645E-002
   3.6600000000000001        7.5078212415122955E-002
   3.6640000000000001        7.5105995358361433E-002
   3.6680000000000001        7.5147643516859805E-002
   3.6720000000000002        7.5199189131679015E-002
   3.6760000000000002        7.5256040077431044E-002
   3.6800000000000002        7.5314087059676404E-002
   3.6840000000000002        7.5370666642607928E-002
   3.6880000000000002        7.5425054540164196E-002
   3.6920000000000002        7.5478398707810437E-002
   3.6960000000000002        7.5533241550120589E-002
   3.7000000000000002        7.5592819541190459E-002
   3.7040000000000002        7.5660243111831560E-002
   3.7080000000000002        7.5737645515077473E-002
   3.7120000000000002        7.5825501736368109E-002
   3.7160000000000002        7.5922344705402531E-002
   3.7200000000000002        7.6024925547924990E-002
   3.7240000000000002        7.6128687077264348E-002
   3.7280000000000002        7.6228406147082262E-002
   3.7320000000000002        7.6318905732508033E-002
   3.7360000000000002        7.6395707515086717E-002
   3.7400000000000002        7.6455476958690802E-002
   3.7440000000000002        7.6496201321984383E-002
   3.7480000000000002        7.6517122539062066E-002
   3.7520000000000002        7.6518452968488138E-002
   3.7560000000000002        7.6500948037244040E-002
   3.7600000000000002        7.6465523448538547E-002
   3.7640000000000002        7.6413116975961995E-002
   3.7680000000000002        7.6344835521455670E-002
   3.7720000000000002        7.6262226680345713E-002
   3.7760000000000002        7.6167426842201430E-002
   3.7800000000000002        7.6063078346202379E-002
   3.7840000000000003        7.5952139398400675E-002
   3.7880000000000003        7.5837695195109620E-002
   3.7920000000000003        7.5722665516884641E-002
   3.7960000000000003        7.5609285335854551E-002
   3.8000000000000003        7.5498552559028029E-002
   3.8040000000000003        7.5390148043814720E-002
   3.8080000000000003        7.5283139236791211E-002
   3.8120000000000003        7.5177079478455866E-002
   3.8160000000000003        7.5072618724869311E-002
   3.8200000000000003        7.4971127680480268E-002
   3.8240000000000003        7.4873760408069923E-002
   3.8280000000000003        7.4780755266287524E-002
   3.8320000000000003        7.4691322564536228E-002
   3.8360000000000003        7.4603932582004026E-002
   3.8400000000000003        7.4516712133137583E-002
   3.8440000000000003        7.4427807888903116E-002
   3.8480000000000003        7.4335678015191239E-002
   3.8520000000000003        7.4239305796808333E-002
   3.8560000000000003        7.4138352672675378E-002
   3.8600000000000003        7.4033273803848110E-002
   3.8640000000000003        7.3925395285464615E-002
   3.8680000000000003        7.3816919887260676E-002
   3.8720000000000003        7.3710798856607251E-002
   3.8760000000000003        7.3610366750379727E-002
   3.8800000000000003        7.3518707079535464E-002
   3.8840000000000003        7.3437995169713624E-002
   3.8880000000000003        7.3369217401611189E-002
   3.8920000000000003        7.3312337726410354E-002
   3.8960000000000004        7.3266554998744071E-002
   3.9000000000000004        7.3230373706621152E-002
