    0.004671    0.000000
    0.009342    0.000000
    0.014013    0.000000
    0.018684    0.000000
    0.023355    0.000000
    0.028026    0.000000
    0.032697    0.000000
    0.037368    0.000000
    0.042039    0.000000
    0.046710    0.000000
    0.051381    0.000000
    0.056052    0.000000
    0.060723    0.000000
    0.065394    0.000000
    0.070065    0.000000
    0.074736    0.000000
    0.079407    0.000000
    0.084078    0.000000
    0.088749    0.000000
    0.093420    0.000000
    0.098091    0.000000
    0.102762    0.000000
    0.107433    0.000000
    0.112104    0.000000
    0.116775    0.000000
    0.121446    0.000000
    0.126117    0.000000
    0.130788    0.000000
    0.135459    0.000000
    0.140130    0.000000
    0.144801    0.000000
    0.149472    0.000000
    0.154143    0.000000
    0.158814    0.000000
    0.163485    0.000000
    0.168156    0.000000
    0.172827    0.000000
    0.177498    0.000000
    0.182169    0.000000
    0.186840    0.000000
    0.191511    0.000000
    0.196182    0.000000
    0.200853    0.000000
    0.205524    0.000000
    0.210195    0.000000
    0.214866    0.000000
    0.219537    0.000000
    0.224208    0.000000
    0.228879    0.000000
    0.233550    0.000000
    0.238221    0.000000
    0.242892    0.000000
    0.247563    0.000000
    0.252234    0.000000
    0.256905    0.000000
    0.261576    0.000000
    0.266247    0.000000
    0.270918    0.000000
    0.275589    0.000000
    0.280260    0.000000
    0.284931    0.000000
    0.289602    0.000000
    0.294273    0.000000
    0.298944    0.000000
    0.303615    0.000000
    0.308286    0.000000
    0.312957    0.000000
    0.317628    0.000000
    0.322299    0.000000
    0.326970    0.000000
    0.331641    0.000000
    0.336312    0.000000
    0.340983    0.000000
    0.345654    0.000000
    0.350325    0.000000
    0.354996    0.000000
    0.359667    0.000000
    0.364338    0.000000
    0.369009    0.000000
    0.373680    0.000000
    0.378351    0.000000
    0.383022    0.000000
    0.387693    0.000000
    0.392364    0.000000
    0.397035    0.000000
    0.401706    0.000000
    0.406377    0.000000
    0.411048    0.000000
    0.415719    0.000000
    0.420390    0.000000
    0.425061    0.000000
    0.429732    0.000000
    0.434403    0.000000
    0.439074    0.000000
    0.443745    0.000000
    0.448416    0.000000
    0.453087    0.000000
    0.457758    0.000000
    0.462429    0.000000
    0.467100    0.000000
    0.471771    0.000000
    0.476442    0.000000
    0.481113    0.000000
    0.485784    0.000000
    0.490455    0.000000
    0.495126    0.000000
    0.499797    0.000000
    0.504468    0.000000
    0.509139    0.000000
    0.513810    0.000000
    0.518481    0.000000
    0.523152    0.000000
    0.527823    0.000000
    0.532494    0.000000
    0.537165    0.000000
    0.541836    0.000000
    0.546507    0.000000
    0.551178    0.000000
    0.555849    0.000000
    0.560520    0.000000
    0.565191    0.000000
    0.569862    0.000000
    0.574533    0.000000
    0.579204    0.000000
    0.583875    0.000000
    0.588546    0.000000
    0.593217    0.000000
    0.597888    0.000000
    0.602559    0.000000
    0.607230    0.000000
    0.611901    0.000000
    0.616572    0.000000
    0.621243    0.000000
    0.625914    0.000000
    0.630585    0.000000
    0.635256    0.000000
    0.639927    0.000000
    0.644598    0.000000
    0.649269    0.000000
    0.653940    0.000000
    0.658611    0.000000
    0.663282    0.000000
    0.667953    0.000000
    0.672624    0.000000
    0.677295    0.000000
    0.681966    0.000000
    0.686637    0.000000
    0.691308    0.000000
    0.695979    0.000000
    0.700650    0.000000
    0.705321    0.000000
    0.709992    0.000000
    0.714663    0.000000
    0.719334    0.000000
    0.724005    0.000000
    0.728676    0.000000
    0.733347    0.000000
    0.738018    0.000000
    0.742689    0.000000
    0.747360    0.000000
    0.752031    0.000000
    0.756702    0.000000
    0.761373    0.000000
    0.766044    0.000000
    0.770715    0.000000
    0.775386    0.000000
    0.780057    0.000000
    0.784728    0.000000
    0.789399    0.000000
    0.794070    0.000000
    0.798741    0.000000
    0.803412    0.000000
    0.808083    0.000000
    0.812754    0.000000
    0.817425    0.000000
    0.822096    0.000000
    0.826767    0.000000
    0.831438    0.000000
    0.836109    0.000000
    0.840780    0.000000
    0.845451    0.000005
    0.850122    0.000036
    0.854793    0.000094
    0.859464    0.000202
    0.864135    0.000381
    0.868806    0.000716
    0.873477    0.001310
    0.878148    0.002292
    0.882819    0.003744
    0.887490    0.006105
    0.892161    0.009863
    0.896832    0.015107
    0.901503    0.022270
    0.906174    0.032105
    0.910845    0.044913
    0.915516    0.061618
    0.920187    0.082711
    0.924858    0.108884
    0.929529    0.140511
    0.934200    0.178412
    0.938871    0.223191
    0.943542    0.275946
    0.948213    0.337283
    0.952884    0.406694
    0.957555    0.485330
    0.962226    0.574145
    0.966897    0.672715
    0.971568    0.779814
    0.976239    0.896360
    0.980910    1.022052
    0.985581    1.156613
    0.990252    1.300194
    0.994923    1.452921
    0.999594    1.613561
    1.004265    1.781742
    1.008936    1.956821
    1.013607    2.138798
    1.018278    2.325331
    1.022949    2.517931
    1.027620    2.715146
    1.032291    2.915960
    1.036962    3.120006
    1.041633    3.327796
    1.046304    3.536591
    1.050975    3.747169
    1.055646    3.958662
    1.060317    4.171360
    1.064988    4.382922
    1.069659    4.595147
    1.074330    4.807292
    1.079001    5.018302
    1.083672    5.227331
    1.088343    5.434808
    1.093014    5.641632
    1.097685    5.845736
    1.102356    6.046612
    1.107027    6.245172
    1.111698    6.439115
    1.116369    6.629356
    1.121040    6.815769
    1.125711    6.999136
    1.130382    7.179630
    1.135053    7.356007
    1.139724    7.529006
    1.144395    7.698364
    1.149066    7.865093
    1.153737    8.027936
    1.158408    8.185683
    1.163079    8.339389
    1.167750    8.490039
    1.172421    8.637551
    1.177092    8.780388
    1.181763    8.918614
    1.186434    9.053624
    1.191105    9.184255
    1.195776    9.310098
    1.200447    9.431361
    1.205118    9.551103
    1.209789    9.667513
    1.214460    9.779737
    1.219131    9.888065
    1.223802    9.993369
    1.228473   10.094942
    1.233144   10.193011
    1.237815   10.288573
    1.242486   10.381762
    1.247157   10.472143
    1.251828   10.559812
    1.256499   10.644895
    1.261170   10.727146
    1.265841   10.807459
    1.270512   10.884781
    1.275183   10.959477
    1.279854   11.032635
    1.284525   11.102952
    1.289196   11.171098
    1.293867   11.237577
    1.298538   11.302777
    1.303209   11.366297
    1.307880   11.428647
    1.312551   11.489597
    1.317222   11.548885
    1.321893   11.607560
    1.326564   11.665415
    1.331235   11.722238
    1.335906   11.777842
    1.340577   11.832814
    1.345248   11.887026
    1.349919   11.939913
    1.354590   11.992403
    1.359261   12.044195
    1.363932   12.096391
    1.368603   12.148117
    1.373274   12.200713
    1.377945   12.252380
    1.382616   12.304415
    1.387287   12.356493
    1.391958   12.408691
    1.396629   12.461127
    1.401300   12.513662
    1.405971   12.567030
    1.410642   12.621200
    1.415313   12.675544
    1.419984   12.730811
    1.424655   12.787696
    1.429326   12.844442
    1.433997   12.902192
    1.438668   12.960020
    1.443339   13.018776
    1.448010   13.078929
    1.452681   13.140664
    1.457352   13.203573
    1.462023   13.267623
    1.466694   13.332532
    1.471365   13.398597
    1.476036   13.465809
    1.480707   13.534018
    1.485378   13.604008
    1.490049   13.674561
    1.494720   13.746824
    1.499391   13.820383
    1.504062   13.895231
    1.508733   13.970606
    1.513404   14.047912
    1.518075   14.126223
    1.522746   14.205480
    1.527417   14.286556
    1.532088   14.368262
    1.536759   14.450870
    1.541430   14.534758
    1.546101   14.619421
    1.550772   14.705531
    1.555443   14.792221
    1.560114   14.880140
    1.564785   14.969051
    1.569456   15.059180
    1.574127   15.150092
    1.578798   15.242191
    1.583469   15.334757
    1.588140   15.428113
    1.592811   15.522963
    1.597482   15.618934
    1.602153   15.716048
    1.606824   15.813593
    1.611495   15.912353
    1.616166   16.011977
    1.620837   16.112390
    1.625508   16.213843
    1.630179   16.317628
    1.634850   16.422905
    1.639521   16.529435
    1.644192   16.637940
    1.648863   16.747896
    1.653534   16.859928
    1.658205   16.973430
    1.662876   17.089727
    1.667547   17.207264
    1.672218   17.326595
    1.676889   17.449413
    1.681560   17.575057
    1.686231   17.703751
    1.690902   17.835603
    1.695573   17.970733
    1.700244   18.109370
    1.704915   18.253099
    1.709586   18.399382
    1.714257   18.549009
    1.718928   18.703593
    1.723599   18.863400
    1.728270   19.027207
    1.732941   19.196498
    1.737612   19.369916
    1.742283   19.548213
    1.746954   19.731787
    1.751625   19.920930
    1.756296   20.116714
    1.760967   20.318389
    1.765638   20.525232
    1.770309   20.739380
    1.774980   20.959630
    1.779651   21.185833
    1.784322   21.419138
    1.788993   21.657576
    1.793664   21.903860
    1.798335   22.155132
    1.803006   22.412533
    1.807677   22.675087
    1.812348   22.943930
    1.817019   23.221277
    1.821690   23.504901
    1.826361   23.793709
    1.831032   24.086895
    1.835703   24.383007
    1.840374   24.683549
    1.845045   24.991506
    1.849716   25.305063
    1.854387   25.623821
    1.859058   25.946317
    1.863729   26.271061
    1.868400   26.598055
    1.873071   26.928156
    1.877742   27.262859
    1.882413   27.601179
    1.887084   27.943543
    1.891755   28.285082
    1.896426   28.627886
    1.901097   28.973607
    1.905768   29.319861
    1.910439   29.668305
    1.915110   30.016409
    1.919781   30.366511
    1.924452   30.715100
    1.929123   31.063854
    1.933794   31.411916
    1.938465   31.759532
    1.943136   32.106188
    1.947807   32.451744
    1.952478   32.795706
    1.957149   33.138671
    1.961820   33.479688
    1.966491   33.817567
    1.971162   34.150535
    1.975833   34.483087
    1.980504   34.814350
    1.985175   35.142889
    1.989846   35.470857
    1.994517   35.797337
    1.999188   36.120986
    2.003859   36.441385
    2.008530   36.760172
    2.013201   37.076121
    2.017872   37.389707
    2.022543   37.699021
    2.027214   38.004913
    2.031885   38.307888
    2.036556   38.609030
    2.041227   38.908747
    2.045898   39.205878
    2.050569   39.499842
    2.055240   39.791175
    2.059911   40.080250
    2.064582   40.368283
    2.069253   40.654058
    2.073924   40.937197
    2.078595   41.216550
    2.083266   41.496713
    2.087937   41.775969
    2.092608   42.052629
    2.097279   42.327357
    2.101950   42.601098
    2.106621   42.871959
    2.111292   43.140735
    2.115963   43.408428
    2.120634   43.674056
    2.125305   43.939279
    2.129976   44.205878
    2.134647   44.471153
    2.139318   44.735512
    2.143989   44.998708
    2.148660   45.260545
    2.153331   45.520720
    2.158002   45.782187
    2.162673   46.044070
    2.167344   46.304273
    2.172015   46.565439
    2.176686   46.826973
    2.181357   47.088587
    2.186028   47.348870
    2.190699   47.608460
    2.195370   47.868074
    2.200041   48.128009
    2.204712   48.389296
    2.209383   48.650221
    2.214054   48.910952
    2.218725   49.171236
    2.223396   49.431917
    2.228067   49.693640
    2.232738   49.956828
    2.237409   50.221572
    2.242080   50.488599
    2.246751   50.755461
    2.251422   51.023480
    2.256093   51.293026
    2.260764   51.563566
    2.265435   51.835185
    2.270106   52.109508
    2.274777   52.383769
    2.279448   52.658892
    2.284119   52.937170
    2.288790   53.216486
    2.293461   53.499112
    2.298132   53.785170
    2.302803   54.072261
    2.307474   54.361061
    2.312145   54.652294
    2.316816   54.945235
    2.321487   55.239258
    2.326158   55.534408
    2.330829   55.832067
    2.335500   56.131789
    2.340171   56.434005
    2.344842   56.739242
    2.349513   57.046673
    2.354184   57.356985
    2.358855   57.668985
    2.363526   57.983236
    2.368197   58.300760
    2.372868   58.622384
    2.377539   58.946702
    2.382210   59.274015
    2.386881   59.604713
    2.391552   59.937841
    2.396223   60.271890
    2.400894   60.607391
    2.405565   60.945059
    2.410236   61.286037
    2.414907   61.628454
    2.419578   61.973950
    2.424249   62.321154
    2.428920   62.670661
    2.433591   63.022476
    2.438262   63.376340
    2.442933   63.731164
    2.447604   64.086712
    2.452275   64.442250
    2.456946   64.800227
    2.461617   65.160326
    2.466288   65.518508
    2.470959   65.878250
    2.475630   66.239149
    2.480301   66.600395
    2.484972   66.962334
    2.489643   67.324884
    2.494314   67.687007
    2.498985   68.047875
    2.503656   68.406889
    2.508327   68.765388
    2.512998   69.124493
    2.517669   69.483869
    2.522340   69.841242
    2.527011   70.198349
    2.531682   70.556248
    2.536353   70.912724
    2.541024   71.267746
    2.545695   71.622673
    2.550366   71.977877
    2.555037   72.332608
    2.559708   72.684981
    2.564379   73.035446
    2.569050   73.383288
    2.573721   73.731277
    2.578392   74.079520
    2.583063   74.427649
    2.587734   74.775104
    2.592405   75.119585
    2.597076   75.463553
    2.601747   75.807446
    2.606418   76.151011
    2.611089   76.494856
    2.615760   76.838830
    2.620431   77.181361
    2.625102   77.526707
    2.629773   77.873037
    2.634444   78.220605
    2.639115   78.570324
    2.643786   78.921082
    2.648457   79.274593
    2.653128   79.629913
    2.657799   79.987147
    2.662470   80.347923
    2.667141   80.711087
    2.671812   81.077856
    2.676483   81.446672
    2.681154   81.822528
    2.685825   82.202404
    2.690496   82.586961
    2.695167   82.978013
    2.699838   83.372180
    2.704509   83.771373
    2.709180   84.175426
    2.713851   84.587678
    2.718522   85.005882
    2.723193   85.429126
    2.727864   85.858677
    2.732535   86.296729
    2.737206   86.741692
    2.741877   87.195129
    2.746548   87.657441
    2.751219   88.127150
    2.755890   88.605441
    2.760561   89.093502
    2.765232   89.590820
    2.769903   90.095425
    2.774574   90.610458
    2.779245   91.133788
    2.783916   91.664691
    2.788587   92.205075
    2.793258   92.754793
    2.797929   93.314090
    2.802600   93.882191
    2.807271   94.456637
    2.811942   95.039252
    2.816613   95.630801
    2.821284   96.230552
    2.825955   96.837483
    2.830626   97.454004
    2.835297   98.078178
    2.839968   98.710751
    2.844639   99.350780
    2.849310   99.997782
    2.853981  100.650874
    2.858652  101.310179
    2.863323  101.975404
    2.867994  102.642788
    2.872665  103.314085
    2.877336  103.990829
    2.882007  104.674386
    2.886678  105.361171
    2.891349  106.049457
    2.896020  106.739454
    2.900691  107.433626
    2.905362  108.130267
    2.910033  108.827577
    2.914704  109.528238
    2.919375  110.229475
    2.924046  110.928823
    2.928717  111.627315
    2.933388  112.325196
    2.938059  113.020415
    2.942730  113.714186
    2.947401  114.405588
    2.952072  115.095578
    2.956743  115.781128
    2.961414  116.463441
    2.966085  117.142932
    2.970756  117.817762
    2.975427  118.489593
    2.980098  119.155635
    2.984769  119.817813
    2.989440  120.474376
    2.994111  121.125613
    2.998782  121.769767
    3.003453  122.408441
    3.008124  123.042686
    3.012795  123.669807
    3.017466  124.291604
    3.022137  124.909403
    3.026808  125.522030
    3.031479  126.126373
    3.036150  126.724322
    3.040821  127.317791
    3.045492  127.905855
    3.050163  128.489624
    3.054834  129.067477
    3.059505  129.640939
    3.064176  130.208756
    3.068847  130.772026
    3.073518  131.329166
    3.078189  131.881622
    3.082860  132.428391
    3.087531  132.972546
    3.092202  133.514200
    3.096873  134.053415
    3.101544  134.588064
    3.106215  135.121797
    3.110886  135.653001
    3.115557  136.183834
    3.120228  136.712600
    3.124899  137.244167
    3.129570  137.772725
    3.134241  138.298594
    3.138912  138.823154
    3.143583  139.349846
    3.148254  139.875674
    3.152925  140.403182
    3.157596  140.932674
    3.162267  141.463907
    3.166938  141.997551
    3.171609  142.532165
    3.176280  143.072622
    3.180951  143.614696
    3.185622  144.159173
    3.190293  144.707273
    3.194964  145.257882
    3.199635  145.810704
    3.204306  146.366687
    3.208977  146.928924
    3.213648  147.494144
    3.218319  148.064652
    3.222990  148.639435
    3.227661  149.220297
    3.232332  149.805126
    3.237003  150.393593
    3.241674  150.988034
    3.246345  151.584275
    3.251016  152.186751
    3.255687  152.792964
    3.260358  153.405192
    3.265029  154.022729
    3.269700  154.645331
    3.274371  155.274335
    3.279042  155.905180
    3.283713  156.540244
    3.288384  157.181631
    3.293055  157.826477
    3.297726  158.477752
    3.302397  159.130663
    3.307068  159.788319
    3.311739  160.451756
    3.316410  161.118589
    3.321081  161.789942
    3.325752  162.462761
    3.330423  163.141258
    3.335094  163.822234
    3.339765  164.504143
    3.344436  165.187161
    3.349107  165.871543
    3.353778  166.557032
    3.358449  167.246672
    3.363120  167.938213
    3.367791  168.631569
    3.372462  169.324511
    3.377133  170.019643
    3.381804  170.716757
    3.386475  171.416655
    3.391146  172.117726
    3.395817  172.820651
    3.400488  173.525061
    3.405159  174.231619
    3.409830  174.937755
    3.414501  175.645648
    3.419172  176.353545
    3.423843  177.061630
    3.428514  177.771106
    3.433185  178.479642
    3.437856  179.189131
    3.442527  179.897498
    3.447198  180.607913
    3.451869  181.315990
    3.456540  182.022418
    3.461211  182.731177
    3.465882  183.440330
    3.470553  184.147747
    3.475224  184.855489
    3.479895  185.562334
    3.484566  186.270356
    3.489237  186.978266
    3.493908  187.687584
    3.498579  188.397356
    3.503250  189.104692
    3.507921  189.812962
    3.512592  190.522361
    3.517263  191.231229
    3.521934  191.937089
    3.526605  192.646217
    3.531276  193.355685
    3.535947  194.066841
    3.540618  194.779231
    3.545289  195.490387
    3.549960  196.203776
    3.554631  196.917802
    3.559302  197.632313
    3.563973  198.350126
    3.568644  199.069226
    3.573315  199.789217
    3.577986  200.510581
    3.582657  201.235038
    3.587328  201.958597
    3.591999  202.685376
    3.596670  203.414351
    3.601341  204.144802
    3.606012  204.876051
    3.610683  205.608205
    3.615354  206.343337
    3.620025  207.080039
    3.624696  207.818122
    3.629367  208.559687
    3.634038  209.302516
    3.638709  210.050054
    3.643380  210.800824
    3.648051  211.552419
    3.652722  212.308340
    3.657393  213.070596
    3.662064  213.836446
    3.666735  214.606979
    3.671406  215.379315
    3.676077  216.156941
    3.680748  216.939180
    3.685419  217.728719
    3.690090  218.523891
    3.694761  219.324040
    3.699432  220.129556
    3.704103  220.940549
    3.708774  221.757020
    3.713445  222.581829
    3.718116  223.413215
    3.722787  224.252474
    3.727458  225.099009
    3.732129  225.952122
    3.736800  226.811401
    3.741471  227.679863
    3.746142  228.553129
    3.750813  229.434947
    3.755484  230.326016
    3.760155  231.224748
    3.764826  232.135201
    3.769497  233.053490
    3.774168  233.980763
    3.778839  234.917377
    3.783510  235.863648
    3.788181  236.818344
    3.792852  237.783163
    3.797523  238.757422
    3.802194  239.738135
    3.806865  240.731314
    3.811536  241.733234
    3.816207  242.743353
    3.820878  243.762147
    3.825549  244.793154
    3.830220  245.834441
    3.834891  246.884134
    3.839562  247.942923
    3.844233  249.010886
    3.848904  250.089198
    3.853575  251.175990
    3.858246  252.271226
    3.862917  253.375290
    3.867588  254.486093
    3.872259  255.603735
    3.876930  256.728350
    3.881601  257.861290
    3.886272  258.997298
    3.890943  260.142601
    3.895614  261.294153
    3.900285  262.448900
    3.904956  263.610924
    3.909627  264.777278
    3.914298  265.949481
    3.918969  267.124596
    3.923640  268.303076
    3.928311  269.483061
    3.932982  270.669670
    3.937653  271.858202
    3.942324  273.045135
    3.946995  274.237555
    3.951666  275.430998
    3.956337  276.621472
    3.961008  277.808109
    3.965679  278.995683
    3.970350  280.181335
    3.975021  281.367259
    3.979692  282.554372
    3.984363  283.738574
    3.989034  284.915666
    3.993705  286.090763
    3.998376  287.263573
    4.003047  288.432026
    4.007718  289.596905
    4.012389  290.751865
    4.017060  291.901353
    4.021731  293.046263
    4.026402  294.185387
    4.031073  295.315320
    4.035744  296.438158
    4.040415  297.554212
    4.045086  298.661684
    4.049757  299.763533
    4.054428  300.859152
    4.059099  301.951081
    4.063770  303.031282
    4.068441  304.104266
    4.073112  305.167824
    4.077783  306.223854
    4.082454  307.272049
    4.087125  308.310564
    4.091796  309.345392
    4.096467  310.371420
    4.101138  311.389990
    4.105809  312.402342
    4.110480  313.407404
    4.115151  314.405881
    4.119822  315.400076
    4.124493  316.385775
    4.129164  317.365866
    4.133835  318.342772
    4.138506  319.313531
    4.143177  320.278110
    4.147848  321.241613
    4.152519  322.200403
    4.157190  323.154977
    4.161861  324.107658
    4.166532  325.057434
    4.171203  326.001646
    4.175874  326.944134
    4.180545  327.886799
    4.185216  328.826789
    4.189887  329.763218
    4.194558  330.698489
    4.199229  331.630915
    4.203900  332.562846
    4.208571  333.492774
    4.213242  334.423747
    4.217913  335.355223
    4.222584  336.286441
    4.227255  337.219956
    4.231926  338.153513
    4.236597  339.085740
    4.241268  340.022602
    4.245939  340.959241
    4.250610  341.897309
    4.255281  342.835750
    4.259952  343.777220
    4.264623  344.719879
    4.269294  345.664987
    4.273965  346.612712
    4.278636  347.561081
    4.283307  348.510794
    4.287978  349.462659
    4.292649  350.414395
    4.297320  351.370887
    4.301991  352.332739
    4.306662  353.296044
    4.311333  354.265956
    4.316004  355.237915
    4.320675  356.214427
    4.325346  357.191926
    4.330017  358.171334
    4.334688  359.154215
    4.339359  360.142949
    4.344030  361.136112
    4.348701  362.131630
    4.353372  363.133717
    4.358043  364.137169
    4.362714  365.145295
    4.367385  366.158864
    4.372056  367.176911
    4.376727  368.197274
    4.381398  369.221995
    4.386069  370.251852
    4.390740  371.290065
    4.395411  372.330936
    4.400082  373.378197
    4.404753  374.428936
    4.409424  375.488374
    4.414095  376.551489
    4.418766  377.623638
    4.423437  378.702743
    4.428108  379.790571
    4.432779  380.880189
    4.437450  381.974328
    4.442121  383.076297
    4.446792  384.188865
    4.451463  385.306078
    4.456134  386.430330
    4.460805  387.560382
    4.465476  388.700754
    4.470147  389.849338
    4.474818  391.004030
    4.479489  392.166090
    4.484160  393.335709
    4.488831  394.513380
    4.493502  395.699461
    4.498173  396.897233
    4.502844  398.105334
    4.507515  399.320740
    4.512186  400.544632
    4.516857  401.776830
    4.521528  403.020564
    4.526199  404.273055
    4.530870  405.533686
    4.535541  406.806867
    4.540212  408.090984
    4.544883  409.383690
    4.549554  410.682876
    4.554225  411.994869
    4.558896  413.317833
    4.563567  414.648599
    4.568238  415.988123
    4.572909  417.334174
    4.577580  418.690438
    4.582251  420.055956
    4.586922  421.432095
    4.591593  422.818624
    4.596264  424.213448
    4.600935  425.617197
    4.605606  427.029074
    4.610277  428.450672
    4.614948  429.881433
    4.619619  431.321283
    4.624290  432.768075
    4.628961  434.226245
    4.633632  435.692411
    4.638303  437.169595
    4.642974  438.656081
    4.647645  440.149993
    4.652316  441.651091
    4.656987  443.162900
    4.661658  444.684561
    4.666329  446.210688
    4.671000  447.746403
