   1.5357511  -2.3036561   3.8394071
   1.5357493  -2.3027125   3.8384619
   1.5357521  -2.2264904   3.7622425
   1.5357543  -2.1649105   3.7006648
   1.5357522  -2.2083211   3.7440734
   1.5357505  -2.2915880   3.8273386
   1.5357515  -2.3485666   3.8843180
   1.5357502  -2.3700990   3.9058492
   1.5357542  -2.3349896   3.8707438
   1.5357523  -2.3518450   3.8875973
   1.5357514  -2.3904579   3.9262094
   1.5357519  -2.4029958   3.9387477
   1.5357520  -2.3974608   3.9332127
   1.5357538  -2.3883259   3.9240797
   1.5357508  -2.4211820   3.9569328
   1.5357499  -2.4077959   3.9435458
   1.5357540  -2.3246007   3.8603548
   1.5357537  -2.3005314   3.8362851
   1.5357504  -2.3265868   3.8623371
   1.5357518  -2.3068811   3.8426329
   1.5357520  -2.2608554   3.7966074
   1.5357535  -2.2169670   3.7527205
   1.5357524  -2.2135040   3.7492564
   1.5357528  -2.2312729   3.7670257
   1.5357527  -2.2712434   3.8069961
   1.5357509  -2.3207118   3.8564627
   1.5357506  -2.3239863   3.8597369
   1.5357511  -2.2748479   3.8105990
   1.5357551  -2.2180238   3.7537790
   1.5357522  -2.2893107   3.8250629
   1.5357498  -2.4029709   3.9387207
   1.5357506  -2.4208111   3.9565617
   1.5357515  -2.3534807   3.8892322
   1.5357544  -2.2569536   3.7927080
   1.5357542  -2.2540377   3.7897919
   1.5357507  -2.3383737   3.8741244
   1.5357505  -2.3815522   3.9173027
   1.5357508  -2.3487902   3.8845410
   1.5357535  -2.2667777   3.8025313
   1.5357538  -2.2269075   3.7626613
   1.5357519  -2.2442694   3.7800213
   1.5357530  -2.2851282   3.8208813
   1.5357500  -2.3427197   3.8784697
   1.5357511  -2.3313198   3.8670709
   1.5357530  -2.2857036   3.8214566
   1.5357529  -2.2758531   3.8116060
   1.5357511  -2.3035098   3.8392609
   1.5357505  -2.3101277   3.8458782
   1.5357523  -2.2817812   3.8175335
   1.5357528  -2.2857927   3.8215454
   1.5357515  -2.3342943   3.8700457
   1.5357499  -2.3655813   3.9013312
   1.5357514  -2.3284906   3.8642420
   1.5357524  -2.2748580   3.8106104
   1.5357534  -2.2529177   3.7886711
   1.5357522  -2.2878969   3.8236492
   1.5357512  -2.3404276   3.8761788
   1.5357510  -2.3565195   3.8922705
   1.5357526  -2.3379931   3.8737456
   1.5357522  -2.3483035   3.8840557
   1.5357497  -2.3680900   3.9038397
   1.5357524  -2.3164896   3.8522419
   1.5357531  -2.2696456   3.8053987
   1.5357526  -2.2670575   3.8028101
   1.5357517  -2.2798242   3.8155759
   1.5357535  -2.2925367   3.8282903
   1.5357508  -2.3472632   3.8830140
   1.5357508  -2.3712922   3.9070431
   1.5357526  -2.3547774   3.8905301
   1.5357524  -2.3467467   3.8824992
   1.5357521  -2.3508236   3.8865757
   1.5357522  -2.3618907   3.8976429
   1.5357530  -2.3823072   3.9180602
   1.5357528  -2.4252544   3.9610072
   1.5357531  -2.4766493   4.0124024
   1.5357522  -2.5315263   4.0672785
   1.5357495  -2.5474522   4.0832017
   1.5357520  -2.4548213   3.9905732
   1.5357536  -2.3482742   3.8840278
   1.5357525  -2.3028246   3.8385771
   1.5357529  -2.2896563   3.8254092
   1.5357506  -2.2943825   3.8301332
   1.5357517  -2.2651007   3.8008524
   1.5357537  -2.2317679   3.7675216
   1.5357527  -2.2533861   3.7891388
   1.5357530  -2.3227657   3.8585187
   1.5357500  -2.4235323   3.9592823
   1.5357494  -2.4477239   3.9834733
   1.5357522  -2.3706577   3.9064099
   1.5357530  -2.2908704   3.8266234
   1.5357521  -2.2596131   3.7953652
   1.5357519  -2.2564097   3.7921616
   1.5357527  -2.2673132   3.8030659
   1.5357523  -2.2976888   3.8334411
   1.5357524  -2.3327619   3.8685143
   1.5357517  -2.3603603   3.8961119
   1.5357519  -2.3559765   3.8917283
   1.5357516  -2.3281757   3.8639273
   1.5357508  -2.2753985   3.8111493
   1.5357531  -2.1901753   3.7259285
   1.5357537  -2.1578693   3.6936231
   1.5357520  -2.2022680   3.7380199
   1.5357513  -2.2679432   3.8036944
   1.5357498  -2.3156073   3.8513571
   1.5357519  -2.3033918   3.8391437
   1.5357531  -2.2906620   3.8264151
   1.5357492  -2.3259726   3.8617218
   1.5357497  -2.3098569   3.8456066
   1.5357528  -2.2515390   3.7872918
   1.5357527  -2.2623545   3.7981071
   1.5357506  -2.3326294   3.8683800
   1.5357497  -2.3617932   3.8975430
   1.5357519  -2.3229786   3.8587305
   1.5357526  -2.2833782   3.8191308
   1.5357524  -2.2766211   3.8123735
   1.5357517  -2.2896656   3.8254173
   1.5357523  -2.2966976   3.8324499
   1.5357513  -2.3035004   3.8392517
   1.5357527  -2.2880933   3.8238460
   1.5357528  -2.2884268   3.8241796
   1.5357510  -2.3030098   3.8387607
   1.5357529  -2.3026764   3.8384293
   1.5357493  -2.3165202   3.8522695
   1.5357530  -2.2838361   3.8195891
   1.5357524  -2.3085820   3.8443343
   1.5357499  -2.3769524   3.9127023
   1.5357530  -2.4052918   3.9410449
   1.5357515  -2.4574717   3.9932231
   1.5357492  -2.4768967   4.0126459
   1.5357521  -2.3989170   3.9346690
   1.5357537  -2.3214703   3.8572240
   1.5357518  -2.3115729   3.8473247
   1.5357508  -2.3136955   3.8494463
   1.5357524  -2.2903825   3.8261349
   1.5357524  -2.2889632   3.8247156
   1.5357514  -2.3074716   3.8432230
   1.5357520  -2.3123960   3.8481480
   1.5357516  -2.3176447   3.8533963
   1.5357518  -2.3224025   3.8581543
   1.5357514  -2.3382806   3.8740320
   1.5357513  -2.3623666   3.8981179
   1.5357505  -2.3749533   3.9107038
   1.5357519  -2.3509706   3.8867225
   1.5357534  -2.3389787   3.8747321
   1.5357517  -2.3832570   3.9190087
   1.5357509  -2.4251155   3.9608664
   1.5357494  -2.4145825   3.9503319
   1.5357526  -2.3218628   3.8576154
   1.5357538  -2.2482020   3.7839558
   1.5357502  -2.2448711   3.7806213
   1.5357510  -2.2127898   3.7485408
   1.5357541  -2.1732820   3.7090361
   1.5357512  -2.2132647   3.7490159
   1.5357510  -2.2567094   3.7924604
   1.5357510  -2.2690102   3.8047612
   1.5357537  -2.2699977   3.8057514
   1.5357508  -2.3170293   3.8527801
   1.5357496  -2.3306065   3.8663561
   1.5357531  -2.2824403   3.8181934
   1.5357535  -2.2880057   3.8237592
   1.5357506  -2.3526776   3.8884282
   1.5357516  -2.3916168   3.9273683
   1.5357505  -2.3996139   3.9353645
   1.5357532  -2.3733361   3.9090894
   1.5357517  -2.3864203   3.9221720
   1.5357502  -2.3938786   3.9296288
   1.5357528  -2.3344512   3.8702040
   1.5357545  -2.2947688   3.8305234
   1.5357521  -2.3301332   3.8658853
   1.5357518  -2.3696981   3.9054499
   1.5357511  -2.3833076   3.9190586
   1.5357514  -2.3521935   3.8879449
   1.5357531  -2.2952293   3.8309824
   1.5357530  -2.2810684   3.8168214
   1.5357508  -2.3105229   3.8462737
   1.5357520  -2.3282556   3.8640075
   1.5357500  -2.3426316   3.8783816
   1.5357514  -2.3109670   3.8467184
   1.5357536  -2.2778242   3.8135779
   1.5357518  -2.2945109   3.8302627
   1.5357500  -2.3005121   3.8362621
   1.5357508  -2.2364679   3.7722187
   1.5357544  -2.1589530   3.6947073
   1.5357527  -2.1848800   3.7206327
   1.5357509  -2.2683461   3.8040971
   1.5357505  -2.3278030   3.8635535
   1.5357523  -2.3347027   3.8704550
   1.5357505  -2.3236106   3.8593611
   1.5357509  -2.2704743   3.8062251
   1.5357533  -2.2061094   3.7418627
   1.5357526  -2.2108752   3.7466278
   1.5357520  -2.2731507   3.8089027
   1.5357501  -2.3509451   3.8866953
   1.5357512  -2.3783009   3.9140520
   1.5357531  -2.3672638   3.9030169
   1.5357531  -2.3837438   3.9194969
   1.5357519  -2.4250886   3.9608404
   1.5357518  -2.4519913   3.9877431
   1.5357498  -2.4429135   3.9786634
   1.5357519  -2.3561869   3.8919388
   1.5357552  -2.2694234   3.8051786
   1.5357528  -2.2919854   3.8277381
   1.5357504  -2.3318677   3.8676181
   1.5357532  -2.3065224   3.8422756
   1.5357531  -2.3034401   3.8391932
   1.5357521  -2.3304576   3.8662097
   1.5357527  -2.3572150   3.8929676
   1.5357516  -2.3875074   3.9232590
   1.5357512  -2.3835324   3.9192836
   1.5357536  -2.3599093   3.8956628
   1.5357526  -2.4011994   3.9369520
   1.5357494  -2.4626742   3.9984236
   1.5357504  -2.4418316   3.9775820
   1.5357526  -2.3642505   3.9000031
   1.5357520  -2.3141944   3.8499464
   1.5357514  -2.2920054   3.8277568
   1.5357509  -2.2756712   3.8114221
   1.5357528  -2.2557851   3.7915379
   1.5357517  -2.2880494   3.8238011
   1.5357492  -2.3303964   3.8661455
   1.5357516  -2.3007455   3.8364971
   1.5357530  -2.2614039   3.7971569
   1.5357514  -2.2560808   3.7918322
   1.5357507  -2.2270699   3.7628207
   1.5357532  -2.1581705   3.6939237
   1.5357536  -2.1281101   3.6638636
   1.5357525  -2.1676746   3.7034271
   1.5357504  -2.2258598   3.7616102
   1.5357527  -2.2506302   3.7863829
   1.5357521  -2.3028798   3.8386319
   1.5357509  -2.3593171   3.8950680
   1.5357520  -2.3710985   3.9068505
   1.5357525  -2.3800438   3.9157963
   1.5357508  -2.4040629   3.9398138
   1.5357503  -2.3763821   3.9121324
   1.5357523  -2.2895503   3.8253025
   1.5357525  -2.2143114   3.7500639
   1.5357535  -2.1833244   3.7190779
   1.5357520  -2.2206066   3.7563586
   1.5357519  -2.2693305   3.8050824
   1.5357501  -2.2959812   3.8317312
   1.5357518  -2.2547687   3.7905205
   1.5357532  -2.2068483   3.7426015
   1.5357515  -2.1936203   3.7293718
   1.5357535  -2.1734128   3.7091663
   1.5357548  -2.2106495   3.7464044
   1.5357505  -2.3440738   3.8798243
   1.5357478  -2.4246761   3.9604239
   1.5357512  -2.3527384   3.8884896
   1.5357536  -2.2554399   3.7911935
   1.5357522  -2.2263628   3.7621151
   1.5357530  -2.2396274   3.7753804
   1.5357512  -2.2967569   3.8325081
   1.5357493  -2.3323626   3.8681119
   1.5357518  -2.2827845   3.8185362
   1.5357552  -2.2527489   3.7885041
   1.5357507  -2.3362300   3.8719807
   1.5357499  -2.3898289   3.9255789
   1.5357525  -2.3644001   3.9001526
   1.5357528  -2.3421002   3.8778530
   1.5357520  -2.3489054   3.8846574
   1.5357508  -2.3556068   3.8913576
   1.5357525  -2.3251635   3.8609161
   1.5357538  -2.3004623   3.8362161
   1.5357527  -2.3170210   3.8527738
   1.5357535  -2.3578765   3.8936300
   1.5357516  -2.4248781   3.9606297
   1.5357510  -2.4685416   4.0042925
   1.5357495  -2.4503410   3.9860905
   1.5357523  -2.3405956   3.8763479
   1.5357533  -2.2157007   3.7514540
   1.5357531  -2.1311780   3.6669312
   1.5357543  -2.1035028   3.6392570
   1.5357518  -2.1548854   3.6906372
   1.5357500  -2.2011408   3.7368908
   1.5357514  -2.1694313   3.7051827
   1.5357546  -2.1216078   3.6573625
   1.5357523  -2.1528725   3.6886249
   1.5357504  -2.2120572   3.7478076
   1.5357515  -2.2257842   3.7615357
   1.5357527  -2.2202780   3.7560307
   1.5357533  -2.2436416   3.7793949
   1.5357520  -2.3106141   3.8463661
   1.5357510  -2.3782669   3.9140178
   1.5357493  -2.3894839   3.9252332
   1.5357530  -2.3189059   3.8546589
   1.5357537  -2.2746278   3.8103814
   1.5357533  -2.2979324   3.8336857
   1.5357506  -2.3559586   3.8917093
   1.5357501  -2.3683884   3.9041385
   1.5357517  -2.3230465   3.8587982
   1.5357523  -2.2791622   3.8149145
   1.5357524  -2.2603450   3.7960974
   1.5357533  -2.2737730   3.8095264
   1.5357515  -2.3404018   3.8761533
   1.5357496  -2.3962309   3.9319805
   1.5357518  -2.3752277   3.9109794
   1.5357538  -2.3417867   3.8775406
   1.5357527  -2.3780073   3.9137600
   1.5357503  -2.4434062   3.9791565
   1.5357509  -2.4608507   3.9966017
   1.5357508  -2.4314774   3.9672281
   1.5357503  -2.3640426   3.8997929
   1.5357547  -2.2828085   3.8185632
   1.5357523  -2.3135298   3.8492821
   1.5357511  -2.3998538   3.9356048
   1.5357496  -2.4564432   3.9921928
   1.5357501  -2.4211664   3.9569164
   1.5357546  -2.3379806   3.8737352
   1.5357508  -2.3374677   3.8732186
   1.5357507  -2.3280590   3.8638097
   1.5357517  -2.2778239   3.8135756
   1.5357543  -2.2350414   3.7707957
   1.5357505  -2.2670866   3.8028371
   1.5357515  -2.2885782   3.8243297
   1.5357517  -2.2947919   3.8305436
   1.5357524  -2.3062218   3.8419741
   1.5357500  -2.3217954   3.8575454
   1.5357516  -2.2792944   3.8150460
   1.5357541  -2.2356593   3.7714134
   1.5357523  -2.2808585   3.8166108
   1.5357510  -2.3499103   3.8856614
   1.5357515  -2.3826585   3.9184100
   1.5357514  -2.3817662   3.9175176
   1.5357531  -2.3464120   3.8821651
   1.5357534  -2.3298189   3.8655724
   1.5357526  -2.3417897   3.8775424
   1.5357536  -2.3632881   3.8990417
   1.5357526  -2.4054351   3.9411877
   1.5357505  -2.4301764   3.9659269
   1.5357528  -2.3960730   3.9318258
   1.5357524  -2.3779004   3.9136528
   1.5357523  -2.3854078   3.9211601
   1.5357523  -2.3912642   3.9270166
   1.5357532  -2.3990943   3.9348475
   1.5357516  -2.4190580   3.9548096
   1.5357509  -2.4020695   3.9378204
   1.5357523  -2.3282616   3.8640139
   1.5357546  -2.2676698   3.8034244
   1.5357537  -2.3141255   3.8498791
   1.5357495  -2.4240494   3.9597990
   1.5357495  -2.4518987   3.9876482
   1.5357528  -2.3953542   3.9311069
   1.5357528  -2.3579961   3.8937490
   1.5357522  -2.3641433   3.8998954
   1.5357513  -2.3854816   3.9212330
   1.5357523  -2.4054643   3.9412167
   1.5357521  -2.4529802   3.9887322
   1.5357506  -2.5043512   4.0401017
   1.5357500  -2.4961070   4.0318569
   1.5357516  -2.4119032   3.9476548
   1.5357539  -2.3204758   3.8562297
   1.5357534  -2.3045144   3.8402677
   1.5357517  -2.3526367   3.8883884
   1.5357503  -2.3946872   3.9304375
   1.5357518  -2.3746058   3.9103576
   1.5357529  -2.3230456   3.8587984
   1.5357549  -2.3028760   3.8386309
   1.5357532  -2.3681374   3.9038906
   1.5357516  -2.4565269   3.9922786
   1.5357501  -2.4886435   4.0243936
   1.5357517  -2.4144220   3.9501737
   1.5357542  -2.3023035   3.8380577
   1.5357545  -2.2592303   3.7949848
   1.5357516  -2.3085022   3.8442539
   1.5357494  -2.3469815   3.8827309
   1.5357523  -2.3012546   3.8370068
   1.5357540  -2.2551096   3.7908636
   1.5357527  -2.2755594   3.8113120
   1.5357523  -2.3300868   3.8658391
   1.5357512  -2.3935570   3.9293083
   1.5357516  -2.4338912   3.9696429
   1.5357510  -2.4416088   3.9773598
   1.5357508  -2.3930561   3.9288069
   1.5357531  -2.2925485   3.8283015
   1.5357549  -2.2489062   3.7846611
   1.5357513  -2.3119092   3.8476605
   1.5357508  -2.3580185   3.8937694
   1.5357517  -2.3565949   3.8923466
   1.5357520  -2.3386707   3.8744227
   1.5357515  -2.3245268   3.8602782
   1.5357521  -2.3107810   3.8465331
   1.5357515  -2.3106465   3.8463980
   1.5357519  -2.3096446   3.8453966
   1.5357523  -2.3057984   3.8415507
   1.5357515  -2.3095600   3.8453115
   1.5357522  -2.3127164   3.8484687
   1.5357523  -2.3310383   3.8667906
   1.5357523  -2.3758421   3.9115943
   1.5357513  -2.4249868   3.9607381
   1.5357528  -2.4463430   3.9820958
   1.5357518  -2.4753867   4.0111385
   1.5357523  -2.4860952   4.0218475
   1.5357528  -2.4796649   4.0154177
   1.5357525  -2.4690194   4.0047719
   1.5357515  -2.4391268   3.9748783
   1.5357520  -2.3685850   3.9043370
   1.5357544  -2.2857576   3.8215120
   1.5357524  -2.2757261   3.8114785
   1.5357503  -2.2945197   3.8302700
