    0.004671    0.000000
    0.009342    0.000000
    0.014013    0.000000
    0.018684    0.000000
    0.023355    0.000000
    0.028026    0.000000
    0.032697    0.000000
    0.037368    0.000000
    0.042039    0.000000
    0.046710    0.000000
    0.051381    0.000000
    0.056052    0.000000
    0.060723    0.000000
    0.065394    0.000000
    0.070065    0.000000
    0.074736    0.000000
    0.079407    0.000000
    0.084078    0.000000
    0.088749    0.000000
    0.093420    0.000000
    0.098091    0.000000
    0.102762    0.000000
    0.107433    0.000000
    0.112104    0.000000
    0.116775    0.000000
    0.121446    0.000000
    0.126117    0.000000
    0.130788    0.000000
    0.135459    0.000000
    0.140130    0.000000
    0.144801    0.000000
    0.149472    0.000000
    0.154143    0.000000
    0.158814    0.000000
    0.163485    0.000000
    0.168156    0.000000
    0.172827    0.000000
    0.177498    0.000000
    0.182169    0.000000
    0.186840    0.000000
    0.191511    0.000000
    0.196182    0.000000
    0.200853    0.000000
    0.205524    0.000000
    0.210195    0.000000
    0.214866    0.000000
    0.219537    0.000000
    0.224208    0.000000
    0.228879    0.000000
    0.233550    0.000000
    0.238221    0.000000
    0.242892    0.000000
    0.247563    0.000000
    0.252234    0.000000
    0.256905    0.000000
    0.261576    0.000000
    0.266247    0.000000
    0.270918    0.000000
    0.275589    0.000000
    0.280260    0.000000
    0.284931    0.000000
    0.289602    0.000000
    0.294273    0.000000
    0.298944    0.000000
    0.303615    0.000000
    0.308286    0.000000
    0.312957    0.000000
    0.317628    0.000000
    0.322299    0.000000
    0.326970    0.000000
    0.331641    0.000000
    0.336312    0.000000
    0.340983    0.000000
    0.345654    0.000000
    0.350325    0.000000
    0.354996    0.000000
    0.359667    0.000000
    0.364338    0.000000
    0.369009    0.000000
    0.373680    0.000000
    0.378351    0.000000
    0.383022    0.000000
    0.387693    0.000000
    0.392364    0.000000
    0.397035    0.000000
    0.401706    0.000000
    0.406377    0.000000
    0.411048    0.000000
    0.415719    0.000000
    0.420390    0.000000
    0.425061    0.000000
    0.429732    0.000000
    0.434403    0.000000
    0.439074    0.000000
    0.443745    0.000000
    0.448416    0.000000
    0.453087    0.000000
    0.457758    0.000000
    0.462429    0.000000
    0.467100    0.000000
    0.471771    0.000000
    0.476442    0.000000
    0.481113    0.000000
    0.485784    0.000000
    0.490455    0.000000
    0.495126    0.000000
    0.499797    0.000000
    0.504468    0.000000
    0.509139    0.000000
    0.513810    0.000000
    0.518481    0.000000
    0.523152    0.000000
    0.527823    0.000000
    0.532494    0.000000
    0.537165    0.000000
    0.541836    0.000000
    0.546507    0.000000
    0.551178    0.000000
    0.555849    0.000000
    0.560520    0.000000
    0.565191    0.000000
    0.569862    0.000000
    0.574533    0.000000
    0.579204    0.000000
    0.583875    0.000000
    0.588546    0.000000
    0.593217    0.000000
    0.597888    0.000000
    0.602559    0.000000
    0.607230    0.000000
    0.611901    0.000000
    0.616572    0.000000
    0.621243    0.000000
    0.625914    0.000000
    0.630585    0.000000
    0.635256    0.000000
    0.639927    0.000000
    0.644598    0.000000
    0.649269    0.000000
    0.653940    0.000000
    0.658611    0.000000
    0.663282    0.000000
    0.667953    0.000000
    0.672624    0.000000
    0.677295    0.000000
    0.681966    0.000000
    0.686637    0.000000
    0.691308    0.000000
    0.695979    0.000000
    0.700650    0.000000
    0.705321    0.000000
    0.709992    0.000000
    0.714663    0.000000
    0.719334    0.000000
    0.724005    0.000000
    0.728676    0.000000
    0.733347    0.000000
    0.738018    0.000000
    0.742689    0.000000
    0.747360    0.000000
    0.752031    0.000000
    0.756702    0.000000
    0.761373    0.000000
    0.766044    0.000000
    0.770715    0.000000
    0.775386    0.000000
    0.780057    0.000000
    0.784728    0.000000
    0.789399    0.000000
    0.794070    0.000000
    0.798741    0.000000
    0.803412    0.000000
    0.808083    0.000000
    0.812754    0.000000
    0.817425    0.000074
    0.822096    0.000181
    0.826767    0.000595
    0.831438    0.001032
    0.836109    0.001744
    0.840780    0.002856
    0.845451    0.005260
    0.850122    0.009918
    0.854793    0.016716
    0.859464    0.027225
    0.864135    0.044032
    0.868806    0.065292
    0.873477    0.094124
    0.878148    0.139586
    0.882819    0.188868
    0.887490    0.251018
    0.892161    0.325962
    0.896832    0.418941
    0.901503    0.515332
    0.906174    0.627520
    0.910845    0.742106
    0.915516    0.869033
    0.920187    1.017021
    0.924858    1.163176
    0.929529    1.313397
    0.934200    1.453369
    0.938871    1.607128
    0.943542    1.754858
    0.948213    1.897205
    0.952884    2.012723
    0.957555    2.137331
    0.962226    2.267352
    0.966897    2.373959
    0.971568    2.453452
    0.976239    2.535588
    0.980910    2.616631
    0.985581    2.680395
    0.990252    2.713021
    0.994923    2.740115
    0.999594    2.765451
    1.004265    2.780567
    1.008936    2.770461
    1.013607    2.780429
    1.018278    2.777731
    1.022949    2.766989
    1.027620    2.739398
    1.032291    2.716907
    1.036962    2.681527
    1.041633    2.650773
    1.046304    2.596060
    1.050975    2.546118
    1.055646    2.499762
    1.060317    2.433287
    1.064988    2.396870
    1.069659    2.351027
    1.074330    2.289994
    1.079001    2.221946
    1.083672    2.171119
    1.088343    2.114469
    1.093014    2.073240
    1.097685    2.019258
    1.102356    1.973272
    1.107027    1.927675
    1.111698    1.874816
    1.116369    1.820811
    1.121040    1.782484
    1.125711    1.730836
    1.130382    1.681465
    1.135053    1.623404
    1.139724    1.596423
    1.144395    1.551504
    1.149066    1.508651
    1.153737    1.470508
    1.158408    1.435665
    1.163079    1.392428
    1.167750    1.354962
    1.172421    1.312995
    1.177092    1.270780
    1.181763    1.238432
    1.186434    1.217093
    1.191105    1.190022
    1.195776    1.159468
    1.200447    1.131172
    1.205118    1.105238
    1.209789    1.079168
    1.214460    1.045196
    1.219131    1.021395
    1.223802    1.003045
    1.228473    0.990196
    1.233144    0.961333
    1.237815    0.947290
    1.242486    0.923322
    1.247157    0.911006
    1.251828    0.891910
    1.256499    0.874693
    1.261170    0.862519
    1.265841    0.846085
    1.270512    0.822404
    1.275183    0.817154
    1.279854    0.796310
    1.284525    0.784435
    1.289196    0.778329
    1.293867    0.762407
    1.298538    0.747422
    1.303209    0.734149
    1.307880    0.727588
    1.312551    0.720066
    1.317222    0.714661
    1.321893    0.703155
    1.326564    0.698703
    1.331235    0.687954
    1.335906    0.673907
    1.340577    0.661056
    1.345248    0.655631
    1.349919    0.653824
    1.354590    0.644245
    1.359261    0.633667
    1.363932    0.635436
    1.368603    0.626797
    1.373274    0.624356
    1.377945    0.618360
    1.382616    0.610883
    1.387287    0.612493
    1.391958    0.610549
    1.396629    0.609903
    1.401300    0.609548
    1.405971    0.606240
    1.410642    0.598189
    1.415313    0.596040
    1.419984    0.590352
    1.424655    0.592735
    1.429326    0.592082
    1.433997    0.595998
    1.438668    0.591341
    1.443339    0.591785
    1.448010    0.593697
    1.452681    0.588757
    1.457352    0.595295
    1.462023    0.591394
    1.466694    0.599254
    1.471365    0.599350
    1.476036    0.600063
    1.480707    0.596969
    1.485378    0.606735
    1.490049    0.606456
    1.494720    0.607706
    1.499391    0.613710
    1.504062    0.613832
    1.508733    0.618823
    1.513404    0.621396
    1.518075    0.627241
    1.522746    0.629688
    1.527417    0.631339
    1.532088    0.636600
    1.536759    0.644666
    1.541430    0.649471
    1.546101    0.655167
    1.550772    0.663072
    1.555443    0.660282
    1.560114    0.666527
    1.564785    0.672845
    1.569456    0.677536
    1.574127    0.680769
    1.578798    0.690380
    1.583469    0.703339
    1.588140    0.703795
    1.592811    0.717579
    1.597482    0.726067
    1.602153    0.733878
    1.606824    0.742327
    1.611495    0.753004
    1.616166    0.765610
    1.620837    0.768929
    1.625508    0.776926
    1.630179    0.796100
    1.634850    0.797872
    1.639521    0.806818
    1.644192    0.820586
    1.648863    0.830314
    1.653534    0.839159
    1.658205    0.847935
    1.662876    0.859657
    1.667547    0.867079
    1.672218    0.877874
    1.676889    0.891286
    1.681560    0.905526
    1.686231    0.917114
    1.690902    0.925096
    1.695573    0.935809
    1.700244    0.947029
    1.704915    0.955504
    1.709586    0.961552
    1.714257    0.972794
    1.718928    0.985148
    1.723599    0.999489
    1.728270    1.009997
    1.732941    1.016447
    1.737612    1.022111
    1.742283    1.029747
    1.746954    1.049969
    1.751625    1.056209
    1.756296    1.062639
    1.760967    1.071817
    1.765638    1.078755
    1.770309    1.087182
    1.774980    1.096102
    1.779651    1.101996
    1.784322    1.108553
    1.788993    1.122437
    1.793664    1.128943
    1.798335    1.135019
    1.803006    1.147304
    1.807677    1.154764
    1.812348    1.162246
    1.817019    1.170422
    1.821690    1.172366
    1.826361    1.176503
    1.831032    1.187106
    1.835703    1.193167
    1.840374    1.209084
    1.845045    1.214217
    1.849716    1.220820
    1.854387    1.225556
    1.859058    1.232286
    1.863729    1.227295
    1.868400    1.240959
    1.873071    1.245809
    1.877742    1.241790
    1.882413    1.244984
    1.887084    1.249027
    1.891755    1.256325
    1.896426    1.260583
    1.901097    1.267445
    1.905768    1.267512
    1.910439    1.272178
    1.915110    1.271740
    1.919781    1.275213
    1.924452    1.278484
    1.929123    1.279319
    1.933794    1.279152
    1.938465    1.277233
    1.943136    1.280032
    1.947807    1.274225
    1.952478    1.270063
    1.957149    1.268614
    1.961820    1.269343
    1.966491    1.264164
    1.971162    1.264593
    1.975833    1.262985
    1.980504    1.262557
    1.985175    1.253754
    1.989846    1.252682
    1.994517    1.250297
    1.999188    1.242708
    2.003859    1.237761
    2.008530    1.227541
    2.013201    1.218028
    2.017872    1.212517
    2.022543    1.205857
    2.027214    1.197605
    2.031885    1.194302
    2.036556    1.186313
    2.041227    1.178956
    2.045898    1.176250
    2.050569    1.164167
    2.055240    1.154257
    2.059911    1.146995
    2.064582    1.138485
    2.069253    1.132967
    2.073924    1.123397
    2.078595    1.115348
    2.083266    1.107623
    2.087937    1.098511
    2.092608    1.095484
    2.097279    1.086269
    2.101950    1.080664
    2.106621    1.072566
    2.111292    1.063337
    2.115963    1.055075
    2.120634    1.044437
    2.125305    1.037839
    2.129976    1.031669
    2.134647    1.025914
    2.139318    1.015371
    2.143989    1.005410
    2.148660    1.001286
    2.153331    0.996387
    2.158002    0.985292
    2.162673    0.978974
    2.167344    0.973374
    2.172015    0.962949
    2.176686    0.958485
    2.181357    0.952884
    2.186028    0.940641
    2.190699    0.934546
    2.195370    0.933123
    2.200041    0.924642
    2.204712    0.922433
    2.209383    0.919116
    2.214054    0.909904
    2.218725    0.906753
    2.223396    0.903427
    2.228067    0.893270
    2.232738    0.892086
    2.237409    0.884737
    2.242080    0.880192
    2.246751    0.878360
    2.251422    0.875518
    2.256093    0.871934
    2.260764    0.867127
    2.265435    0.861769
    2.270106    0.864701
    2.274777    0.863761
    2.279448    0.856925
    2.284119    0.852388
    2.288790    0.851098
    2.293461    0.850738
    2.298132    0.847807
    2.302803    0.844936
    2.307474    0.842323
    2.312145    0.844127
    2.316816    0.843679
    2.321487    0.838244
    2.326158    0.838772
    2.330829    0.836657
    2.335500    0.834762
    2.340171    0.833383
    2.344842    0.838578
    2.349513    0.834658
    2.354184    0.836122
    2.358855    0.838162
    2.363526    0.839035
    2.368197    0.837756
    2.372868    0.839964
    2.377539    0.843541
    2.382210    0.844017
    2.386881    0.846972
    2.391552    0.845213
    2.396223    0.846882
    2.400894    0.850970
    2.405565    0.851680
    2.410236    0.855616
    2.414907    0.853549
    2.419578    0.857587
    2.424249    0.857967
    2.428920    0.861602
    2.433591    0.863907
    2.438262    0.866320
    2.442933    0.869816
    2.447604    0.873600
    2.452275    0.874929
    2.456946    0.881945
    2.461617    0.888545
    2.466288    0.892899
    2.470959    0.898864
    2.475630    0.898424
    2.480301    0.901495
    2.484972    0.903475
    2.489643    0.908794
    2.494314    0.909316
    2.498985    0.911796
    2.503656    0.912742
    2.508327    0.917784
    2.512998    0.930308
    2.517669    0.930390
    2.522340    0.935515
    2.527011    0.939791
    2.531682    0.943447
    2.536353    0.946177
    2.541024    0.947938
    2.545695    0.955087
    2.550366    0.962999
    2.555037    0.964247
    2.559708    0.966129
    2.564379    0.970454
    2.569050    0.974625
    2.573721    0.977294
    2.578392    0.982370
    2.583063    0.989609
    2.587734    0.991461
    2.592405    0.996629
    2.597076    1.001353
    2.601747    1.003658
    2.606418    1.005118
    2.611089    1.011966
    2.615760    1.017071
    2.620431    1.022949
    2.625102    1.027498
    2.629773    1.029807
    2.634444    1.034828
    2.639115    1.038355
    2.643786    1.039366
    2.648457    1.045705
    2.653128    1.047477
    2.657799    1.054164
    2.662470    1.054827
    2.667141    1.059692
    2.671812    1.064907
    2.676483    1.066514
    2.681154    1.066113
    2.685825    1.068743
    2.690496    1.072751
    2.695167    1.074020
    2.699838    1.075396
    2.704509    1.078622
    2.709180    1.076458
    2.713851    1.080393
    2.718522    1.077888
    2.723193    1.083525
    2.727864    1.082698
    2.732535    1.087346
    2.737206    1.087340
    2.741877    1.088614
    2.746548    1.090848
    2.751219    1.090714
    2.755890    1.091921
    2.760561    1.094994
    2.765232    1.096420
    2.769903    1.100641
    2.774574    1.102265
    2.779245    1.097869
    2.783916    1.097681
    2.788587    1.094992
    2.793258    1.097465
    2.797929    1.098948
    2.802600    1.093938
    2.807271    1.094813
    2.811942    1.091386
    2.816613    1.091451
    2.821284    1.093331
    2.825955    1.089491
    2.830626    1.090346
    2.835297    1.089363
    2.839968    1.086841
    2.844639    1.089890
    2.849310    1.084080
    2.853981    1.082130
    2.858652    1.080447
    2.863323    1.078241
    2.867994    1.077821
    2.872665    1.077582
    2.877336    1.075026
    2.882007    1.077705
    2.886678    1.077374
    2.891349    1.075134
    2.896020    1.072023
    2.900691    1.068274
    2.905362    1.067691
    2.910033    1.065733
    2.914704    1.062127
    2.919375    1.061009
    2.924046    1.058298
    2.928717    1.057475
    2.933388    1.050511
    2.938059    1.051299
    2.942730    1.046180
    2.947401    1.043674
    2.952072    1.042912
    2.956743    1.040254
    2.961414    1.039475
    2.966085    1.036504
    2.970756    1.032450
    2.975427    1.028910
    2.980098    1.024920
    2.984769    1.025026
    2.989440    1.020978
    2.994111    1.018884
    2.998782    1.017963
    3.003453    1.012147
    3.008124    1.017175
    3.012795    1.015792
    3.017466    1.014579
    3.022137    1.010381
    3.026808    1.007870
    3.031479    1.004565
    3.036150    0.999829
    3.040821    0.997120
    3.045492    0.991779
    3.050163    0.989942
    3.054834    0.991634
    3.059505    0.989437
    3.064176    0.985731
    3.068847    0.982397
    3.073518    0.982037
    3.078189    0.979561
    3.082860    0.976943
    3.087531    0.975607
    3.092202    0.974210
    3.096873    0.968739
    3.101544    0.965427
    3.106215    0.965366
    3.110886    0.963848
    3.115557    0.961830
    3.120228    0.962878
    3.124899    0.958622
    3.129570    0.956202
    3.134241    0.956800
    3.138912    0.955026
    3.143583    0.952447
    3.148254    0.953183
    3.152925    0.947707
    3.157596    0.943719
    3.162267    0.944130
    3.166938    0.941193
    3.171609    0.938674
    3.176280    0.940477
    3.180951    0.941792
    3.185622    0.938708
    3.190293    0.935776
    3.194964    0.933387
    3.199635    0.934893
    3.204306    0.933290
    3.208977    0.932982
    3.213648    0.934225
    3.218319    0.934145
    3.222990    0.933614
    3.227661    0.934869
    3.232332    0.937276
    3.237003    0.935311
    3.241674    0.934179
    3.246345    0.932031
    3.251016    0.934931
    3.255687    0.934604
    3.260358    0.934426
    3.265029    0.937741
    3.269700    0.938692
    3.274371    0.937677
    3.279042    0.938939
    3.283713    0.939672
    3.288384    0.938935
    3.293055    0.944241
    3.297726    0.947083
    3.302397    0.945455
    3.307068    0.946824
    3.311739    0.944440
    3.316410    0.945306
    3.321081    0.943312
    3.325752    0.945925
    3.330423    0.945832
    3.335094    0.949039
    3.339765    0.949137
    3.344436    0.952630
    3.349107    0.954401
    3.353778    0.955113
    3.358449    0.954227
    3.363120    0.956967
    3.367791    0.958106
    3.372462    0.959223
    3.377133    0.963700
    3.381804    0.965033
    3.386475    0.963068
    3.391146    0.966497
    3.395817    0.967142
    3.400488    0.969341
    3.405159    0.970052
    3.409830    0.972816
    3.414501    0.973352
    3.419172    0.978270
    3.423843    0.982713
    3.428514    0.984734
    3.433185    0.987799
    3.437856    0.985701
    3.442527    0.985536
    3.447198    0.990518
    3.451869    0.992013
    3.456540    0.996789
    3.461211    0.996467
    3.465882    0.998374
    3.470553    0.998770
    3.475224    1.001101
    3.479895    1.003279
    3.484566    1.000893
    3.489237    1.003837
    3.493908    1.008183
    3.498579    1.011944
    3.503250    1.012963
    3.507921    1.013672
    3.512592    1.014737
    3.517263    1.015671
    3.521934    1.019304
    3.526605    1.021985
    3.531276    1.021328
    3.535947    1.024847
    3.540618    1.021155
    3.545289    1.022256
    3.549960    1.023318
    3.554631    1.022072
    3.559302    1.023538
    3.563973    1.025494
    3.568644    1.027062
    3.573315    1.027264
    3.577986    1.031215
    3.582657    1.030537
    3.587328    1.032378
    3.591999    1.032523
    3.596670    1.032605
    3.601341    1.032721
    3.606012    1.036767
    3.610683    1.037557
    3.615354    1.034512
    3.620025    1.035881
    3.624696    1.037565
    3.629367    1.038039
    3.634038    1.038285
    3.638709    1.037854
    3.643380    1.037593
    3.648051    1.038464
    3.652722    1.039118
    3.657393    1.039762
    3.662064    1.039589
    3.666735    1.040625
    3.671406    1.039414
    3.676077    1.037184
    3.680748    1.038003
    3.685419    1.037885
    3.690090    1.039710
    3.694761    1.037358
    3.699432    1.035428
    3.704103    1.037035
    3.708774    1.035470
    3.713445    1.033968
    3.718116    1.034975
    3.722787    1.037445
    3.727458    1.034159
    3.732129    1.036281
    3.736800    1.033014
    3.741471    1.030805
    3.746142    1.029982
    3.750813    1.028095
    3.755484    1.027294
    3.760155    1.029120
    3.764826    1.029377
    3.769497    1.029673
    3.774168    1.029135
    3.778839    1.027959
    3.783510    1.026133
    3.788181    1.023265
    3.792852    1.022367
    3.797523    1.024035
    3.802194    1.023227
    3.806865    1.019847
    3.811536    1.021237
    3.816207    1.017831
    3.820878    1.019131
    3.825549    1.019850
    3.830220    1.019041
    3.834891    1.017474
    3.839562    1.017141
    3.844233    1.016444
    3.848904    1.015618
    3.853575    1.012292
    3.858246    1.010525
    3.862917    1.009707
    3.867588    1.007080
    3.872259    1.005288
    3.876930    1.006739
    3.881601    1.006912
    3.886272    1.003512
    3.890943    1.003583
    3.895614    1.004643
    3.900285    1.003403
    3.904956    1.001171
    3.909627    1.001961
    3.914298    1.002565
    3.918969    0.999312
    3.923640    0.996526
    3.928311    0.995114
    3.932982    0.996107
    3.937653    0.993434
    3.942324    0.993228
    3.946995    0.992151
    3.951666    0.990489
    3.956337    0.990197
    3.961008    0.989667
    3.965679    0.989224
    3.970350    0.988479
    3.975021    0.985596
    3.979692    0.983780
    3.984363    0.985492
    3.989034    0.985328
    3.993705    0.985541
    3.998376    0.984351
    4.003047    0.983961
    4.007718    0.984057
    4.012389    0.983429
    4.017060    0.980559
    4.021731    0.979868
    4.026402    0.977821
    4.031073    0.978618
    4.035744    0.980737
    4.040415    0.982186
    4.045086    0.982247
    4.049757    0.978731
    4.054428    0.977500
    4.059099    0.977985
    4.063770    0.975972
    4.068441    0.976769
    4.073112    0.973791
    4.077783    0.974310
    4.082454    0.972474
    4.087125    0.975857
    4.091796    0.977435
    4.096467    0.972996
    4.101138    0.970744
    4.105809    0.970171
    4.110480    0.970948
    4.115151    0.971123
    4.119822    0.972859
    4.124493    0.975884
    4.129164    0.973322
    4.133835    0.973167
    4.138506    0.974029
    4.143177    0.974657
    4.147848    0.972697
    4.152519    0.971337
    4.157190    0.972057
    4.161861    0.973239
    4.166532    0.973969
    4.171203    0.975234
    4.175874    0.975261
    4.180545    0.973208
    4.185216    0.974626
    4.189887    0.974497
    4.194558    0.973454
    4.199229    0.973715
    4.203900    0.971799
    4.208571    0.975255
    4.213242    0.975299
    4.217913    0.975213
    4.222584    0.977826
    4.227255    0.978381
    4.231926    0.978812
    4.236597    0.980661
    4.241268    0.982500
    4.245939    0.980919
    4.250610    0.980901
    4.255281    0.984972
    4.259952    0.986053
    4.264623    0.988141
    4.269294    0.988900
    4.273965    0.989398
    4.278636    0.991838
    4.283307    0.991457
    4.287978    0.991092
    4.292649    0.991026
    4.297320    0.988871
    4.301991    0.990181
    4.306662    0.990786
    4.311333    0.990277
    4.316004    0.990759
    4.320675    0.993021
    4.325346    0.993619
    4.330017    0.992168
    4.334688    0.995370
    4.339359    0.995747
    4.344030    0.997451
    4.348701    0.997538
    4.353372    0.997804
    4.358043    0.998294
    4.362714    0.998664
    4.367385    0.999006
    4.372056    1.000776
    4.376727    1.001178
    4.381398    1.003513
    4.386069    1.000965
    4.390740    1.000389
    4.395411    1.004818
    4.400082    1.005859
    4.404753    1.006790
    4.409424    1.005829
    4.414095    1.005699
    4.418766    1.007017
    4.423437    1.006468
    4.428108    1.006461
    4.432779    1.007857
    4.437450    1.008676
    4.442121    1.007897
    4.446792    1.008631
    4.451463    1.012044
    4.456134    1.013449
    4.460805    1.012907
    4.465476    1.011324
    4.470147    1.009957
    4.474818    1.013026
    4.479489    1.013007
    4.484160    1.013227
    4.488831    1.013962
    4.493502    1.016430
    4.498173    1.017318
    4.502844    1.017208
    4.507515    1.014939
    4.512186    1.017403
    4.516857    1.017663
    4.521528    1.017105
    4.526199    1.016724
    4.530870    1.017996
    4.535541    1.017752
    4.540212    1.015062
    4.544883    1.015282
    4.549554    1.015964
    4.554225    1.017136
    4.558896    1.017503
    4.563567    1.016431
    4.568238    1.013244
    4.572909    1.015188
    4.577580    1.015816
    4.582251    1.014715
    4.586922    1.016917
    4.591593    1.014094
    4.596264    1.015178
    4.600935    1.015494
    4.605606    1.015622
    4.610277    1.016514
    4.614948    1.015019
    4.619619    1.015068
    4.624290    1.014603
    4.628961    1.013624
    4.633632    1.013966
    4.638303    1.014544
    4.642974    1.013368
    4.647645    1.012501
    4.652316    1.011995
    4.656987    1.012055
    4.661658    1.011131
    4.666329    1.010686
    4.671000    1.010592
