   4.0000000000000001E-003   1.2453022603944750E-004
   8.0000000000000002E-003   4.9731663552696399E-004
   1.2000000000000000E-002   1.1141264687005846E-003
   1.6000000000000000E-002   1.9667870189143798E-003
   2.0000000000000000E-002   3.0435175765816079E-003
   2.4000000000000000E-002   4.3294679700408116E-003
   2.8000000000000001E-002   5.8074386628498443E-003
   3.2000000000000001E-002   7.4585363982211010E-003
   3.6000000000000004E-002   9.2626747182590220E-003
   4.0000000000000001E-002   1.1199348205863198E-002
   4.4000000000000004E-002   1.3249035022990177E-002
   4.8000000000000001E-002   1.5394618547659920E-002
   5.2000000000000005E-002   1.7621440126515103E-002
   5.6000000000000001E-002   1.9915434559988995E-002
   6.0000000000000005E-002   2.2260845556804774E-002
   6.4000000000000001E-002   2.4639727699111821E-002
   6.8000000000000005E-002   2.7033723094453468E-002
   7.2000000000000008E-002   2.9426591154780194E-002
   7.5999999999999998E-002   3.1805939177839387E-002
   8.0000000000000002E-002   3.4163841189030826E-002
   8.4000000000000005E-002   3.6496461668982162E-002
   8.8000000000000009E-002   3.8802636078542070E-002
   9.1999999999999998E-002   4.1081830790836438E-002
   9.6000000000000002E-002   4.3332427260104230E-002
  0.10000000000000001        4.5551213921766462E-002
  0.10400000000000001        4.7734384512256117E-002
  0.10800000000000000        4.9879159690606620E-002
  0.11200000000000000        5.1984370332156110E-002
  0.11600000000000001        5.4049673947499516E-002
  0.12000000000000001        5.6074842390853329E-002
  0.12400000000000000        5.8059903985289790E-002
  0.12800000000000000        6.0005430463449257E-002
  0.13200000000000001        6.1912230700954606E-002
  0.13600000000000001        6.3780810297802248E-002
  0.14000000000000001        6.5611358603639397E-002
  0.14400000000000002        6.7404334745620131E-002
  0.14800000000000002        6.9161245776592856E-002
  0.15200000000000000        7.0885303949809020E-002
  0.15600000000000000        7.2581665789960309E-002
  0.16000000000000000        7.4256794809541227E-002
  0.16400000000000001        7.5917010913334637E-002
  0.16800000000000001        7.7567137759881069E-002
  0.17200000000000001        7.9209896156933426E-002
  0.17600000000000002        8.0845918353548971E-002
  0.18000000000000002        8.2473983389545785E-002
  0.18400000000000000        8.4090993815025328E-002
  0.18800000000000000        8.5691732512190297E-002
  0.19200000000000000        8.7269864203760428E-002
  0.19600000000000001        8.8821517863389765E-002
  0.20000000000000001        9.0348841404146507E-002
  0.20400000000000001        9.1859568444533912E-002
  0.20800000000000002        9.3363688633092426E-002
  0.21200000000000002        9.4870487021401592E-002
  0.21600000000000000        9.6387026299302528E-002
  0.22000000000000000        9.7917640696526462E-002
  0.22400000000000000        9.9463834045618052E-002
  0.22800000000000001       0.10102417879392167     
  0.23200000000000001       0.10259436958872670     
  0.23600000000000002       0.10416808278602897     
  0.24000000000000002       0.10573893103816596     
  0.24400000000000002       0.10730266067494443     
  0.24800000000000000       0.10885841502462211     
  0.25200000000000000       0.11040888119940503     
  0.25600000000000001       0.11195940827118010     
  0.26000000000000001       0.11351619129290580     
  0.26400000000000001       0.11508443804229042     
  0.26800000000000002       0.11666749899955985     
  0.27200000000000002       0.11826706432192190     
  0.27600000000000002       0.11988374447083175     
  0.28000000000000003       0.12151737465310630     
  0.28400000000000003       0.12316698915701539     
  0.28800000000000003       0.12483083160264688     
  0.29200000000000004       0.12650659343749665     
  0.29600000000000004       0.12819171548946434     
  0.29999999999999999       0.12988365119213324     
  0.30399999999999999       0.13158004816954266     
  0.30800000000000000       0.13327860168506070     
  0.31200000000000000       0.13497669200006801     
  0.31600000000000000       0.13667168075095823     
  0.32000000000000001       0.13836221967937576     
  0.32400000000000001       0.14004927312696538     
  0.32800000000000001       0.14173534468107596     
  0.33200000000000002       0.14342222373480368     
  0.33600000000000002       0.14510896486412928     
  0.34000000000000002       0.14679139241522915     
  0.34400000000000003       0.14846330237350452     
  0.34800000000000003       0.15011879865578615     
  0.35200000000000004       0.15175457323823688     
  0.35600000000000004       0.15337071460606419     
  0.36000000000000004       0.15496972906142784     
  0.36399999999999999       0.15655488597949829     
  0.36799999999999999       0.15812907901874340     
  0.37200000000000000       0.15969436721928879     
  0.37600000000000000       0.16125168003283427     
  0.38000000000000000       0.16280052148207319     
  0.38400000000000001       0.16433927447920241     
  0.38800000000000001       0.16586661240158665     
  0.39200000000000002       0.16738318819638584     
  0.39600000000000002       0.16889224893136512     
  0.40000000000000002       0.17039911222581930     
  0.40400000000000003       0.17191032920576454     
  0.40800000000000003       0.17343297347765746     
  0.41200000000000003       0.17497397271297871     
  0.41600000000000004       0.17653920721746028     
  0.42000000000000004       0.17813254793515393     
  0.42400000000000004       0.17975546353681193     
  0.42800000000000005       0.18140729284076726     
  0.43200000000000000       0.18308571616355393     
  0.43600000000000000       0.18478717766977346     
  0.44000000000000000       0.18650712371523964     
  0.44400000000000001       0.18823996964960871     
  0.44800000000000001       0.18997919817500034     
  0.45200000000000001       0.19171815405182230     
  0.45600000000000002       0.19345146907017302     
  0.46000000000000002       0.19517629496577810     
  0.46400000000000002       0.19689256052489887     
  0.46800000000000003       0.19860226576679288     
  0.47200000000000003       0.20030820678925496     
  0.47600000000000003       0.20201236621942564     
  0.48000000000000004       0.20371440654561823     
  0.48400000000000004       0.20541113291284691     
  0.48800000000000004       0.20709758979255694     
  0.49200000000000005       0.20876927000413523     
  0.49600000000000000       0.21042389707592410     
  0.50000000000000000       0.21206190994832086     
  0.50400000000000000       0.21368583331051572     
  0.50800000000000001       0.21529882905488404     
  0.51200000000000001       0.21690315095468002     
  0.51600000000000001       0.21849915580985790     
  0.52000000000000002       0.22008505523729460     
  0.52400000000000002       0.22165752636950858     
  0.52800000000000002       0.22321281714972124     
  0.53200000000000003       0.22474755614133826     
  0.53600000000000003       0.22625903126694807     
  0.54000000000000004       0.22774531864588801     
  0.54400000000000004       0.22920536442462711     
  0.54800000000000004       0.23063880715252572     
  0.55200000000000005       0.23204567366927756     
  0.55600000000000005       0.23342641438652173     
  0.56000000000000005       0.23478248280794281     
  0.56400000000000006       0.23611704481364282     
  0.56800000000000006       0.23743490058459363     
  0.57200000000000006       0.23874119673898239     
  0.57600000000000007       0.24004004072634288     
  0.58000000000000007       0.24133435962836444     
  0.58400000000000007       0.24262675200465417     
  0.58800000000000008       0.24392022965713925     
  0.59200000000000008       0.24521850991888072     
  0.59599999999999997       0.24652606813458938     
  0.59999999999999998       0.24784784061366694     
  0.60399999999999998       0.24918850478397320     
  0.60799999999999998       0.25055170598987847     
  0.61199999999999999       0.25193957188551236     
  0.61599999999999999       0.25335241254543750     
  0.62000000000000000       0.25478837656053471     
  0.62400000000000000       0.25624328184150985     
  0.62800000000000000       0.25771107782882557     
  0.63200000000000001       0.25918500337788958     
  0.63600000000000001       0.26065912481555265     
  0.64000000000000001       0.26212968258174557     
  0.64400000000000002       0.26359557237726994     
  0.64800000000000002       0.26505772946852296     
  0.65200000000000002       0.26651801870293201     
  0.65600000000000003       0.26797856392933411     
  0.66000000000000003       0.26944177030465832     
  0.66400000000000003       0.27091042806449833     
  0.66800000000000004       0.27238723116552305     
  0.67200000000000004       0.27387361716392955     
  0.67600000000000005       0.27536847401269188     
  0.68000000000000005       0.27686796586603318     
  0.68400000000000005       0.27836760025361873     
  0.68800000000000006       0.27986524224567344     
  0.69200000000000006       0.28136198534834539     
  0.69600000000000006       0.28286066946081712     
  0.70000000000000007       0.28436417963411731     
  0.70400000000000007       0.28587399666595670     
  0.70800000000000007       0.28738912570190883     
  0.71200000000000008       0.28890627250486295     
  0.71600000000000008       0.29042102322465274     
  0.72000000000000008       0.29192857889437657     
  0.72400000000000009       0.29342399871394337     
  0.72799999999999998       0.29490319867319781     
  0.73199999999999998       0.29636448973827295     
  0.73599999999999999       0.29780941492296581     
  0.73999999999999999       0.29924249120635077     
  0.74399999999999999       0.30067032354101936     
  0.74800000000000000       0.30210057447814609     
  0.75200000000000000       0.30354109741258534     
  0.75600000000000001       0.30499949127476889     
  0.76000000000000001       0.30648313320714637     
  0.76400000000000001       0.30799927144475908     
  0.76800000000000002       0.30955443728561638     
  0.77200000000000002       0.31115290480290986     
  0.77600000000000002       0.31279494519387890     
  0.78000000000000003       0.31447613962982329     
  0.78400000000000003       0.31618825279961982     
  0.78800000000000003       0.31792083558296802     
  0.79200000000000004       0.31966246011328331     
  0.79600000000000004       0.32140127677401559     
  0.80000000000000004       0.32312513188984199     
  0.80400000000000005       0.32482158091935281     
  0.80800000000000005       0.32647806384696865     
  0.81200000000000006       0.32808220621786471     
  0.81600000000000006       0.32962228742878275     
  0.82000000000000006       0.33108854163215495     
  0.82400000000000007       0.33247525383776239     
  0.82800000000000007       0.33378197769781126     
  0.83200000000000007       0.33501297321525769     
  0.83600000000000008       0.33617581347848063     
  0.84000000000000008       0.33728005403994010     
  0.84400000000000008       0.33833607831104878     
  0.84800000000000009       0.33935425146368819     
  0.85200000000000009       0.34034467646938926     
  0.85600000000000009       0.34131730757126055     
  0.85999999999999999       0.34228163370817283     
  0.86399999999999999       0.34324556963222247     
  0.86799999999999999       0.34421411786690181     
  0.87200000000000000       0.34518868089133464     
  0.87600000000000000       0.34616740481445135     
  0.88000000000000000       0.34714626710471930     
  0.88400000000000001       0.34812032063197856     
  0.88800000000000001       0.34908464305501274     
  0.89200000000000002       0.35003487033491509     
  0.89600000000000002       0.35096744534319030     
  0.90000000000000002       0.35187989341097425     
  0.90400000000000003       0.35277136402259107     
  0.90800000000000003       0.35364324168406669     
  0.91200000000000003       0.35449944727892330     
  0.91600000000000004       0.35534633922107867     
  0.92000000000000004       0.35619212637044800     
  0.92400000000000004       0.35704550517041578     
  0.92800000000000005       0.35791392753499679     
  0.93200000000000005       0.35880282148124443     
  0.93600000000000005       0.35971616518279009     
  0.94000000000000006       0.36065711191704208     
  0.94400000000000006       0.36162780426354757     
  0.94800000000000006       0.36262908536844235     
  0.95200000000000007       0.36366087535153979     
  0.95600000000000007       0.36472298130185810     
  0.96000000000000008       0.36581570524842533     
  0.96400000000000008       0.36693993742804160     
  0.96800000000000008       0.36809661912316183     
  0.97200000000000009       0.36928536039645182     
  0.97600000000000009       0.37050251768707743     
  0.98000000000000009       0.37174036160836393     
  0.98400000000000010       0.37298854467724629     
  0.98800000000000010       0.37423660821802357     
  0.99199999999999999       0.37547552722621375     
  0.99600000000000000       0.37669832947784992     
   1.0000000000000000       0.37790083485227871     
   1.0040000000000000       0.37908243228093952     
   1.0080000000000000       0.38024634388318090     
   1.0120000000000000       0.38139892939764580     
   1.0160000000000000       0.38254780725750726     
   1.0200000000000000       0.38369948053211372     
   1.0240000000000000       0.38485787611288280     
   1.0280000000000000       0.38602470988817866     
   1.0320000000000000       0.38720108473711728     
   1.0360000000000000       0.38838873053632850     
   1.0400000000000000       0.38959028497311748     
   1.0440000000000000       0.39080924114153393     
   1.0480000000000000       0.39204969262725442     
   1.0520000000000000       0.39331553556973958     
   1.0560000000000000       0.39460953683057554     
   1.0600000000000001       0.39593301397748815     
   1.0640000000000001       0.39728617906499902     
   1.0680000000000001       0.39866866980450583     
   1.0720000000000001       0.40007982447777146     
   1.0760000000000001       0.40151858052018413     
   1.0800000000000001       0.40298310023035550     
   1.0840000000000001       0.40447022769286295     
   1.0880000000000001       0.40597505017796026     
   1.0920000000000001       0.40749100545234795     
   1.0960000000000001       0.40901048971435766     
   1.1000000000000001       0.41052536211539203     
   1.1040000000000001       0.41202708167716690     
   1.1080000000000001       0.41350698057200280     
   1.1120000000000001       0.41495727852617798     
   1.1160000000000001       0.41637254733802437     
   1.1200000000000001       0.41775018091284266     
   1.1240000000000001       0.41908893334052411     
   1.1280000000000001       0.42038727950230748     
   1.1320000000000001       0.42164359773436338     
   1.1360000000000001       0.42285726697720338     
   1.1400000000000001       0.42402957964994981     
   1.1440000000000001       0.42516471463434491     
   1.1480000000000001       0.42627064211163923     
   1.1520000000000001       0.42735879020388451     
   1.1560000000000001       0.42844165379951021     
   1.1600000000000001       0.42952951948994750     
   1.1640000000000001       0.43062821447693911     
   1.1680000000000001       0.43173857294991924     
   1.1720000000000002       0.43285767338780312     
   1.1760000000000002       0.43398165119745502     
   1.1800000000000002       0.43510886280235861     
   1.1840000000000002       0.43624159767701587     
   1.1880000000000002       0.43738534675345403     
   1.1919999999999999       0.43854619304514170     
   1.1960000000000000       0.43972792560013185     
   1.2000000000000000       0.44093033417612199     
   1.2040000000000000       0.44214942278560948     
   1.2080000000000000       0.44337940384049890     
   1.2120000000000000       0.44461518853585130     
   1.2160000000000000       0.44585375331259153     
   1.2200000000000000       0.44709417554137904     
   1.2240000000000000       0.44833725483601572     
   1.2280000000000000       0.44958499541717872     
   1.2320000000000000       0.45083969904181054     
   1.2360000000000000       0.45210298569226237     
   1.2400000000000000       0.45337556046082139     
   1.2440000000000000       0.45465822962447056     
   1.2480000000000000       0.45595364156201296     
   1.2520000000000000       0.45726729889131928     
   1.2560000000000000       0.45860671304194522     
   1.2600000000000000       0.45997909938111725     
   1.2640000000000000       0.46138900456691717     
   1.2680000000000000       0.46283685039505967     
   1.2720000000000000       0.46431889818094318     
   1.2760000000000000       0.46582882003202963     
   1.2800000000000000       0.46735996421469017     
   1.2840000000000000       0.46890663040067765     
   1.2880000000000000       0.47046367092212998     
   1.2920000000000000       0.47202536841824910     
   1.2960000000000000       0.47358486617819440     
   1.3000000000000000       0.47513456205140586     
   1.3040000000000000       0.47666713061328075     
   1.3080000000000001       0.47817663416508038     
   1.3120000000000001       0.47965928390167961     
   1.3160000000000001       0.48111363541129826     
   1.3200000000000001       0.48254010776784767     
   1.3240000000000001       0.48394009100387508     
   1.3280000000000001       0.48531527108254469     
   1.3320000000000001       0.48666747328966636     
   1.3360000000000001       0.48799896459855041     
   1.3400000000000001       0.48931284775176626     
   1.3440000000000001       0.49061287464449144     
   1.3480000000000001       0.49190272653868172     
   1.3520000000000001       0.49318561974274772     
   1.3560000000000001       0.49446438248212488     
   1.3600000000000001       0.49574137899418935     
   1.3640000000000001       0.49701796941898774     
   1.3680000000000001       0.49829367874706204     
   1.3720000000000001       0.49956547191496303     
   1.3760000000000001       0.50082762731528874     
   1.3800000000000001       0.50207258448309555     
   1.3840000000000001       0.50329277836916608     
   1.3880000000000001       0.50448288465357660     
   1.3920000000000001       0.50564139793605412     
   1.3960000000000001       0.50677085720475168     
   1.4000000000000001       0.50787683542050555     
   1.4040000000000001       0.50896619735929760     
   1.4080000000000001       0.51004557370810966     
   1.4120000000000001       0.51112094112249085     
   1.4160000000000001       0.51219817819140467     
   1.4200000000000002       0.51328371657473715     
   1.4240000000000002       0.51438479954644689     
   1.4280000000000002       0.51550934008345317     
   1.4320000000000002       0.51666531363030410     
   1.4360000000000002       0.51785978820421130     
   1.4400000000000002       0.51909793767023560     
   1.4440000000000002       0.52038218311697981     
   1.4480000000000002       0.52171152435824186     
   1.4520000000000002       0.52308134587496902     
   1.4560000000000000       0.52448394738580995     
   1.4600000000000000       0.52590972156236904     
   1.4640000000000000       0.52734874486517147     
   1.4680000000000000       0.52879258865398659     
   1.4720000000000000       0.53023566960856572     
   1.4760000000000000       0.53167499568582155     
   1.4800000000000000       0.53310842566586514     
   1.4840000000000000       0.53453320287647188     
   1.4880000000000000       0.53594611753792432     
   1.4920000000000000       0.53734500865018597     
   1.4960000000000000       0.53873062084459666     
   1.5000000000000000       0.54010782647474376     
   1.5040000000000000       0.54148500570955482     
   1.5080000000000000       0.54287159074540237     
   1.5120000000000000       0.54427557923677494     
   1.5160000000000000       0.54570262938223812     
   1.5200000000000000       0.54715677016231801     
   1.5240000000000000       0.54864123823555488     
   1.5280000000000000       0.55015794072077850     
   1.5320000000000000       0.55170590783588025     
   1.5360000000000000       0.55328031292954294     
   1.5400000000000000       0.55487282575990615     
   1.5440000000000000       0.55647321577830433     
   1.5480000000000000       0.55807161461577082     
   1.5520000000000000       0.55965975125064749     
   1.5560000000000000       0.56123048321733149     
   1.5600000000000001       0.56277735280527474     
   1.5640000000000001       0.56429507366736520     
   1.5680000000000001       0.56578000829052111     
   1.5720000000000001       0.56722992168286568     
   1.5760000000000001       0.56864340670972591     
   1.5800000000000001       0.57001956461708247     
   1.5840000000000001       0.57135790237090012     
   1.5880000000000001       0.57265818533392432     
   1.5920000000000001       0.57392038680801172     
   1.5960000000000001       0.57514490904757387     
   1.6000000000000001       0.57633274669928214     
   1.6040000000000001       0.57748512690302201     
   1.6080000000000001       0.57860270613345055     
   1.6120000000000001       0.57968503647064784     
   1.6160000000000001       0.58073083975613649     
   1.6200000000000001       0.58173862954890121     
   1.6240000000000001       0.58270707140404299     
   1.6280000000000001       0.58363567139223538     
   1.6320000000000001       0.58452647528803625     
   1.6360000000000001       0.58538604634276659     
   1.6400000000000001       0.58622626831014490     
   1.6440000000000001       0.58706313784173769     
   1.6480000000000001       0.58791390949717504     
   1.6520000000000001       0.58879393393004253     
   1.6560000000000001       0.58971480497274453     
   1.6600000000000001       0.59068462354337103     
   1.6640000000000001       0.59170953528173942     
   1.6680000000000001       0.59279462647818548     
   1.6720000000000002       0.59394296835343063     
   1.6760000000000002       0.59515341654913267     
   1.6800000000000002       0.59641899447872082     
   1.6840000000000002       0.59772741916546290     
   1.6880000000000002       0.59906405435956878     
   1.6920000000000002       0.60041626057692998     
   1.6960000000000002       0.60177699543796026     
   1.7000000000000002       0.60314542376933522     
   1.7040000000000002       0.60452478962828371     
   1.7080000000000002       0.60592010028646992     
   1.7120000000000002       0.60733703660949956     
   1.7160000000000002       0.60878152028949073     
   1.7200000000000000       0.61025894845705675     
   1.7240000000000000       0.61177284371336160     
   1.7280000000000000       0.61332366512856418     
   1.7320000000000000       0.61490861871126223     
   1.7360000000000000       0.61652233203466966     
   1.7400000000000000       0.61815782154106103     
   1.7440000000000000       0.61980775077390171     
   1.7480000000000000       0.62146637056109200     
   1.7520000000000000       0.62313147945259317     
   1.7560000000000000       0.62480464470975505     
   1.7600000000000000       0.62648966813050100     
   1.7640000000000000       0.62819107896281134     
   1.7680000000000000       0.62991343316119397     
   1.7720000000000000       0.63166091942546643     
   1.7760000000000000       0.63343683816194341     
   1.7800000000000000       0.63524305574605744     
   1.7840000000000000       0.63707968956653105     
   1.7880000000000000       0.63894501440957618     
   1.7920000000000000       0.64083544575009121     
   1.7960000000000000       0.64274585730781286     
   1.8000000000000000       0.64467069767652685     
   1.8040000000000000       0.64660527701401282     
   1.8080000000000001       0.64854555669860237     
   1.8120000000000001       0.65048604944498079     
   1.8160000000000001       0.65241764324052998     
   1.8200000000000001       0.65432746593302660     
   1.8240000000000001       0.65620128515998244     
   1.8280000000000001       0.65802656445316099     
   1.8320000000000001       0.65979314188326954     
   1.8360000000000001       0.66149095161063387     
   1.8400000000000001       0.66310806946259515     
   1.8440000000000001       0.66463274020464080     
   1.8480000000000001       0.66605861253980003     
   1.8520000000000001       0.66738745551195766     
   1.8560000000000001       0.66862670493700171     
   1.8600000000000001       0.66978577582294196     
   1.8640000000000001       0.67087417891656576     
   1.8680000000000001       0.67190121182908746     
   1.8720000000000001       0.67287650153710188     
   1.8760000000000001       0.67381094795169649     
   1.8800000000000001       0.67471758998912379     
   1.8840000000000001       0.67561187217778362     
   1.8880000000000001       0.67651084120413951     
   1.8920000000000001       0.67743123829635510     
   1.8960000000000001       0.67838725641667474     
   1.9000000000000001       0.67938895337636296     
   1.9040000000000001       0.68044182170062573     
   1.9080000000000001       0.68154757816658340     
   1.9120000000000001       0.68270584126727318     
   1.9160000000000001       0.68391580539357677     
   1.9200000000000002       0.68517684416166957     
   1.9240000000000002       0.68648757642634572     
   1.9280000000000002       0.68784400208508667     
   1.9320000000000002       0.68923803122285254     
   1.9360000000000002       0.69065744308403954     
   1.9400000000000002       0.69208743328412947     
   1.9440000000000002       0.69351313136733606     
   1.9480000000000002       0.69492202632894040     
   1.9520000000000002       0.69630525526994025     
   1.9560000000000002       0.69765752138052051     
   1.9600000000000002       0.69897655038127349     
   1.9640000000000002       0.70026291777946903     
   1.9680000000000002       0.70151996898734414     
   1.9720000000000002       0.70275336104892072     
   1.9760000000000002       0.70397036605985264     
   1.9800000000000002       0.70517897642873095     
   1.9840000000000000       0.70638640432583333     
   1.9880000000000000       0.70759702643711020     
   1.9920000000000000       0.70881098176396051     
   1.9960000000000000       0.71002545323159372     
   2.0000000000000000       0.71123929452930745     
   2.0040000000000000       0.71245750518630846     
   2.0080000000000000       0.71369182270899900     
   2.0120000000000000       0.71495884701662160     
   2.0160000000000000       0.71627760950676944     
   2.0200000000000000       0.71766638319966192     
   2.0240000000000000       0.71913917039952580     
   2.0280000000000000       0.72070309719092918     
   2.0320000000000000       0.72235762356308442     
   2.0360000000000000       0.72409560626580349     
   2.0400000000000000       0.72590534443138754     
   2.0440000000000000       0.72777254518777867     
   2.0480000000000000       0.72968159814569888     
   2.0520000000000000       0.73161582344994425     
   2.0560000000000000       0.73355703692546370     
   2.0600000000000001       0.73548607553486889     
   2.0640000000000001       0.73738495140374360     
   2.0680000000000001       0.73923889504497053     
   2.0720000000000001       0.74103678847721433     
   2.0760000000000001       0.74277082254350413     
   2.0800000000000001       0.74443710764121529     
   2.0840000000000001       0.74603666678135239     
   2.0880000000000001       0.74757466882781731     
   2.0920000000000001       0.74905821185923338     
   2.0960000000000001       0.75049494104544745     
   2.1000000000000001       0.75189292004306096     
   2.1040000000000001       0.75326043480211580     
   2.1080000000000001       0.75460546136927731     
   2.1120000000000001       0.75593527036693353     
   2.1160000000000001       0.75725630464193694     
   2.1200000000000001       0.75857455551863906     
   2.1240000000000001       0.75989646926025989     
   2.1280000000000001       0.76122954903463103     
   2.1320000000000001       0.76258160559486143     
   2.1360000000000001       0.76395857430671288     
   2.1400000000000001       0.76536208010083817     
   2.1440000000000001       0.76678832591358936     
   2.1480000000000001       0.76822891775576396     
   2.1520000000000001       0.76967273104967826     
   2.1560000000000001       0.77110754541178583     
   2.1600000000000001       0.77252132826874287     
   2.1640000000000001       0.77390385208633239     
   2.1680000000000001       0.77524876980130364     
   2.1720000000000002       0.77655519087855962     
   2.1760000000000002       0.77782717053597639     
   2.1800000000000002       0.77907063019604894     
   2.1840000000000002       0.78028955167965408     
   2.1880000000000002       0.78148368934496015     
   2.1920000000000002       0.78264844124967592     
   2.1960000000000002       0.78377658672122819     
   2.2000000000000002       0.78486124838881688     
   2.2040000000000002       0.78589885285538452     
   2.2080000000000002       0.78689122465181882     
   2.2120000000000002       0.78784676381160168     
   2.2160000000000002       0.78878053903877243     
   2.2200000000000002       0.78971295192062640     
   2.2240000000000002       0.79066698385607814     
   2.2280000000000002       0.79166440420132378     
   2.2320000000000002       0.79272199927854614     
   2.2360000000000002       0.79384967705658505     
   2.2400000000000002       0.79505064337584030     
   2.2440000000000002       0.79632191110131167     
   2.2480000000000002       0.79765449609044525     
   2.2520000000000002       0.79903374237373292     
   2.2560000000000002       0.80044050087656149     
   2.2600000000000002       0.80185430014617720     
   2.2640000000000002       0.80325819996075554     
   2.2680000000000002       0.80464173612105727     
   2.2720000000000002       0.80599972048064483     
   2.2760000000000002       0.80732954599001883     
   2.2800000000000002       0.80862967096570793     
   2.2840000000000003       0.80989939614235762     
   2.2880000000000003       0.81113919681539526     
   2.2920000000000003       0.81235090799627008     
   2.2960000000000003       0.81353728687039550     
   2.3000000000000003       0.81470128468152891     
   2.3040000000000003       0.81584573331214261     
   2.3080000000000003       0.81697322251193283     
   2.3120000000000003       0.81808524272772687     
   2.3160000000000003       0.81918051150723059     
   2.3200000000000003       0.82025375912176479     
   2.3240000000000003       0.82129655371344279     
   2.3280000000000003       0.82230048717146986     
   2.3320000000000003       0.82326084120901444     
   2.3360000000000003       0.82417809632268513     
   2.3400000000000003       0.82505677968529345     
   2.3440000000000003       0.82590353830737717     
   2.3480000000000003       0.82672614243546061     
   2.3520000000000003       0.82753349038885082     
   2.3560000000000003       0.82833583333685956     
   2.3600000000000003       0.82914465519436764     
   2.3640000000000003       0.82997213936762337     
   2.3680000000000003       0.83083028623695210     
   2.3720000000000003       0.83172949897987813     
   2.3760000000000003       0.83267660312488101     
   2.3799999999999999       0.83367301164020935     
   2.3839999999999999       0.83471399511972566     
   2.3879999999999999       0.83578934712491371     
   2.3919999999999999       0.83688512316086316     
   2.3959999999999999       0.83798620188443962     
   2.3999999999999999       0.83907922069508245     
   2.4039999999999999       0.84015464337075019     
   2.4079999999999999       0.84120715994802120     
   2.4119999999999999       0.84223507593364011     
   2.4159999999999999       0.84323966170696452     
   2.4199999999999999       0.84422492647751113     
   2.4239999999999999       0.84519790181377430     
   2.4279999999999999       0.84616904295207451     
   2.4319999999999999       0.84715183967966257     
   2.4359999999999999       0.84816092294112133     
   2.4399999999999999       0.84920890094974988     
   2.4440000000000000       0.85030288060908732     
   2.4480000000000000       0.85144188537716681     
   2.4520000000000000       0.85261659459272898     
   2.4560000000000000       0.85381235567597147     
   2.4600000000000000       0.85501446758390232     
   2.4640000000000000       0.85621278448946159     
   2.4680000000000000       0.85740316120393123     
   2.4720000000000000       0.85858578289470433     
   2.4760000000000000       0.85976265026641907     
   2.4800000000000000       0.86093647639711057     
   2.4840000000000000       0.86211118141135146     
   2.4880000000000000       0.86329264465863587     
   2.4920000000000000       0.86448867982539146     
   2.4960000000000000       0.86570813006788327     
   2.5000000000000000       0.86695932670085984     
   2.5040000000000000       0.86824798595432795     
   2.5080000000000000       0.86957502743647674     
   2.5120000000000000       0.87093586794475053     
   2.5160000000000000       0.87232275642729762     
   2.5200000000000000       0.87372898413310651     
   2.5240000000000000       0.87515072684410966     
   2.5280000000000000       0.87658497963798609     
   2.5320000000000000       0.87802740925698597     
   2.5360000000000000       0.87947327889366855     
   2.5400000000000000       0.88092036252510719     
   2.5440000000000000       0.88237094571385222     
   2.5480000000000000       0.88383127978732146     
   2.5520000000000000       0.88530908909943018     
   2.5560000000000000       0.88681086058895686     
   2.5600000000000001       0.88834024399838873     
   2.5640000000000001       0.88989782024175301     
   2.5680000000000001       0.89148171302448487     
   2.5720000000000001       0.89308846370580308     
   2.5760000000000001       0.89471402205844208     
   2.5800000000000001       0.89635487278829029     
   2.5840000000000001       0.89800860773267888     
   2.5880000000000001       0.89967276707211119     
   2.5920000000000001       0.90134236096151088     
   2.5960000000000001       0.90300849068981082     
   2.6000000000000001       0.90465957107213324     
   2.6040000000000001       0.90628432416191185     
   2.6080000000000001       0.90787499413646333     
   2.6120000000000001       0.90942955211245380     
   2.6160000000000001       0.91095198694774793     
   2.6200000000000001       0.91245045260644042     
   2.6240000000000001       0.91393411791485690     
   2.6280000000000001       0.91541027587027513     
   2.6320000000000001       0.91688299368667048     
   2.6360000000000001       0.91835357339359047     
   2.6400000000000001       0.91982197286546585     
   2.6440000000000001       0.92128785435927751     
   2.6480000000000001       0.92275068577588237     
   2.6520000000000001       0.92420941351888575     
   2.6560000000000001       0.92566239571322717     
   2.6600000000000001       0.92710782370981959     
   2.6640000000000001       0.92854449652463422     
   2.6680000000000001       0.92997264897927800     
   2.6720000000000002       0.93139418766279203     
   2.6760000000000002       0.93281179729619068     
   2.6800000000000002       0.93422783348259641     
   2.6840000000000002       0.93564411687304860     
   2.6880000000000002       0.93706175793955948     
   2.6920000000000002       0.93847989693372924     
   2.6960000000000002       0.93989411164889491     
   2.7000000000000002       0.94129625105918868     
   2.7040000000000002       0.94267642463171242     
   2.7080000000000002       0.94402600986967311     
   2.7120000000000002       0.94533970867942885     
   2.7160000000000002       0.94661555383314910     
   2.7200000000000002       0.94785342932777128     
   2.7240000000000002       0.94905376325638713     
   2.7280000000000002       0.95021763087971933     
   2.7320000000000002       0.95134772332888617     
   2.7360000000000002       0.95244858099336738     
   2.7400000000000002       0.95352549806516795     
   2.7440000000000002       0.95458262989341081     
   2.7480000000000002       0.95562059126305998     
   2.7520000000000002       0.95663385791246103     
   2.7560000000000002       0.95760947241139016     
   2.7600000000000002       0.95852877683970228     
   2.7640000000000002       0.95937184983153190     
   2.7680000000000002       0.96012195120077382     
   2.7720000000000002       0.96076758826397624     
   2.7760000000000002       0.96130250460126387     
   2.7800000000000002       0.96172525447919532     
   2.7840000000000003       0.96203911389220143     
   2.7880000000000003       0.96225221749645595     
   2.7920000000000003       0.96237786904151956     
   2.7960000000000003       0.96243479406036070     
   2.8000000000000003       0.96244660026910200     
   2.8040000000000003       0.96244000060278723     
   2.8080000000000003       0.96244231581860107     
   2.8120000000000003       0.96247929522765630     
   2.8160000000000003       0.96257398581889442     
   2.8200000000000003       0.96274673502397745     
   2.8240000000000003       0.96301565285119661     
   2.8280000000000003       0.96339647010039897     
   2.8320000000000003       0.96390170788552532     
   2.8360000000000003       0.96454022307954035     
   2.8400000000000003       0.96531766338296732     
   2.8440000000000003       0.96623698515808187     
   2.8480000000000003       0.96729779911345526     
   2.8520000000000003       0.96849445914968257     
   2.8560000000000003       0.96981432307584137     
   2.8600000000000003       0.97123773338095842     
   2.8640000000000003       0.97274013359085365     
   2.8680000000000003       0.97429576016184716     
   2.8720000000000003       0.97588172804663020     
   2.8760000000000003       0.97748108212331042     
   2.8800000000000003       0.97908394131404541     
   2.8840000000000003       0.98068686133726979     
   2.8880000000000003       0.98229116759729118     
   2.8920000000000003       0.98390103225251035     
   2.8960000000000004       0.98552179918795801     
   2.9000000000000004       0.98715876680874570     
   2.9040000000000004       0.98881653591899521     
   2.9079999999999999       0.99049902727178307     
   2.9119999999999999       0.99221000892437250     
   2.9159999999999999       0.99395361146997585     
   2.9199999999999999       0.99573447394460801     
   2.9239999999999999       0.99755755381862687     
   2.9279999999999999       0.99942744244601522     
   2.9319999999999999        1.0013468722924193     
   2.9359999999999999        1.0033150866071285     
   2.9399999999999999        1.0053277866993395     
   2.9440000000000000        1.0073793795035659     
   2.9480000000000000        1.0094658424782172     
   2.9520000000000000        1.0115855718071465     
   2.9560000000000000        1.0137374127384156     
   2.9600000000000000        1.0159176164283295     
   2.9640000000000000        1.0181181343422774     
   2.9680000000000000        1.0203272831285017     
   2.9720000000000000        1.0225316456378974     
   2.9760000000000000        1.0247173049886744     
   2.9800000000000000        1.0268701181259798     
   2.9840000000000000        1.0289762079241727     
   2.9880000000000000        1.0310236052261998     
   2.9920000000000000        1.0330049811402358     
   2.9960000000000000        1.0349199380157130     
   3.0000000000000000        1.0367744857961798     
   3.0040000000000000        1.0385774409328545     
   3.0080000000000000        1.0403364622765763     
   3.0120000000000000        1.0420562043907753     
   3.0160000000000000        1.0437385872117411     
   3.0200000000000000        1.0453836784657065     
   3.0240000000000000        1.0469903690848983     
   3.0280000000000000        1.0485575874985162     
   3.0320000000000000        1.0500867432210217     
   3.0360000000000000        1.0515841914133934     
   3.0400000000000000        1.0530613231436325     
   3.0440000000000000        1.0545316829717444     
   3.0480000000000000        1.0560076423456126     
   3.0520000000000000        1.0574991941297094     
   3.0560000000000000        1.0590145949526422     
   3.0600000000000001        1.0605610821104929     
   3.0640000000000001        1.0621446347156600     
   3.0680000000000001        1.0637688318645979     
   3.0720000000000001        1.0654335479144754     
   3.0760000000000001        1.0671341911753947     
   3.0800000000000001        1.0688615877637875     
   3.0840000000000001        1.0706023308753969     
   3.0880000000000001        1.0723395252988022     
   3.0920000000000001        1.0740540367855151     
   3.0960000000000001        1.0757264639248969     
   3.1000000000000001        1.0773398945650210     
   3.1040000000000001        1.0788832745048920     
   3.1080000000000001        1.0803546724712163     
   3.1120000000000001        1.0817623092087378     
   3.1160000000000001        1.0831214992923672     
   3.1200000000000001        1.0844491930914524     
   3.1240000000000001        1.0857598021950281     
   3.1280000000000001        1.0870638932214129     
   3.1320000000000001        1.0883686020731753     
   3.1360000000000001        1.0896780875452825     
   3.1400000000000001        1.0909934076359382     
   3.1440000000000001        1.0923123308891858     
   3.1480000000000001        1.0936298620838758     
   3.1520000000000001        1.0949394871849625     
   3.1560000000000001        1.0962344527960515     
   3.1600000000000001        1.0975086615236966     
   3.1640000000000001        1.0987572717481788     
   3.1680000000000001        1.0999770261796220     
   3.1720000000000002        1.1011662179381818     
   3.1760000000000002        1.1023245228411744     
   3.1800000000000002        1.1034526991270519     
   3.1840000000000002        1.1045516334466887     
   3.1880000000000002        1.1056209979604024     
   3.1920000000000002        1.1066586982196451     
   3.1960000000000002        1.1076616370201264     
   3.2000000000000002        1.1086270029711791     
   3.2040000000000002        1.1095528121077156     
   3.2080000000000002        1.1104373270197381     
   3.2120000000000002        1.1112786294665209     
   3.2160000000000002        1.1120759598815033     
   3.2200000000000002        1.1128320556139453     
   3.2240000000000002        1.1135533269242792     
   3.2280000000000002        1.1142464996674319     
   3.2320000000000002        1.1149149259777404     
   3.2360000000000002        1.1155581848559015     
   3.2400000000000002        1.1161748727974119     
   3.2440000000000002        1.1167664085682416     
   3.2480000000000002        1.1173401013887032     
   3.2520000000000002        1.1179107420208856     
   3.2560000000000002        1.1185003478459659     
   3.2600000000000002        1.1191356161915211     
   3.2640000000000002        1.1198432590002450     
   3.2680000000000002        1.1206444804698690     
   3.2720000000000002        1.1215504170206270     
   3.2760000000000002        1.1225602879290810     
   3.2800000000000002        1.1236630606709832     
   3.2840000000000003        1.1248412984581455     
   3.2880000000000003        1.1260747721749116     
   3.2920000000000003        1.1273433058436793     
   3.2960000000000003        1.1286298895556190     
   3.3000000000000003        1.1299234450313571     
   3.3040000000000003        1.1312186581930721     
   3.3080000000000003        1.1325125194700250     
   3.3120000000000003        1.1338012653278042     
   3.3160000000000003        1.1350807107583363     
   3.3200000000000003        1.1363485975153560     
   3.3240000000000003        1.1376055454346732     
   3.3280000000000003        1.1388539392180879     
   3.3320000000000003        1.1400969676186210     
   3.3360000000000003        1.1413390439034810     
   3.3400000000000003        1.1425868743333640     
   3.3440000000000003        1.1438504868670183     
   3.3480000000000003        1.1451438803851710     
   3.3520000000000003        1.1464840266744241     
   3.3560000000000003        1.1478874460537583     
   3.3600000000000003        1.1493663348942016     
   3.3640000000000003        1.1509267537040080     
   3.3680000000000003        1.1525687449465247     
   3.3720000000000003        1.1542871445932041     
   3.3760000000000003        1.1560730554771905     
   3.3800000000000003        1.1579162928593554     
   3.3840000000000003        1.1598079481939718     
   3.3880000000000003        1.1617416218243972     
   3.3920000000000003        1.1637128551869191     
   3.3960000000000004        1.1657175462638325     
   3.4000000000000004        1.1677504166144268     
   3.4040000000000004        1.1698041034776578     
   3.4080000000000004        1.1718690304698935     
   3.4120000000000004        1.1739340847501851     
   3.4160000000000004        1.1759878585420382     
   3.4200000000000004        1.1780198514375571     
   3.4240000000000004        1.1800212104585559     
   3.4280000000000004        1.1819853581058464     
   3.4320000000000004        1.1839091202884195     
   3.4359999999999999        1.1857938724143855     
   3.4399999999999999        1.1876453419880046     
   3.4440000000000000        1.1894717054578821     
   3.4480000000000000        1.1912811255185050     
   3.4520000000000000        1.1930800868650091     
   3.4560000000000000        1.1948729375490321     
   3.4600000000000000        1.1966621533128350     
   3.4640000000000000        1.1984488662456403     
   3.4680000000000000        1.2002335331620602     
   3.4720000000000000        1.2020167646634714     
   3.4760000000000000        1.2038003084116335     
   3.4800000000000000        1.2055875819092836     
   3.4840000000000000        1.2073828767329489     
   3.4880000000000000        1.2091895537309840     
   3.4920000000000000        1.2110087172723030     
   3.4960000000000000        1.2128393203367154     
   3.5000000000000000        1.2146793436990935     
   3.5040000000000000        1.2165270532204375     
   3.5080000000000000        1.2183814091544003     
   3.5120000000000000        1.2202412427041534     
   3.5160000000000000        1.2221037390966027     
   3.5200000000000000        1.2239633878148344     
   3.5240000000000000        1.2258123487968358     
   3.5280000000000000        1.2276423050558742     
   3.5320000000000000        1.2294467298690861     
   3.5360000000000000        1.2312220554164905     
   3.5400000000000000        1.2329674651437099     
   3.5440000000000000        1.2346844692260901     
   3.5480000000000000        1.2363767008950899     
   3.5520000000000000        1.2380487525710018     
   3.5560000000000000        1.2397035308709417     
   3.5600000000000001        1.2413396994999903     
   3.5640000000000001        1.2429509648993522     
   3.5680000000000001        1.2445274264273312     
   3.5720000000000001        1.2460580882030281     
   3.5760000000000001        1.2475334779997811     
   3.5800000000000001        1.2489475529231853     
   3.5840000000000001        1.2502984758221247     
   3.5880000000000001        1.2515884352681681     
   3.5920000000000001        1.2528229321058062     
   3.5960000000000001        1.2540099107052465     
   3.6000000000000001        1.2551594715089269     
   3.6040000000000001        1.2562850612841943     
   3.6080000000000001        1.2574049269482315     
   3.6120000000000001        1.2585403343696311     
   3.6160000000000001        1.2597102112371137     
   3.6200000000000001        1.2609261341744413     
   3.6240000000000001        1.2621906144461921     
   3.6280000000000001        1.2634987290558604     
   3.6320000000000001        1.2648414367631662     
   3.6360000000000001        1.2662086595335655     
   3.6400000000000001        1.2675909779149066     
   3.6440000000000001        1.2689797966955301     
   3.6480000000000001        1.2703667195318695     
   3.6520000000000001        1.2717435519240212     
   3.6560000000000001        1.2731044320565943     
   3.6600000000000001        1.2744502281105734     
   3.6640000000000001        1.2757918834788502     
   3.6680000000000001        1.2771483713040339     
   3.6720000000000002        1.2785409277926429     
   3.6760000000000002        1.2799885173256389     
   3.6800000000000002        1.2815059102957078     
   3.6840000000000002        1.2831032281650461     
   3.6880000000000002        1.2847857893586581     
   3.6920000000000002        1.2865538082355714     
   3.6960000000000002        1.2884024074863631     
   3.7000000000000002        1.2903226239245880     
   3.7040000000000002        1.2923034003339833     
   3.7080000000000002        1.2943338693203874     
   3.7120000000000002        1.2964052058084210     
   3.7160000000000002        1.2985116564546626     
   3.7200000000000002        1.3006507253771549     
   3.7240000000000002        1.3028228874207359     
   3.7280000000000002        1.3050311884934720     
   3.7320000000000002        1.3072805528292861     
   3.7360000000000002        1.3095762264161306     
   3.7400000000000002        1.3119211110036033     
   3.7440000000000002        1.3143129710862498     
   3.7480000000000002        1.3167434482011819     
   3.7520000000000002        1.3191994737849568     
   3.7560000000000002        1.3216655929535055     
   3.7600000000000002        1.3241256305319800     
   3.7640000000000002        1.3265631682456833     
   3.7680000000000002        1.3289615539567126     
   3.7720000000000002        1.3313049599043043     
   3.7760000000000002        1.3335807325015638     
   3.7800000000000002        1.3357815882981168     
   3.7840000000000003        1.3379068677346102     
   3.7880000000000003        1.3399628063184748     
   3.7920000000000003        1.3419611593070910     
   3.7960000000000003        1.3439159301376860     
   3.8000000000000003        1.3458395590048431     
   3.8040000000000003        1.3477406003119923     
   3.8080000000000003        1.3496238625836356     
   3.8120000000000003        1.3514921364533501     
   3.8160000000000003        1.3533473241646126     
   3.8200000000000003        1.3551894730586140     
   3.8240000000000003        1.3570147528827528     
   3.8280000000000003        1.3588146858079009     
   3.8320000000000003        1.3605775239505749     
   3.8360000000000003        1.3622908024885887     
   3.8400000000000003        1.3639434700086046     
   3.8440000000000003        1.3655266782058844     
   3.8480000000000003        1.3670337156348522     
   3.8520000000000003        1.3684602258009617     
   3.8560000000000003        1.3698050099309247     
   3.8600000000000003        1.3710705863371631     
   3.8640000000000003        1.3722626015957131     
   3.8680000000000003        1.3733880675392685     
   3.8720000000000003        1.3744533064149189     
   3.8760000000000003        1.3754628307674994     
   3.8800000000000003        1.3764200498182129     
   3.8840000000000003        1.3773296361083982     
   3.8880000000000003        1.3781999621039229     
   3.8920000000000003        1.3790439676431816     
   3.8960000000000004        1.3798785941951903     
   3.9000000000000004        1.3807236568163841     
